time (hr),demand (kW),solar capacity factor (-),wind capacity factor (-),dispatch natgas (kW),dispatch natgas ccs (kW),dispatch solar (kW),dispatch wind (kW),dispatch nuclear (kW),dispatch to storage (kW),dispatch from storage (kW),energy storage (kWh),dispatch to pgp storage (kW),dispatch pgp storage (kW),energy pgp storage (kWh),dispatch unmet demand (kW),cutailment solar (kW),cutailment wind (kW),cutailment nuclear (kW),price ($/kWh)
0.0,1.2116575452696388,0.002022982,0.270847194,0.0,0.0,0.003970780067682323,1.0435518673140758,0.0,0.0,0.1641348978878807,3.169660405207434,0.0,0.0,0.0,0.0,0.0,0.0,0.0,1.1664124209087822e-08
1.0,1.2096018486860602,0.0,0.274821448,0.0,0.0,0.0,1.0588643397145852,0.0,0.0,0.1507375089714751,3.005482331156412,0.0,0.0,0.0,0.0,0.0,0.0,0.0,1.1664283096452876e-08
2.0,1.1913018663909964,0.0,0.276146649,0.0,0.0,0.0,1.0639702297099474,0.0,0.0,0.12733163668104908,2.854703882406266,0.0,0.0,0.0,0.0,0.0,0.0,0.0,1.1664441985982278e-08
3.0,1.1677984021187497,0.0,0.273340059,0.0,0.0,0.0,1.0531566702558848,0.0,0.0,0.11464173186286498,2.7273333598053418,0.0,0.0,0.0,0.0,0.0,0.0,0.0,1.1664600877676052e-08
4.0,1.1480487254621414,0.0,0.262454067,0.0,0.0,0.0,1.011213842230256,0.0,0.0,0.13683488323188536,2.6126544770256492,0.0,0.0,0.0,0.0,0.0,2.220446049250313e-16,0.0,1.1664759771534232e-08
5.0,1.1281941226257464,0.0,0.252559161,0.0,0.0,0.0,0.9730895867018887,0.0,0.0,0.15510453592385767,2.4757840049982742,0.0,0.0,0.0,0.0,0.0,-1.1102230246251565e-16,0.0,1.1664918667556846e-08
6.0,1.1155580126885627,0.0,0.247681079,0.0,0.0,0.0,0.9542947396708681,0.0,0.0,0.1612632730176947,2.3206457446874356,0.0,0.0,0.0,0.0,0.0,0.0,0.0,1.1665077565743922e-08
7.0,1.1080311653018147,0.0,0.245285879,0.0,0.0,0.0,0.9450662319072223,0.0,0.0,0.16296493339459242,2.159350860529601,0.0,0.0,0.0,0.0,0.0,1.1102230246251565e-16,0.0,1.1665236466095491e-08
8.0,1.1010910479816296,0.0,0.242146792,0.0,0.0,0.0,0.9329715889754172,0.0,0.0,0.1681194590062124,1.9963565131053915,0.0,0.0,0.0,0.0,0.0,0.0,0.0,1.1665395368611584e-08
9.0,1.1046799516004602,0.0,0.240808832,0.0,0.0,0.0,0.9278165396069104,0.0,0.0,0.1768634119935498,1.8282098603296648,0.0,0.0,0.0,0.0,0.0,0.0,0.0,1.1665554273292228e-08
10.0,1.1162667997397757,0.0,0.241095621,0.0,0.0,0.0,0.9289215139359971,0.0,0.0,0.18734528580377857,1.6513215450098606,0.0,0.0,0.0,0.0,0.0,-1.1102230246251565e-16,0.0,1.1665713180137453e-08
11.0,1.1340400097852976,0.0,0.239250483,0.0,0.0,0.0,0.9218123496248757,0.0,0.0,0.21222766016042188,1.4639537653993924,0.0,0.0,0.0,0.0,0.0,0.0,0.0,1.1665872089147288e-08
12.0,1.156661237607092,0.0,0.233797563,0.0,0.0,0.0,0.900802699259754,0.0,0.0,0.255858538347338,1.2517061636999645,0.0,0.0,0.0,0.0,0.0,1.1102230246251565e-16,0.0,1.1666031000321765e-08
13.0,1.1776850178753973,0.0,0.228031707,0.0,0.0,0.0,0.8785873323342097,0.0,0.0,0.2990976855411875,0.9958305749867763,0.0,0.0,0.0,0.0,0.0,0.0,0.0,1.1666189913660912e-08
14.0,1.1889313912680575,0.073691983,0.222339816,0.0,0.0,0.14464521050824214,0.8566569464443778,0.0,0.0,0.18762923431543743,0.6967193245402454,0.0,0.0,0.0,0.0,-2.7755575615628914e-17,-1.1102230246251565e-16,0.0,1.166634882916476e-08
15.0,1.1938672044192535,0.392796165,0.197158781,0.0,0.0,0.7709940981402983,0.4228731062789551,0.0,0.0,0.0,0.509080599723185,0.0,0.0,0.0,0.0,1.1102230246251565e-16,0.33676339218857904,0.0,1.05e-08
16.0,1.1898971403922178,0.566870317,0.165461781,0.0,0.0,1.1126729529498336,0.3092248586722666,0.0,0.23200067122988227,0.0,0.5090736651799798,0.0,0.0,0.0,0.0,0.0,0.3282857168726388,0.0,1.05e-08
17.0,1.1807492905952939,0.584959422,0.144656312,0.0,0.0,1.1481788830946458,0.5573488219574007,0.0,0.5247784144567524,0.0,0.7178673348381288,0.0,0.0,0.0,0.0,0.0,0.0,0.0,1.0500143029798309e-08
18.0,1.1644086441064532,0.548865303,0.140981722,0.0,0.0,1.0773320795710586,0.5431909301975413,0.0,0.45611436566214675,0.0,1.190158129275731,0.0,0.0,0.0,0.0,0.0,0.0,0.0,1.050028606154495e-08
19.0,1.1518346333368983,0.529070696,0.14460458,0.0,0.0,1.0384785302447643,0.5571495028343091,0.0,0.4437933997421753,0.0,1.6006448463946736,0.0,0.0,0.0,0.0,2.220446049250313e-16,0.0,0.0,1.0500429095239959e-08
20.0,1.1426996316436218,0.545293524,0.149326342,0.0,0.0,1.0703212663955748,0.5753420618168941,0.0,0.5029636965688471,0.0,2.000037102658727,0.0,0.0,0.0,0.0,0.0,0.0,0.0,1.050057213088335e-08
21.0,1.1557918492602868,0.568797545,0.152196335,0.0,0.0,1.116455783705757,0.5863999077930584,0.0,0.5470638422385283,0.0,2.4526771856652885,0.0,0.0,0.0,0.0,0.0,0.0,0.0,1.050071516847516e-08
22.0,1.2064347911369846,0.499665692,0.157201758,0.0,0.0,0.9807613564027239,0.6056853891790935,0.0,0.38001195444483277,0.0,2.945001234047144,0.0,0.0,0.0,0.0,0.0,0.0,0.0,1.0500858208015414e-08
23.0,1.255651593508825,0.192462966,0.181682449,0.0,0.0,0.3777730642980614,0.7000074695702564,0.0,0.0,0.1778710596405072,3.2869718771241843,0.0,0.0,0.0,0.0,0.0,0.0,0.0,5.6225674529422145
24.0,1.2849324217211704,0.001861837,0.202969574,0.0,0.0,0.00365447900617675,0.7820250039424166,0.0,0.0,0.49925293877257704,3.1090560433388585,0.0,0.0,0.0,0.0,4.336808689942018e-19,0.0,0.0,5.622644042912574
25.0,1.2920374230381633,0.0,0.211225971,0.0,0.0,0.0,0.8138362196297252,0.0,0.0,0.47820120340843814,2.6097607539375756,0.0,0.0,0.0,0.0,0.0,1.1102230246251565e-16,0.0,5.6227206339262334
26.0,1.2783135069921694,0.0,0.211895965,0.0,0.0,0.0,0.8164176511722252,0.0,0.0,0.4618958558199442,2.131524001151076,0.0,0.0,0.0,0.0,0.0,0.0,0.0,5.622797225983207
27.0,1.2484545141156926,0.0,0.214355818,0.0,0.0,0.0,0.8258952616047267,0.0,0.0,0.42255925251096593,1.6695991103506451,0.0,0.0,0.0,0.0,0.0,0.0,0.0,5.622873819083508
28.0,1.2128866805185698,0.0,0.221920502,0.0,0.0,0.0,0.8550413642364597,0.0,0.0,0.3578453162821101,1.2470171150614775,0.0,0.0,0.0,0.0,0.0,0.0,0.0,5.6229504132271515
29.0,1.1863382156818976,0.0,0.228137587,0.0,0.0,0.0,0.8789952792288385,0.0,0.0,0.30734293645305893,0.8891548122863313,0.0,0.0,0.0,0.0,0.0,1.1102230246251565e-16,0.0,5.623027008414152
30.0,1.161374350295067,0.0,0.239214475,0.0,0.0,0.0,0.9216736137750288,0.0,0.0,0.23970073652003834,0.5817997640331659,0.0,0.0,0.0,0.0,0.0,0.0,0.0,5.623103604644522
31.0,1.1492864261135043,0.0,0.255139109,0.0,0.0,0.0,0.9830299132499023,0.0,0.0,0.16625651286360205,0.3420911024112819,0.0,0.0,0.0,0.0,0.0,0.0,0.0,5.623180201918278
32.0,1.14937208013782,0.0,0.27224264,0.0,0.0,0.0,1.0489284054924108,0.0,0.0,0.1004436746454093,0.1758299296853101,0.0,0.0,0.0,0.0,0.0,0.0,0.0,5.623256800235434
33.0,1.163723411911927,0.0,0.284032874,0.0,0.0,0.0,1.0943552032563555,0.0,0.0,0.06936820865557142,0.07538385993734763,0.0,0.0,0.0,0.0,0.0,0.0,0.0,5.623333399596003
34.0,1.197220559471216,0.0,0.297730735,0.0,0.0,0.0,1.1471319302870173,0.0,0.0,0.006014542496041773,0.006014624425451309,0.0,0.0,0.0,0.04407408668815698,0.0,0.0,0.0,5.62341
35.0,1.254034873799865,0.0,0.312481376,0.0,0.0,0.0,1.2039649317012004,0.0,0.0,0.0,0.0,0.0,0.0,0.0,0.05006994209866455,0.0,0.0,0.0,5.62341
36.0,1.309996930586572,0.0,0.324623704,0.0,0.0,0.0,1.2507483185652342,0.0,0.0,0.0,0.0,0.0,0.0,0.0,0.05924861202133789,0.0,0.0,0.0,5.62341
37.0,1.3374661761846387,0.0,0.341340376,0.0,0.0,0.0,1.3151562750341386,0.0,0.0,0.0,0.0,0.0,0.0,0.0,0.0223099011505,0.0,0.0,0.0,5.62341
38.0,1.340012242057425,0.086175999,0.350141382,0.0,0.0,0.16914927524901943,1.1708629668084056,0.0,0.0,0.0,0.0,0.0,0.0,0.0,0.0,2.7755575615628914e-17,0.17820285740696762,0.0,1.05e-08
39.0,1.3296117021548828,0.388952263,0.310976023,0.0,0.0,0.7634491523900524,0.5661625497648305,0.0,0.0,0.0,0.0,0.0,0.0,0.0,0.0,0.0,0.632002381165024,0.0,1.05e-08
40.0,1.3074872676741198,0.521500834,0.299015891,0.0,0.0,1.0236201394411362,0.28386712823298377,0.0,0.0,0.0,0.0,0.0,0.0,0.0,0.0,0.0,0.8682164019719926,0.0,1.05e-08
41.0,1.2786496990376088,0.533686072,0.320008689,0.0,0.0,1.0475377522376734,0.23111194679993544,0.0,0.0,0.0,0.0,0.0,0.0,0.0,0.0,2.220446049250313e-16,1.001855100156731,0.0,1.05e-08
42.0,1.2542040404978885,0.519153744,0.353195172,0.0,0.0,1.0190131888162386,0.2351908516816499,0.0,0.0,0.0,0.0,0.0,0.0,0.0,0.0,0.0,1.1256409731698054,0.0,1.05e-08
43.0,1.2337969692046569,0.511316552,0.376841343,0.0,0.0,1.0036300733064616,0.2301668958981953,0.0,0.0,0.0,0.0,0.0,0.0,0.0,0.0,2.220446049250313e-16,1.2217716727132784,0.0,1.05e-08
44.0,1.2222079797147334,0.52889684,0.392067702,0.0,0.0,1.0381372795863568,0.1840707001283766,0.0,0.0,0.0,0.0,0.0,0.0,0.0,0.0,0.0,1.3265337720583967,0.0,1.05e-08
45.0,1.2350518006608828,0.549670191,0.400366997,0.0,0.0,1.0789119419856112,0.1561398586752715,0.0,0.0,0.0,0.0,0.0,0.0,0.0,0.0,0.0,1.3864411116495639,0.0,1.05e-08
46.0,1.281516967501579,0.453002228,0.439513771,0.0,0.0,0.8891686715739849,0.39234829592759385,0.0,0.0,0.0,0.0,0.0,0.0,0.0,0.0,1.1102230246251565e-16,1.3010619612128254,0.0,1.05e-08
47.0,1.3319029473053297,0.122446832,0.497341583,0.0,0.0,0.24034293921371824,1.0915600080916112,0.0,0.0,0.0,0.0,0.0,0.0,0.0,0.0,0.0,0.8246560322805416,0.0,1.05e-08
48.0,1.3532586369178585,0.000871135,0.529499074,0.0,0.0,0.0017098943511412563,1.3515487425667172,0.0,0.0,0.0,0.0,0.0,0.0,0.0,0.0,0.0,0.6885674545158853,0.0,1.05e-08
49.0,1.3547532996421685,0.0,0.535884875,0.0,0.0,0.0,1.3547532996421685,0.0,0.0,0.0,0.0,0.0,0.0,0.0,0.0,0.0,0.7099668612453764,0.0,1.05e-08
50.0,1.3297808688529065,0.0,0.532856932,0.0,0.0,0.0,1.3297808688529065,0.0,0.0,0.0,0.0,0.0,0.0,0.0,0.0,0.0,0.7232728777546709,0.0,1.05e-08
51.0,1.287206536066754,0.0,0.531539156,0.0,0.0,0.0,1.287206536066754,0.0,0.0,0.0,0.0,0.0,0.0,0.0,0.0,0.0,0.760769928457179,0.0,1.05e-08
52.0,1.2421268230693652,0.0,0.526815984,0.0,0.0,0.0,1.2421268230693652,0.0,0.0,0.0,0.0,0.0,0.0,0.0,0.0,0.0,0.7876516498584445,0.0,1.05e-08
53.0,1.2038865839135906,0.0,0.525942978,0.0,0.0,0.0,1.2038865839135906,0.0,0.0,0.0,0.0,0.0,0.0,0.0,0.0,0.0,0.8225282690039029,0.0,1.05e-08
54.0,1.1788606193591311,0.0,0.530330582,0.0,0.0,0.0,1.1788606193591311,0.0,0.0,0.0,0.0,0.0,0.0,0.0,0.0,0.0,0.8644593093673987,0.0,1.05e-08
55.0,1.1633272620494666,0.0,0.529861155,0.0,0.0,0.0,1.1633272620494666,0.0,0.0,0.0,0.0,0.0,0.0,0.0,0.0,0.0,0.8781840032193287,0.0,1.05e-08
56.0,1.155344306983237,0.0,0.524244192,0.0,0.0,0.0,1.155344306983237,0.0,0.0,0.0,0.0,0.0,0.0,0.0,0.0,0.0,0.864525263790898,0.0,1.05e-08
57.0,1.1650232117309187,0.0,0.514228388,0.0,0.0,0.0,1.1650232117309187,0.0,0.0,0.0,0.0,0.0,0.0,0.0,0.0,0.0,0.8162562935066622,0.0,1.05e-08
58.0,1.1932183751850618,0.0,0.497980142,0.0,0.0,0.0,1.1932183751850618,0.0,0.0,0.0,0.0,0.0,0.0,0.0,0.0,0.0,0.7254579802710284,0.0,1.05e-08
59.0,1.2449062961584119,0.0,0.47871924,0.0,0.0,0.0,1.2449062961584119,0.0,0.0,0.0,0.0,0.0,0.0,0.0,0.0,0.0,0.5995593947845601,0.0,1.05e-08
60.0,1.2950288898373914,0.0,0.459722775,0.0,0.0,0.0,1.2950288898373914,0.0,0.0,0.0,0.0,0.0,0.0,0.0,0.0,0.0,0.47624499051175717,0.0,1.05e-08
61.0,1.3152839252374626,0.0,0.433833591,0.0,0.0,0.0,1.3152839252374626,0.0,0.0,0.0,0.0,0.0,0.0,0.0,0.0,0.0,0.3562410675288312,0.0,1.05e-08
62.0,1.3108470467779059,0.061014938,0.354665261,0.0,0.0,0.11976226167176611,1.1910847851061397,0.0,0.0,0.0,0.0,0.0,0.0,0.0,0.0,1.3877787807814457e-17,0.17541117123736227,0.0,1.05e-08
63.0,1.2919539103644555,0.424546101,0.288179064,0.0,0.0,0.8333139868091,0.49040781601443395,0.0,0.031767892459078406,0.0,0.0,0.0,0.0,0.0,0.0,0.0,0.6199223148490319,0.0,1.05e-08
64.0,1.2653604771650173,0.537881346,0.249260349,0.0,0.0,1.0557723832811856,0.7574167400711956,0.0,0.547828646187364,0.0,0.028591103213170568,0.0,0.0,0.0,0.0,0.0,0.20296279646669513,0.0,1.05e-08
65.0,1.234441515737633,0.541613463,0.221718316,0.0,0.0,1.0630979135102525,0.7191722484147445,0.0,0.547828646187364,0.0,0.5216364953223676,0.0,0.0,0.0,0.0,0.0,0.13509010986367398,0.0,1.05e-08
66.0,1.2038266260965695,0.511624405,0.205629316,0.0,0.0,1.0042343379791951,0.7474209343047384,0.0,0.547828646187364,0.0,1.014675171315147,0.0,0.0,0.0,0.0,2.220446049250313e-16,0.04485183587694619,0.0,1.05e-08
67.0,1.1782289209298022,0.493295468,0.199457562,0.0,0.0,0.9682576571676977,0.7577999099494686,0.0,0.547828646187364,0.0,1.5077071312829935,0.0,0.0,0.0,0.0,0.0,0.010693601838632216,0.0,1.05e-08
68.0,1.1658026633521923,0.498724734,0.193911704,0.0,0.0,0.9789144110166916,0.7347168985228647,0.0,0.547828646187364,0.0,2.0007323753173907,0.0,0.0,0.0,0.0,0.0,0.012408880462515204,0.0,1.05e-08
69.0,1.1712459765974592,0.488431454,0.191458978,0.0,0.0,0.95871039978225,0.7376756282952096,0.0,0.5251400514800003,0.0,2.493750903509822,0.0,0.0,0.0,0.0,0.0,0.0,0.0,1.0500858208015414e-08
70.0,1.2051863837325825,0.38571111,0.208776421,0.0,0.0,0.7570873035309381,0.8043983058052268,0.0,0.3562992256035824,0.0,2.9663429807151402,0.0,0.0,0.0,0.0,0.0,1.1102230246251565e-16,0.0,1.0501001249504134e-08
71.0,1.2505209174523104,0.093393891,0.230912133,0.0,0.0,0.18331680698399472,0.8896853757976395,0.0,0.0,0.17751873467067605,3.2869718771241843,0.0,0.0,0.0,0.0,0.0,1.1102230246251565e-16,0.0,5.622261103493492
72.0,1.2774398359441486,0.000681703,0.256885683,0.0,0.0,0.0013380705732820375,0.9897593186101152,0.0,0.0,0.2863424467607514,3.1094083683086895,0.0,0.0,0.0,0.0,0.0,0.0,0.0,5.622337689290794
73.0,1.2842771684351546,0.0,0.265720498,0.0,0.0,0.0,1.0237991310758277,0.0,0.0,0.2604780373593268,2.8230235661199674,0.0,0.0,0.0,0.0,0.0,0.0,0.0,5.622414276131339
74.0,1.267169918428688,0.0,0.262379618,0.0,0.0,0.0,1.0109269963825205,0.0,0.0,0.2562429220461675,2.5625070743805303,0.0,0.0,0.0,0.0,0.0,0.0,0.0,5.62249086401514
75.0,1.2323087305321703,0.0,0.263376006,0.0,0.0,0.0,1.0147659970478529,0.0,0.0,0.21754273348431738,2.3062292466317476,0.0,0.0,0.0,0.0,0.0,-2.220446049250313e-16,0.0,5.6225674529422145
76.0,1.1928050945177382,0.0,0.265807959,0.0,0.0,0.0,1.0241361110848106,0.0,0.0,0.1686689834329276,2.0886550983845016,0.0,0.0,0.0,0.0,0.0,0.0,0.0,5.622644042912574
77.0,1.157993157685202,0.0,0.265026025,0.0,0.0,0.0,1.0211233839682197,0.0,0.0,0.13686977371698242,1.9199576639184204,0.0,0.0,0.0,0.0,0.0,0.0,0.0,5.6227206339262334
78.0,1.1358987021129496,0.0,0.264021562,0.0,0.0,0.0,1.0172532709948583,0.0,0.0,0.11864543111809131,1.7830617371141275,0.0,0.0,0.0,0.0,0.0,2.220446049250313e-16,0.0,5.622797225983207
79.0,1.1240463264982554,0.0,0.265130411,0.0,0.0,0.0,1.0215255746042486,0.0,0.0,0.10252075189400683,1.6643920176639717,0.0,0.0,0.0,0.0,0.0,-2.220446049250313e-16,0.0,5.622873819083508
80.0,1.1216180349089033,0.0,0.264544134,0.0,0.0,0.0,1.0192666977479745,0.0,0.0,0.10235133716092872,1.5618485939212177,0.0,0.0,0.0,0.0,0.0,0.0,0.0,5.6229504132271515
81.0,1.130977878416009,0.0,0.258590864,0.0,0.0,0.0,0.996329240160266,0.0,0.0,0.13464863825574305,1.4594759817272973,0.0,0.0,0.0,0.0,0.0,0.0,0.0,5.623027008414152
82.0,1.157468526786268,0.0,0.254402685,0.0,0.0,0.0,0.9801925324043217,0.0,0.0,0.1772759943819464,1.3248074629275741,0.0,0.0,0.0,0.0,0.0,0.0,0.0,5.623103604644522
83.0,1.2152079045775273,0.0,0.252655598,0.0,0.0,0.0,0.9734611504974809,0.0,0.0,0.2417467540800464,1.1475134224158101,0.0,0.0,0.0,0.0,0.0,0.0,0.0,5.623180201918278
84.0,1.2762021352927857,0.0,0.250112999,0.0,0.0,0.0,0.9636647265615518,0.0,0.0,0.31253740873123387,0.9057510372521775,0.0,0.0,0.0,0.0,0.0,-1.1102230246251565e-16,0.0,5.623256800235434
85.0,1.3034229842203366,0.0,0.243633942,0.0,0.0,0.0,0.9387014550912763,0.0,0.0,0.3647215291290603,0.5932012906520395,0.0,0.0,0.0,0.0,0.0,0.0,0.0,5.623333399596003
86.0,1.3055322145691126,0.034497784,0.229856554,0.0,0.0,0.06771346116100399,0.885618317098307,0.0,0.0,0.22846856894025977,0.22847168111295837,0.0,0.0,0.0,0.12373186736954178,0.0,0.0,0.0,5.62341
87.0,1.2873564306093066,0.308243507,0.183661452,0.0,0.0,0.6050311735784584,0.7076324046695291,0.0,0.02530714763868091,0.0,0.0,0.0,0.0,0.0,0.0,0.0,1.1102230246251565e-16,0.0,5.060310707647994
88.0,1.2597629866759819,0.454263741,0.139433142,0.0,0.0,0.8916448135641372,0.5372243793656163,0.0,0.1691062062537716,0.0,0.022776432874812815,0.0,0.0,0.0,0.0,1.1102230246251565e-16,0.0,0.0,5.060379638621318
89.0,1.228891134961971,0.481205471,0.126447251,0.0,0.0,0.944526986748515,0.4871908139383627,0.0,0.20282666572490662,0.0,0.17497170824947156,0.0,0.0,0.0,0.0,0.0,0.0,0.0,5.060448570533611
90.0,1.201528956894299,0.463548594,0.128501078,0.0,0.0,0.909869448891471,0.4951040397293969,0.0,0.20344453172656898,0.0,0.35751332398976926,0.0,0.0,0.0,0.0,0.0,0.0,0.0,5.060517503384886
91.0,1.1784944484051811,0.453469252,0.13336268,0.0,0.0,0.8900853626717452,0.5138353906816164,0.0,0.22542630494818056,0.0,0.5406085326044361,0.0,0.0,0.0,0.0,1.1102230246251565e-16,0.0,0.0,5.060586437175157
92.0,1.164592800258732,0.464841476,0.134490775,0.0,0.0,0.9124071630557421,0.5181818475393443,0.0,0.26599621033635434,0.0,0.7434848430505501,0.0,0.0,0.0,0.0,0.0,1.1102230246251565e-16,0.0,5.060655371904437
93.0,1.1737085297965377,0.484298505,0.133746632,0.0,0.0,0.950598102436081,0.5153147260243298,0.0,0.29220429866387304,0.0,0.9828713048257824,0.0,0.0,0.0,0.0,1.1102230246251565e-16,0.0,0.0,5.060724307572737
94.0,1.2208139604689943,0.423451855,0.153232957,0.0,0.0,0.8311661623569094,0.5903939267371825,0.0,0.20074612862509753,0.0,1.2458417852452153,0.0,0.0,0.0,0.0,1.1102230246251565e-16,0.0,0.0,5.06079324418007
95.0,1.272007229451921,0.167208832,0.187258472,0.0,0.0,0.32820336376994075,0.7214914256264385,0.0,0.0,0.22231244005554168,1.426496330524757,0.0,0.0,0.0,0.0,0.0,0.0,0.0,5.623180201918278
96.0,1.2953201135200652,0.002138665,0.218050047,0.0,0.0,0.004197846720064646,0.8401288208094634,0.0,0.0,0.45099344599053715,1.2041644591641498,0.0,0.0,0.0,0.0,0.0,0.0,0.0,5.623256800235434
97.0,1.301110325563811,0.0,0.234428404,0.0,0.0,0.0,0.9032332775271746,0.0,0.0,0.39787704803663637,0.7531546104065994,0.0,0.0,0.0,0.0,0.0,1.1102230246251565e-16,0.0,5.623333399596003
98.0,1.28465832884336,0.0,0.237953088,0.0,0.0,0.0,0.9168135938508212,0.0,0.0,0.3552624637791836,0.3552673031238065,0.0,0.0,0.0,0.012582271213355102,0.0,0.0,0.0,5.62341
99.0,1.2503753056109737,0.0,0.240884905,0.0,0.0,0.0,0.9281096425925082,0.0,0.0,0.0,0.0,0.0,0.0,0.0,0.32226566301846543,0.0,1.1102230246251565e-16,0.0,5.62341
100.0,1.2103427559963915,0.0,0.24268664,0.0,0.0,0.0,0.9350515787295876,0.0,0.0,0.0,0.0,0.0,0.0,0.0,0.2752911772668041,0.0,0.0,0.0,5.62341
101.0,1.1775843743968262,0.0,0.241480911,0.0,0.0,0.0,0.9304060044821957,0.0,0.0,0.0,0.0,0.0,0.0,0.0,0.2471783699146305,0.0,0.0,0.0,5.62341
102.0,1.1544385156760977,0.0,0.241217958,0.0,0.0,0.0,0.9293928682923268,0.0,0.0,0.0,0.0,0.0,0.0,0.0,0.22504564738377086,0.0,0.0,0.0,5.62341
103.0,1.1439908660601819,0.0,0.241617612,0.0,0.0,0.0,0.9309327021441021,0.0,0.0,0.0,0.0,0.0,0.0,0.0,0.21305816391607985,0.0,0.0,0.0,5.62341
104.0,1.142530464945598,0.0,0.241052792,0.0,0.0,0.0,0.9287564973365442,0.0,0.0,0.0,0.0,0.0,0.0,0.0,0.21377396760905396,0.0,0.0,0.0,5.62341
105.0,1.1528988845890218,0.0,0.236505374,0.0,0.0,0.0,0.9112356713856664,0.0,0.0,0.0,0.0,0.0,0.0,0.0,0.24166321320335535,0.0,0.0,0.0,5.62341
106.0,1.1824687951334327,0.0,0.233989417,0.0,0.0,0.0,0.9015418968751876,0.0,0.0,0.0,0.0,0.0,0.0,0.0,0.280926898258245,0.0,0.0,0.0,5.62341
107.0,1.2350796382187854,0.0,0.235434467,0.0,0.0,0.0,0.9071095551683809,0.0,0.0,0.0,0.0,0.0,0.0,0.0,0.32797008305040454,0.0,-1.1102230246251565e-16,0.0,5.62341
108.0,1.2927055244278263,0.0,0.238115813,0.0,0.0,0.0,0.917440559835223,0.0,0.0,0.0,0.0,0.0,0.0,0.0,0.37526496459260317,0.0,1.1102230246251565e-16,0.0,5.62341
109.0,1.318189738012375,0.0,0.237044846,0.0,0.0,0.0,0.9133142124428932,0.0,0.0,0.0,0.0,0.0,0.0,0.0,0.4048755255694818,0.0,0.0,0.0,5.62341
110.0,1.3113202852622505,0.10701968,0.208291989,0.0,0.0,0.21006198384055846,0.8025318293218608,0.0,0.0,0.0,0.0,0.0,0.0,0.0,0.29872647209983116,0.0,0.0,0.0,5.62341
111.0,1.2865470000795225,0.354513862,0.165523207,0.0,0.0,0.6958522502655397,0.5906947498139827,0.0,0.0,0.0,0.0,0.0,0.0,0.0,0.0,0.0,0.04705249503531883,0.0,1.05e-08
112.0,1.254942806457612,0.477934297,0.133286299,0.0,0.0,0.938106211616991,0.316836594840621,0.0,0.0,0.0,0.0,0.0,0.0,0.0,0.0,0.0,0.19670450615683743,0.0,1.05e-08
113.0,1.2208118191183863,0.498637525,0.121284864,0.0,0.0,0.978743234130826,0.24206858498756031,0.0,0.0,0.0,0.0,0.0,0.0,0.0,0.0,-1.1102230246251565e-16,0.22523197823752414,0.0,1.05e-08
114.0,1.190055600337202,0.480220537,0.121080284,0.0,0.0,0.9425937237263119,0.24746187661089025,0.0,0.0,0.0,0.0,0.0,0.0,0.0,0.0,0.0,0.21905045677189017,0.0,1.05e-08
115.0,1.1638390448447533,0.467270356,0.12540752,0.0,0.0,0.9171746539631215,0.24666439088163195,0.0,0.0,0.0,0.0,0.0,0.0,0.0,0.0,0.0,0.23652042539240076,0.0,1.05e-08
116.0,1.1489095484065148,0.476767122,0.131900817,0.0,0.0,0.9358152395641022,0.21309430884241273,0.0,0.0,0.0,0.0,0.0,0.0,0.0,0.0,0.0,0.29510864444571394,0.0,1.05e-08
117.0,1.1609803417832145,0.47757392,0.145902318,0.0,0.0,0.9373988509936877,0.25923150057819944,0.0,0.03565000978867251,0.0,0.0,0.0,0.0,0.0,0.0,1.1102230246251565e-16,0.3029180795808333,0.0,1.05e-08
118.0,1.2012655707695281,0.40626808,0.17555905,0.0,0.0,0.7974372457093377,0.6764145189976942,0.0,0.2725861939375039,0.0,0.03208500880980527,0.0,0.0,0.0,0.0,1.1102230246251565e-16,0.0,0.0,1.0500143029798309e-08
119.0,1.2406385843968788,0.144109709,0.237800691,0.0,0.0,0.28286359446436005,0.9162264207973575,0.0,0.0,0.04154856913516131,0.27741214630119426,0.0,0.0,0.0,0.0,0.0,0.0,0.0,1.1666984512827723e-08
120.0,1.261159147272329,0.001120707,0.283779657,0.0,0.0,0.0021997630316592308,1.0933795790703222,0.0,0.0,0.16557980517034734,0.23585979834099974,0.0,0.0,0.0,0.0,0.0,0.0,0.0,1.1667143439155508e-08
121.0,1.2695725138107452,0.0,0.311269764,0.0,0.0,0.0,1.1992966907407268,0.0,0.0,0.07027582307001831,0.07027678035923733,0.0,0.0,0.0,0.0,0.0,2.220446049250313e-16,0.0,1.1667302367648169e-08
122.0,1.2544717093238753,0.0,0.330214917,0.0,0.0,0.0,1.2544717093238753,0.0,0.0,0.0,0.0,0.0,0.0,0.0,0.0,0.0,0.01781909111289237,0.0,1.05e-08
123.0,1.2293322531871973,0.0,0.343071489,0.0,0.0,0.0,1.2293322531871973,0.0,0.0,0.0,0.0,0.0,0.0,0.0,0.0,0.0,0.09249385725118664,0.0,1.05e-08
124.0,1.1951670042382454,0.0,0.346230855,0.0,0.0,0.0,1.1951670042382454,0.0,0.0,0.0,0.0,0.0,0.0,0.0,0.0,0.0,0.13883188244395872,0.0,1.05e-08
125.0,1.1670596361590262,0.0,0.342081107,0.0,0.0,0.0,1.1670596361590262,0.0,0.0,0.0,0.0,0.0,0.0,0.0,0.0,0.0,0.1509506142359478,0.0,1.05e-08
126.0,1.1440850854869293,0.0,0.335694613,0.0,0.0,0.0,1.1440850854869296,0.0,0.0,0.0,0.0,0.0,0.0,0.0,0.0,0.0,0.1493185310313423,0.0,1.05e-08
127.0,1.1318365600097744,0.0,0.32915923,0.0,0.0,0.0,1.1318365600097744,0.0,0.0,0.0,0.0,0.0,0.0,0.0,0.0,0.0,0.13638676561258123,0.0,1.05e-08
128.0,1.1297080575055276,0.0,0.324308171,0.0,0.0,0.0,1.1584171865845279,0.0,0.02870912907900013,0.0,0.0,0.0,0.0,0.0,0.0,0.0,0.09111540939378804,0.0,1.05e-08
129.0,1.133646001273445,0.0,0.316567041,0.0,0.0,0.0,1.2197066614824947,0.0,0.08606066020904957,0.0,0.025838216171100117,0.0,0.0,0.0,0.0,0.0,0.0,0.0,1.0500143029798309e-08
130.0,1.1489288205619859,0.0,0.310231967,0.0,0.0,0.0,1.1952981446186544,0.0,0.04636932405666846,0.0,0.10329245839881551,0.0,0.0,0.0,0.0,0.0,0.0,0.0,1.050028606154495e-08
131.0,1.1761196905810265,0.0,0.305794695,0.0,0.0,0.0,1.1782017021080464,0.0,0.0020820115270197754,0.0,0.14502344303093656,0.0,0.0,0.0,0.0,0.0,0.0,0.0,1.0500429095239959e-08
132.0,1.2106875134442625,0.0,0.302831287,0.0,0.0,0.0,1.1667839358526815,0.0,0.0,0.043903577591581054,0.14689527793942045,0.0,0.0,0.0,0.0,0.0,0.0,0.0,1.1667302367648169e-08
133.0,1.2345293111125566,0.0,0.299971768,0.0,0.0,0.0,1.155766445333396,0.0,0.0,0.07876286577916064,0.10298969938443187,0.0,0.0,0.0,0.0,0.0,0.0,0.0,1.1667461298305735e-08
134.0,1.2335571379365726,0.038004707,0.294513208,0.0,0.0,0.07459697270351733,1.1347350645141216,0.0,0.0,0.02422510071893361,0.024225430710483116,0.0,0.0,0.0,0.0,0.0,0.0,0.0,1.1667620231128236e-08
135.0,1.2141886216881697,0.179536006,0.266584722,0.0,0.0,0.3523995735286295,0.8617890481595402,0.0,0.0,0.0,0.0,0.0,0.0,0.0,0.0,5.551115123125783e-17,0.16533986660597055,0.0,1.05e-08
136.0,1.1838756624828193,0.291189951,0.244922736,0.0,0.0,0.571557855354221,0.6123178071285984,0.0,0.0,0.0,0.0,0.0,0.0,0.0,0.0,-1.1102230246251565e-16,0.3313492647941493,0.0,1.05e-08
137.0,1.15629720800375,0.349120272,0.247360745,0.0,0.0,0.685265522521422,0.471031685482328,0.0,0.0,0.0,0.0,0.0,0.0,0.0,0.0,0.0,0.48202883374517014,0.0,1.05e-08
138.0,1.1277915487114623,0.365344521,0.268102648,0.0,0.0,0.7171110478609033,0.41068050085055885,0.0,0.0,0.0,0.0,0.0,0.0,0.0,0.0,1.1102230246251565e-16,0.6222968574168054,0.0,1.05e-08
139.0,1.1065536333823676,0.370777513,0.296521928,0.0,0.0,0.7277751152334642,0.37877851814890356,0.0,0.0,0.0,0.0,0.0,0.0,0.0,0.0,-1.1102230246251565e-16,0.7636959786109554,0.0,1.05e-08
140.0,1.0935063841284682,0.359964548,0.327512352,0.0,0.0,0.7065510480422846,0.3869553360861836,0.0,0.0,0.0,0.0,0.0,0.0,0.0,0.0,0.0,0.8749227046293678,0.0,1.05e-08
141.0,1.1034358268972737,0.330577748,0.363343517,0.0,0.0,0.6488696056503271,0.4545662212469465,0.0,0.0,0.0,0.0,0.0,0.0,0.0,0.0,0.0,0.9453663386665727,0.0,1.05e-08
142.0,1.1467168053840313,0.265802565,0.437674909,0.0,0.0,0.5217266031239206,0.6249902022601106,0.0,0.0,0.0,0.0,0.0,0.0,0.0,0.0,0.0,1.0613350714788086,0.0,1.05e-08
143.0,1.1907408325317281,0.102183016,0.555511349,0.0,0.0,0.20056840999497969,0.9901724225367483,0.0,0.0,0.0,0.0,0.0,0.0,0.0,0.0,0.0,1.1501669215847607,0.0,1.05e-08
144.0,1.209404844430134,0.002009339,0.624170408,0.0,0.0,0.0039440011084709275,1.2054608433216631,0.0,0.0,0.0,0.0,0.0,0.0,0.0,0.0,0.0,1.1994161840939817,0.0,1.05e-08
145.0,1.2210452263346467,0.0,0.650614646,0.0,0.0,0.0,1.2210452263346467,0.0,0.0,0.0,0.0,0.0,0.0,0.0,0.0,0.0,1.285719265880053,0.0,1.05e-08
146.0,1.2168910061553322,0.0,0.65984612,0.0,0.0,0.0,1.2168910061553322,0.0,0.0,0.0,0.0,0.0,0.0,0.0,0.0,0.0,1.3254415928892334,0.0,1.05e-08
147.0,1.1950021202414376,0.0,0.667857441,0.0,0.0,0.0,1.1950021202414376,0.0,0.0,0.0,0.0,0.0,0.0,0.0,0.0,0.0,1.378197436904981,0.0,1.05e-08
148.0,1.1677405856523364,0.0,0.670344168,0.0,0.0,0.0,1.1677405856523364,0.0,0.0,0.0,0.0,0.0,0.0,0.0,0.0,0.0,1.4150401252288713,0.0,1.05e-08
149.0,1.1325496297622033,0.0,0.667859047,0.0,0.0,0.0,1.1325496297622033,0.0,0.0,0.0,0.0,0.0,0.0,0.0,0.0,0.0,1.4406561151695643,0.0,1.05e-08
150.0,1.1090247519838776,0.0,0.664076129,0.0,0.0,0.0,1.1090247519838776,0.0,0.0,0.0,0.0,0.0,0.0,0.0,0.0,0.0,1.4496057223515995,0.0,1.05e-08
151.0,1.0960267537939596,0.0,0.658254342,0.0,0.0,0.0,1.0960267537939596,0.0,0.0,0.0,0.0,0.0,0.0,0.0,0.0,0.0,1.4401728560927067,0.0,1.05e-08
152.0,1.092133778388808,0.0,0.651227697,0.0,0.0,0.0,1.092133778388808,0.0,0.0,0.0,0.0,0.0,0.0,0.0,0.0,0.0,1.4169927486927136,0.0,1.05e-08
153.0,1.0859538405344253,0.0,0.647799107,0.0,0.0,0.0,1.0859538405344253,0.0,0.0,0.0,0.0,0.0,0.0,0.0,0.0,0.0,1.4099626124683728,0.0,1.05e-08
154.0,1.095414327520102,0.0,0.648622924,0.0,0.0,0.0,1.095414327520102,0.0,0.0,0.0,0.0,0.0,0.0,0.0,0.0,0.0,1.4036762243388763,0.0,1.05e-08
155.0,1.1112988663294612,0.0,0.649789572,0.0,0.0,0.0,1.1112988663294612,0.0,0.0,0.0,0.0,0.0,0.0,0.0,0.0,0.0,1.3922866839118826,0.0,1.05e-08
156.0,1.1317894502964008,0.0,0.653148725,0.0,0.0,0.0,1.131789450296401,0.0,0.0,0.0,0.0,0.0,0.0,0.0,0.0,0.0,1.3847386389979546,0.0,1.05e-08
157.0,1.1496183354577278,0.0,0.647813495,0.0,0.0,0.0,1.1496183354577278,0.0,0.0,0.0,0.0,0.0,0.0,0.0,0.0,0.0,1.3463535533206643,0.0,1.05e-08
158.0,1.1474855502522652,0.018792915,0.600255911,0.0,0.0,0.036887393113556204,1.110598157138709,0.0,0.0,0.0,0.0,0.0,0.0,0.0,0.0,0.0,1.2021382886018424,0.0,1.05e-08
159.0,1.1302134162489907,0.305309034,0.510907025,0.0,0.0,0.5992712869865103,0.5309421292624803,0.0,0.0,0.0,0.0,0.0,0.0,0.0,0.0,1.1102230246251565e-16,1.4375404386707473,0.0,1.05e-08
160.0,1.1084958383837276,0.504861576,0.4853235,0.0,0.0,0.9909600198714001,0.11753581851232739,0.0,0.0,0.0,0.0,0.0,0.0,0.0,0.0,0.0,1.7523755407185266,0.0,1.05e-08
161.0,1.0877568577462724,0.549568221,0.501455613,0.0,0.0,1.078711791690897,0.009045066055375243,0.0,0.0,0.0,0.0,0.0,0.0,0.0,0.0,0.0,1.9230219921002079,0.0,1.05e-08
162.0,1.0673347969987854,0.525620933,0.525413804,0.0,0.0,1.0317072143563246,0.03562758264246082,0.0,0.0,0.0,0.0,0.0,0.0,0.0,0.0,0.0,1.9887484065612222,0.0,1.05e-08
163.0,1.0551098263783174,0.5135283,0.53317973,0.0,0.0,1.0079713699038295,0.047138456474487916,0.0,0.0,0.0,0.0,0.0,0.0,0.0,0.0,0.0,2.0071590041649405,0.0,1.05e-08
164.0,1.054548792519049,0.537353141,0.517229989,0.0,0.0,1.054548792519049,0.0,0.0,0.0,0.0,0.0,0.0,0.0,0.0,0.0,0.00018681145038268454,1.992844425967318,0.0,1e-08
165.0,1.0678615692483273,0.573103007,0.516886587,0.0,0.0,1.0678615692483273,0.0,0.0,0.0,0.0,0.0,0.0,0.0,0.0,0.0,0.0570451263744729,1.991521326425296,0.0,1e-08
166.0,1.1076435808417857,0.482545587,0.566926518,0.0,0.0,0.9471574134656989,0.16048616737608667,0.0,0.0,0.0,0.0,0.0,0.0,0.0,0.0,0.0,2.023834880043615,0.0,1.05e-08
167.0,1.145746773558655,0.167945568,0.603847845,0.0,0.0,0.3296494550470475,0.8160973185116075,0.0,0.0,0.0,0.0,0.0,0.0,0.0,0.0,0.0,1.5104785522479416,0.0,1.05e-08
168.0,1.1561066277996472,0.001626354,0.605923298,0.0,0.0,0.0031922647093228797,1.1529143630903242,0.0,0.0,0.0,0.0,0.0,0.0,0.0,0.0,0.0,1.1816580566520163,0.0,1.05e-08
169.0,1.156656954905876,0.0,0.600189318,0.0,0.0,0.0,1.156656954905876,0.0,0.0,0.0,0.0,0.0,0.0,0.0,0.0,0.0,1.155822913506058,0.0,1.05e-08
170.0,1.1314318447448823,0.0,0.589255132,0.0,0.0,0.0,1.1314318447448823,0.0,0.0,0.0,0.0,0.0,0.0,0.0,0.0,0.0,1.1389195081401031,0.0,1.05e-08
171.0,1.0911401917067451,0.0,0.587717746,0.0,0.0,0.0,1.0911401917067451,0.0,0.0,0.0,0.0,0.0,0.0,0.0,0.0,0.0,1.173287739903725,0.0,1.05e-08
172.0,1.0490626522616242,0.0,0.59649721,0.0,0.0,0.0,1.0490626522616242,0.0,0.0,0.0,0.0,0.0,0.0,0.0,0.0,0.0,1.249191828983385,0.0,1.05e-08
173.0,1.0103770121794076,0.0,0.599096947,0.0,0.0,0.0,1.0103770121794076,0.0,0.0,0.0,0.0,0.0,0.0,0.0,0.0,0.0,1.297894040996103,0.0,1.05e-08
174.0,0.9840662372602115,0.0,0.597369853,0.0,0.0,0.0,0.9840662372602115,0.0,0.0,0.0,0.0,0.0,0.0,0.0,0.0,0.0,1.3175504653860965,0.0,1.05e-08
175.0,0.9682502216703048,0.0,0.588646182,0.0,0.0,0.0,0.9682502216703048,0.0,0.0,0.0,0.0,0.0,0.0,0.0,0.0,0.0,1.2997548971621289,0.0,1.05e-08
176.0,0.9618390179502696,0.0,0.571310334,0.0,0.0,0.0,0.9618390179502696,0.0,0.0,0.0,0.0,0.0,0.0,0.0,0.0,0.0,1.2393725104273448,0.0,1.05e-08
177.0,0.9701153380497808,0.0,0.549547241,0.0,0.0,0.0,0.9701153380497808,0.0,0.0,0.0,0.0,0.0,0.0,0.0,0.0,0.0,1.147244790565206,0.0,1.05e-08
178.0,0.998871535363192,0.0,0.519413822,0.0,0.0,0.0,0.9988715353631918,0.0,0.0,0.0,0.0,0.0,0.0,0.0,0.0,0.0,1.0023870187750537,0.0,1.05e-08
179.0,1.0587308502562665,0.0,0.482561166,0.0,0.0,0.0,1.0587308502562665,0.0,0.0,0.0,0.0,0.0,0.0,0.0,0.0,0.0,0.8005374642331118,0.0,1.05e-08
180.0,1.1172775172267018,0.0,0.450915597,0.0,0.0,0.0,1.1172775172267018,0.0,0.0,0.0,0.0,0.0,0.0,0.0,0.0,0.0,0.620063033735001,0.0,1.05e-08
181.0,1.1426760767869348,3.57e-07,0.419030209,0.0,0.0,7.007321291848319e-07,1.1426753760548056,0.0,0.0,0.0,0.0,0.0,0.0,0.0,0.0,-1.0587911840678754e-22,0.47181340858055365,0.0,1.05e-08
182.0,1.1424662244273613,0.055388893,0.348971811,0.0,0.0,0.10871926309546451,1.0337469613318968,0.0,0.0,0.0,0.0,0.0,0.0,0.0,0.0,0.0,0.31081260242354203,0.0,1.05e-08
183.0,1.1330442817526267,0.241347803,0.270079706,0.0,0.0,0.47372593801196455,0.6593183437406621,0.0,0.0,0.0,0.0,0.0,0.0,0.0,0.0,0.0,0.38127645570162627,0.0,1.05e-08
184.0,1.1185751756950857,0.32617064,0.21294865,0.0,0.0,0.6402191793971409,0.47835599629794484,0.0,0.0,0.0,0.0,0.0,0.0,0.0,0.0,0.0,0.34211756323064874,0.0,1.05e-08
185.0,1.1006477884057955,0.356943815,0.203618161,0.0,0.0,0.7006218472949768,0.40002594111081863,0.0,0.0,0.0,0.0,0.0,0.0,0.0,0.0,0.0,0.3844980149712521,0.0,1.05e-08
186.0,1.0864570579272805,0.360019969,0.21251654,0.0,0.0,0.7066598303261264,0.37979722760115403,0.0,0.0,0.0,0.0,0.0,0.0,0.0,0.0,1.1102230246251565e-16,0.4390114477884329,0.0,1.05e-08
187.0,1.075925895637657,0.362993106,0.21772132,0.0,0.0,0.7124956079742166,0.3634302876634403,0.0,0.0,0.0,0.0,0.0,0.0,0.0,0.0,1.1102230246251565e-16,0.47543197516688984,0.0,1.05e-08
188.0,1.0687737846072902,0.364937777,0.216409273,0.0,0.0,0.7163126764627153,0.35246110814457493,0.0,0.0,0.0,0.0,0.0,0.0,0.0,0.0,0.0,0.4813459459659121,0.0,1.05e-08
189.0,1.0708144917366134,0.33942422,0.250935749,0.0,0.0,0.6662337713655485,0.40458072037106496,0.0,0.0,0.0,0.0,0.0,0.0,0.0,0.0,-1.1102230246251565e-16,0.5622539939837982,0.0,1.05e-08
190.0,1.0977933680454723,0.258689935,0.324254464,0.0,0.0,0.5077656833367948,0.5900276847086775,0.0,0.0,0.0,0.0,0.0,0.0,0.0,0.0,0.0,0.659297982634676,0.0,1.05e-08
191.0,1.1270592068035625,0.060228522,0.400752001,0.0,0.0,0.1182186567471022,1.0088405500564603,0.0,0.0,0.0,0.0,0.0,0.0,0.0,0.0,0.0,0.5352238088801966,0.0,1.05e-08
192.0,1.1376931539223651,0.000152703,0.450400032,0.0,0.0,0.00029973080762720275,1.137393423114738,0.0,0.0,0.0,0.0,0.0,0.0,0.0,0.0,0.0,0.5979606984860915,0.0,1.05e-08
193.0,1.1258964534234759,0.0,0.475413345,0.0,0.0,0.0,1.1258964534234759,0.0,0.0,0.0,0.0,0.0,0.0,0.0,0.0,0.0,0.7058318971415327,0.0,1.05e-08
194.0,1.093671268125276,0.0,0.478795799,0.0,0.0,0.0,1.093671268125276,0.0,0.0,0.0,0.0,0.0,0.0,0.0,0.0,0.0,0.7510893983211515,0.0,1.05e-08
195.0,1.050221122940495,0.0,0.475067569,0.0,0.0,0.0,1.050221122940495,0.0,0.0,0.0,0.0,0.0,0.0,0.0,0.0,0.0,0.7801749812565768,0.0,1.05e-08
196.0,1.0000706917036126,0.0,0.466557247,0.0,0.0,0.0,1.0000706917036126,0.0,0.0,0.0,0.0,0.0,0.0,0.0,0.0,0.0,0.7975358447545957,0.0,1.05e-08
197.0,0.9548153879563767,0.0,0.456719728,0.0,0.0,0.0,0.9548153879563767,0.0,0.0,0.0,0.0,0.0,0.0,0.0,0.0,0.0,0.80488800034447,0.0,1.05e-08
198.0,0.9199263625019565,0.0,0.448223856,0.0,0.0,0.0,0.9199263625019565,0.0,0.0,0.0,0.0,0.0,0.0,0.0,0.0,0.0,0.8070431327165,0.0,1.05e-08
199.0,0.9007998188722455,0.0,0.439931079,0.0,0.0,0.0,0.9007998188722455,0.0,0.0,0.0,0.0,0.0,0.0,0.0,0.0,0.0,0.7942182915237816,0.0,1.05e-08
200.0,0.8939496382775919,0.0,0.432666724,0.0,0.0,0.0,0.8939496382775919,0.0,0.0,0.0,0.0,0.0,0.0,0.0,0.0,0.0,0.7730795123174251,0.0,1.05e-08
201.0,0.9005899665126719,0.0,0.431689237,0.0,0.0,0.0,0.9005899665126719,0.0,0.0,0.0,0.0,0.0,0.0,0.0,0.0,0.0,0.7626730074088471,0.0,1.05e-08
202.0,0.928821532927149,0.0,0.436145968,0.0,0.0,0.0,0.928821532927149,0.0,0.0,0.0,0.0,0.0,0.0,0.0,0.0,0.0,0.7516128574247227,0.0,1.05e-08
203.0,0.9939100260047011,0.0,0.441138472,0.0,0.0,0.0,0.9939100260047011,0.0,0.0,0.0,0.0,0.0,0.0,0.0,0.0,0.0,0.7057600698932762,0.0,1.05e-08
204.0,1.0575359766170616,0.0,0.444761864,0.0,0.0,0.0,1.0575359766170616,0.0,0.0,0.0,0.0,0.0,0.0,0.0,0.0,0.0,0.6560947493755769,0.0,1.05e-08
205.0,1.0786047252481326,6.65e-07,0.441191971,0.0,0.0,1.305285338677628e-06,1.0786034199627939,0.0,0.0,0.0,0.0,0.0,0.0,0.0,0.0,0.0,0.6212728031633263,0.0,1.05e-08
206.0,1.0739451463253546,0.053250399,0.385518656,0.0,0.0,0.10452175202020124,0.9694233943051533,0.0,0.0,0.0,0.0,0.0,0.0,0.0,0.0,0.0,0.5159481445752265,0.0,1.05e-08
207.0,1.0617394478603577,0.26729185,0.286679194,0.0,0.0,0.5246498239895033,0.5370896238708543,0.0,0.0,0.0,0.0,0.0,0.0,0.0,0.0,0.0,0.5674616317673865,0.0,1.05e-08
208.0,1.045525141057383,0.380156947,0.236586757,0.0,0.0,0.7461853974669896,0.29933974359039334,0.0,0.0,0.0,0.0,0.0,0.0,0.0,0.0,0.0,0.6122094897722807,0.0,1.05e-08
209.0,1.0285463720873897,0.408834255,0.260611519,0.0,0.0,0.802474224061189,0.2260721480262008,0.0,0.0,0.0,0.0,0.0,0.0,0.0,0.0,1.1102230246251565e-16,0.7780425089490076,0.0,1.05e-08
210.0,1.01360831024672,0.399866984,0.300134002,0.0,0.0,0.7848729498292355,0.2287353604174845,0.0,0.0,0.0,0.0,0.0,0.0,0.0,0.0,0.0,0.9276561591178685,0.0,1.05e-08
211.0,0.9999871790299049,0.399842667,0.325363985,0.0,0.0,0.784825219568212,0.21516195946169286,0.0,0.0,0.0,0.0,0.0,0.0,0.0,0.0,0.0,1.0384386006515454,0.0,1.05e-08
212.0,0.9944132433975562,0.409631408,0.350961769,0.0,0.0,0.804038903946276,0.19037433945128016,0.0,0.0,0.0,0.0,0.0,0.0,0.0,0.0,1.1102230246251565e-16,1.161852368113581,0.0,1.05e-08
213.0,1.0020964093786806,0.401326934,0.402196305,0.0,0.0,0.7877385909272843,0.21435781845139637,0.0,0.0,0.0,0.0,0.0,0.0,0.0,0.0,1.1102230246251565e-16,1.3352713245020709,0.0,1.05e-08
214.0,1.0324457715443651,0.318471771,0.506136761,0.0,0.0,0.6251075691263144,0.4073382024180508,0.0,0.0,0.0,0.0,0.0,0.0,0.0,0.0,-1.1102230246251565e-16,1.5427649323327124,0.0,1.05e-08
215.0,1.0706496077398056,0.105939759,0.616927922,0.0,0.0,0.20794227700111473,0.8627073307386908,0.0,0.0,0.0,0.0,0.0,0.0,0.0,0.0,-2.7755575615628914e-17,1.5142649963266301,0.0,1.05e-08
216.0,1.0875427226854828,0.002321028,0.683578681,0.0,0.0,0.004555795216631966,1.0829869274688508,0.0,0.0,0.0,0.0,0.0,0.0,0.0,0.0,0.0,1.5507852688701773,0.0,1.05e-08
217.0,1.085437775037923,0.0,0.719969926,0.0,0.0,0.0,1.085437775037923,0.0,0.0,0.0,0.0,0.0,0.0,0.0,0.0,0.0,1.6885468824781409,0.0,1.05e-08
218.0,1.0602490678372634,0.0,0.731281879,0.0,0.0,0.0,1.0602490678372634,0.0,0.0,0.0,0.0,0.0,0.0,0.0,0.0,0.0,1.757319610254325,0.0,1.05e-08
219.0,1.015160789437443,0.0,0.721811265,0.0,0.0,0.0,1.015160789437443,0.0,0.0,0.0,0.0,0.0,0.0,0.0,0.0,0.0,1.7659183951565283,0.0,1.05e-08
220.0,0.9701089139979571,0.0,0.703389894,0.0,0.0,0.0,0.9701089139979571,0.0,0.0,0.0,0.0,0.0,0.0,0.0,0.0,0.0,1.7399942496831469,0.0,1.05e-08
221.0,0.9271577035048152,0.0,0.687801017,0.0,0.0,0.0,0.9271577035048152,0.0,0.0,0.0,0.0,0.0,0.0,0.0,0.0,0.0,1.7228828046898914,0.0,1.05e-08
222.0,0.8952944064593494,0.0,0.677627469,0.0,0.0,0.0,0.8952944064593494,0.0,0.0,0.0,0.0,0.0,0.0,0.0,0.0,0.0,1.7155482615959858,0.0,1.05e-08
223.0,0.8751228837329861,0.0,0.665965859,0.0,0.0,0.0,0.8751228837329861,0.0,0.0,0.0,0.0,0.0,0.0,0.0,0.0,0.0,1.6907885642064469,0.0,1.05e-08
224.0,0.8662855297742067,0.0,0.649695207,0.0,0.0,0.0,0.8662855297742067,0.0,0.0,0.0,0.0,0.0,0.0,0.0,0.0,0.0,1.6369364399164041,0.0,1.05e-08
225.0,0.8702898554109689,0.0,0.638168034,0.0,0.0,0.0,0.8702898554109689,0.0,0.0,0.0,0.0,0.0,0.0,0.0,0.0,0.0,1.5885188688206453,0.0,1.05e-08
226.0,0.8960995542879177,0.0,0.634035954,0.0,0.0,0.0,0.8960995542879177,0.0,0.0,0.0,0.0,0.0,0.0,0.0,0.0,0.0,1.5467886070011425,0.0,1.05e-08
227.0,0.9580488273742969,0.0,0.630904887,0.0,0.0,0.0,0.9580488273742969,0.0,0.0,0.0,0.0,0.0,0.0,0.0,0.0,0.0,1.4727755913805303,0.0,1.05e-08
228.0,1.018846053833629,0.0,0.635071606,0.0,0.0,0.0,1.018846053833629,0.0,0.0,0.0,0.0,0.0,0.0,0.0,0.0,0.0,1.4280323890696747,0.0,1.05e-08
229.0,1.0384051502861347,6.31e-07,0.637666359,0.0,0.0,1.2385489454219296e-06,1.0384039117371893,0.0,0.0,0.0,0.0,0.0,0.0,0.0,0.0,0.0,1.4184719001562793,0.0,1.05e-08
230.0,1.0411482204148472,0.041113432,0.606753544,0.0,0.0,0.08069888723657086,0.9604493331782764,0.0,0.0,0.0,0.0,0.0,0.0,0.0,0.0,1.3877787807814457e-17,1.3773219558262284,0.0,1.05e-08
231.0,1.0360753608247457,0.251922503,0.570254832,0.0,0.0,0.49448233029905375,0.541593030525692,0.0,0.0,0.0,0.0,0.0,0.0,0.0,0.0,5.551115123125783e-17,1.6555517358272303,0.0,1.05e-08
232.0,1.020893185014776,0.389161241,0.590861061,0.0,0.0,0.7638593417426932,0.2570338432720828,0.0,0.0,0.0,0.0,0.0,0.0,0.0,0.0,0.0,2.019505021404972,0.0,1.05e-08
233.0,1.0087453030161921,0.447454534,0.621339323,0.0,0.0,0.878279463090271,0.13046583992592115,0.0,0.0,0.0,0.0,0.0,0.0,0.0,0.0,0.0,2.263503250823875,0.0,1.05e-08
234.0,0.9983190669063553,0.449293539,0.656138089,0.0,0.0,0.8818891266455415,0.11642994026081384,0.0,0.0,0.0,0.0,0.0,0.0,0.0,0.0,0.0,2.411615921613019,0.0,1.05e-08
235.0,0.9877300881503184,0.451183123,0.68562446,0.0,0.0,0.8855980684371201,0.10213201971319824,0.0,0.0,0.0,0.0,0.0,0.0,0.0,0.0,1.1102230246251565e-16,2.539522394137605,0.0,1.05e-08
236.0,0.9826315323529223,0.462283909,0.710651692,0.0,0.0,0.9073870807883951,0.07524445156452722,0.0,0.0,0.0,0.0,0.0,0.0,0.0,0.0,0.0,2.6628378200077876,0.0,1.05e-08
237.0,0.9871155205258528,0.463960863,0.736134144,0.0,0.0,0.9106786649535632,0.07643685557228955,0.0,0.0,0.0,0.0,0.0,0.0,0.0,0.0,1.1102230246251565e-16,2.759827198781726,0.0,1.05e-08
238.0,1.012959481012528,0.400081781,0.765704552,0.0,0.0,0.7852945609192987,0.22766492009322925,0.0,0.0,0.0,0.0,0.0,0.0,0.0,0.0,0.0,2.7225314738575523,0.0,1.05e-08
239.0,1.0419126825818654,0.184544758,0.802528449,0.0,0.0,0.36223092774016674,0.6796817548416987,0.0,0.0,0.0,0.0,0.0,0.0,0.0,0.0,5.551115123125783e-17,2.4123940727063573,0.0,1.05e-08
240.0,1.0531676213769574,0.003313346,0.807242151,0.0,0.0,0.006503551813182201,1.0466640695637752,0.0,0.0,0.0,0.0,0.0,0.0,0.0,0.0,8.673617379884035e-19,2.063573262452598,0.0,1.05e-08
241.0,1.0486900572558506,0.0,0.798728779,0.0,0.0,0.0,1.0486900572558506,0.0,0.0,0.0,0.0,0.0,0.0,0.0,0.0,0.0,2.02874595562358,0.0,1.05e-08
242.0,1.0214499361728284,0.0,0.787579733,0.0,0.0,0.0,1.0214499361728284,0.0,0.0,0.0,0.0,0.0,0.0,0.0,0.0,0.0,2.013029723346447,0.0,1.05e-08
243.0,0.9752160351977848,0.0,0.781514041,0.0,0.0,0.0,0.9752160351977848,0.0,0.0,0.0,0.0,0.0,0.0,0.0,0.0,0.0,2.035893014053503,0.0,1.05e-08
244.0,0.9244767325437316,0.0,0.77793564,0.0,0.0,0.0,0.9244767325437316,0.0,0.0,0.0,0.0,0.0,0.0,0.0,0.0,0.0,2.072845033219773,0.0,1.05e-08
245.0,0.8784869455379879,0.0,0.77451973,0.0,0.0,0.0,0.8784869455379879,0.0,0.0,0.0,0.0,0.0,0.0,0.0,0.0,0.0,2.105673601139463,0.0,1.05e-08
246.0,0.8400968118396607,0.0,0.770736443,0.0,0.0,0.0,0.8400968118396607,0.0,0.0,0.0,0.0,0.0,0.0,0.0,0.0,0.0,2.1294870425149783,0.0,1.05e-08
247.0,0.8171629468291137,0.0,0.765092151,0.0,0.0,0.0,0.8171629468291137,0.0,0.0,0.0,0.0,0.0,0.0,0.0,0.0,0.0,2.1306739166511584,0.0,1.05e-08
248.0,0.8070643373622848,0.0,0.756019065,0.0,0.0,0.0,0.8070643373622848,0.0,0.0,0.0,0.0,0.0,0.0,0.0,0.0,0.0,2.105814675169747,0.0,1.05e-08
249.0,0.8096446648447972,0.0,0.750324047,0.0,0.0,0.0,0.8096446648447972,0.0,0.0,0.0,0.0,0.0,0.0,0.0,0.0,0.0,2.081291913724683,0.0,1.05e-08
250.0,0.8349168847191646,0.0,0.746320753,0.0,0.0,0.0,0.8349168847191646,0.0,0.0,0.0,0.0,0.0,0.0,0.0,0.0,0.0,2.040595332728423,0.0,1.05e-08
251.0,0.892572749836716,0.0,0.742740299,0.0,0.0,0.0,0.892572749836716,0.0,0.0,0.0,0.0,0.0,0.0,0.0,0.0,0.0,1.9691442740836609,0.0,1.05e-08
252.0,0.9512093535326829,0.0,0.732633758,0.0,0.0,0.0,0.9512093535326829,0.0,0.0,0.0,0.0,0.0,0.0,0.0,0.0,0.0,1.871568002684744,0.0,1.05e-08
253.0,0.9782139260488366,1.52e-06,0.716597616,0.0,0.0,2.983509345548864e-06,0.978210942539491,0.0,0.0,0.0,0.0,0.0,0.0,0.0,0.0,0.0,1.7827804830892897,0.0,1.05e-08
254.0,0.9919935172106358,0.043448607,0.668030315,0.0,0.0,0.0852824506813025,0.9067110665293332,0.0,0.0,0.0,0.0,0.0,0.0,0.0,0.0,0.0,1.6671545598602102,0.0,1.05e-08
255.0,0.9946873362753667,0.39885114,0.651484107,0.0,0.0,0.7828790155742226,0.21180832070114416,0.0,0.0,0.0,0.0,0.0,0.0,0.0,0.0,0.0,2.2983061329316783,0.0,1.05e-08
256.0,0.9903318291389098,0.578565017,0.669464767,0.0,0.0,0.9903318291389098,0.0,0.0,0.0,0.0,0.0,0.0,0.0,0.0,0.0,0.14529589140525934,2.5793924514641,0.0,1e-08
257.0,0.9859334949902951,0.59371949,0.678871696,0.0,0.0,0.9859334949902951,0.0,0.0,0.0,0.0,0.0,0.0,0.0,0.0,0.0,0.17943995701595838,2.615636571916907,0.0,1e-08
258.0,0.9826893488193355,0.564848336,0.683484776,0.0,0.0,0.9826893488193355,0.0,0.0,0.0,0.0,0.0,0.0,0.0,0.0,0.0,0.12601478886074668,2.6334103881303004,0.0,1e-08
259.0,0.9794730402062783,0.552844204,0.682677633,0.0,0.0,0.9794730402062783,0.0,0.0,0.0,0.0,0.0,0.0,0.0,0.0,0.0,0.1056689658901182,2.630300532818897,0.0,1e-08
260.0,0.9791668270693495,0.577426004,0.678428294,0.0,0.0,0.9791668270693494,0.0,0.0,0.0,0.0,0.0,0.0,0.0,0.0,0.0,0.15422519878389784,2.613928180634586,0.0,1e-08
261.0,0.9858649717708425,0.616069126,0.67563597,0.0,0.0,0.9858649717708425,0.0,0.0,0.0,0.0,0.0,0.0,0.0,0.0,0.0,0.22337713015357896,2.6031695869001945,0.0,1e-08
262.0,1.0118352719433834,0.547414705,0.661014506,0.0,0.0,1.0118352719433834,0.0,0.0,0.0,0.0,0.0,0.0,0.0,0.0,0.0,0.06264952296344184,2.5468342937973776,0.0,1e-08
263.0,1.0401460683303527,0.221862376,0.644676204,0.0,0.0,0.4354792580405763,0.6046668102897765,0.0,0.0,0.0,0.0,0.0,0.0,0.0,0.0,0.0,1.8792173553964666,0.0,1.05e-08
264.0,1.0546344465433648,0.004408683,0.633728824,0.0,0.0,0.008653517718462107,1.0459809288249027,0.0,0.0,0.0,0.0,0.0,0.0,0.0,0.0,0.0,1.3957238859421766,0.0,1.05e-08
265.0,1.0547821997353095,0.0,0.617629939,0.0,0.0,0.0,1.0547821997353095,0.0,0.0,0.0,0.0,0.0,0.0,0.0,0.0,0.0,1.3248949408465074,0.0,1.05e-08
266.0,1.032345128065794,0.0,0.605736041,0.0,0.0,0.0,1.032345128065794,0.0,0.0,0.0,0.0,0.0,0.0,0.0,0.0,0.0,1.3015058059224145,0.0,1.05e-08
267.0,0.9910705950986334,0.0,0.599024367,0.0,0.0,0.0,0.9910705950986334,0.0,0.0,0.0,0.0,0.0,0.0,0.0,0.0,0.0,1.316920813331768,0.0,1.05e-08
268.0,0.9443527488862056,0.0,0.594081344,0.0,0.0,0.0,0.9443527488862056,0.0,0.0,0.0,0.0,0.0,0.0,0.0,0.0,0.0,1.3445936002041077,0.0,1.05e-08
269.0,0.9068255794828597,0.0,0.583466116,0.0,0.0,0.0,0.9068255794828597,0.0,0.0,0.0,0.0,0.0,0.0,0.0,0.0,0.0,1.3412211729095282,0.0,1.05e-08
270.0,0.8775276204656512,0.0,0.568772891,0.0,0.0,0.0,0.8775276204656512,0.0,0.0,0.0,0.0,0.0,0.0,0.0,0.0,0.0,1.3139073496181635,0.0,1.05e-08
271.0,0.8606987460382107,0.0,0.554618726,0.0,0.0,0.0,0.8606987460382107,0.0,0.0,0.0,0.0,0.0,0.0,0.0,0.0,0.0,1.2762013953922875,0.0,1.05e-08
272.0,0.8537265084589073,0.0,0.543124158,0.0,0.0,0.0,0.8537265084589073,0.0,0.0,0.0,0.0,0.0,0.0,0.0,0.0,0.0,1.2388860118845195,0.0,1.05e-08
273.0,0.8603775434470267,0.0,0.534485134,0.0,0.0,0.0,0.8603775434470267,0.0,0.0,0.0,0.0,0.0,0.0,0.0,0.0,0.0,1.198949530981937,0.0,1.05e-08
274.0,0.8884249537092249,0.0,0.523656577,0.0,0.0,0.0,0.888424953709225,0.0,0.0,0.0,0.0,0.0,0.0,0.0,0.0,0.0,1.1291805850051508,0.0,1.05e-08
275.0,0.9521858094098826,0.0,0.507718307,0.0,0.0,0.0,0.9521858094098826,0.0,0.0,0.0,0.0,0.0,0.0,0.0,0.0,0.0,1.004010891447912,0.0,1.05e-08
276.0,1.0162678677017245,0.0,0.487078916,0.0,0.0,0.0,1.0162678677017245,0.0,0.0,0.0,0.0,0.0,0.0,0.0,0.0,0.0,0.8604069643850196,0.0,1.05e-08
277.0,1.0528549841882047,2.6e-06,0.46276624,0.0,0.0,5.103371248965162e-06,1.0528498808169557,0.0,0.0,0.0,0.0,0.0,0.0,0.0,0.0,8.470329472543003e-22,0.7301502187960891,0.0,1.05e-08
278.0,1.0744783426267204,0.059806753,0.429705544,0.0,0.0,0.11739079375160036,0.95708754887512,0.0,0.0,0.0,0.0,0.0,0.0,0.0,0.0,0.0,0.698532419764506,0.0,1.05e-08
279.0,1.0852900218459782,0.430356669,0.391423704,0.0,0.0,0.8447191736057758,0.24057084824020253,0.0,0.0,0.0,0.0,0.0,0.0,0.0,0.0,0.0,1.2675523528448789,0.0,1.05e-08
280.0,1.0802706960210742,0.587323701,0.369473882,0.0,0.0,1.0802706960210742,0.0,0.0,0.0,0.0,0.0,0.0,0.0,0.0,0.0,0.07254887687093015,1.4235523499087106,0.0,1e-08
281.0,1.0719237113515026,0.593710587,0.368225428,0.0,0.0,1.0719237113515026,0.0,0.0,0.0,0.0,0.0,0.0,0.0,0.0,0.0,0.0934322655338935,1.4187421597652763,0.0,1e-08
282.0,1.0588957342530743,0.560620448,0.369381032,0.0,0.0,1.0588957342530743,0.0,0.0,0.0,0.0,0.0,0.0,0.0,0.0,0.0,0.04150975647968291,1.423194606527843,0.0,1e-08
283.0,1.0453174300484172,0.540315683,0.36597469,0.0,0.0,1.0453174300484172,0.0,0.0,0.0,0.0,0.0,0.0,0.0,0.0,0.0,0.015233155331265458,1.4100702521555013,0.0,1e-08
284.0,1.0344393689603146,0.553127229,0.35911747,0.0,0.0,1.0679159995060536,0.0,0.0,0.033476630545739,0.0,0.0,0.0,0.0,0.0,0.0,0.017781537993319052,1.3836499498813584,0.0,1e-08
285.0,1.0376128505612139,0.577606902,0.354413697,0.0,0.0,1.1337470987963991,0.0,0.0,0.09613424823518531,0.0,0.030128967491165105,0.0,0.0,0.0,0.0,0.0,1.365526701029936,0.0,1.0000136218855531e-08
286.0,1.0601077386971425,0.524302849,0.344613007,0.0,0.0,1.0291200328219703,0.03098770587517212,0.0,0.0,0.0,0.11664938049507541,0.0,0.0,0.0,0.0,0.0,1.2967777460924368,0.0,1.05e-08
287.0,1.0861358553360965,0.221880369,0.373367154,0.0,0.0,0.43551457533245425,0.6506212800036422,0.0,0.0,0.0,0.11664779153220912,0.0,0.0,0.0,0.0,0.0,0.7879315253484489,0.0,1.05e-08
288.0,1.0974079249360515,0.004487934,0.407782632,0.0,0.0,0.00880907436263585,1.0885988505734157,0.0,0.0,0.0,0.11664620259098721,0.0,0.0,0.0,0.0,1.734723475976807e-18,0.4825539488971542,0.0,1.05e-08
289.0,1.0958575870959362,0.0,0.4257619,0.0,0.0,0.0,1.0958575870959362,0.0,0.0,0.0,0.11664461367140938,0.0,0.0,0.0,0.0,0.0,0.544567846944886,0.0,1.05e-08
290.0,1.079405590375485,0.0,0.42898054,0.0,0.0,0.0,1.079405590375485,0.0,0.0,0.0,0.11664302477347534,0.0,0.0,0.0,0.0,0.0,0.5734209977353026,0.0,1.05e-08
291.0,1.0506172728029552,0.0,0.423154025,0.0,0.0,0.0,1.0506172728029552,0.0,0.0,0.0,0.11664143589718479,0.0,0.0,0.0,0.0,0.0,0.5797602342655399,0.0,1.05e-08
292.0,1.0135397870272673,0.0,0.410368184,0.0,0.0,0.0,1.0135397870272673,0.0,0.0,0.0,0.11663984704253744,0.0,0.0,0.0,0.0,0.0,0.5675749307404427,0.0,1.05e-08
293.0,0.9834002772211563,0.0,0.398205895,0.0,0.0,0.0,0.9834002772211563,0.0,0.0,0.0,0.11663825820953297,0.0,0.0,0.0,0.0,0.0,0.5508541455982388,0.0,1.05e-08
294.0,0.9583464751087942,0.0,0.392018579,0.0,0.0,0.0,0.9583464751087942,0.0,0.0,0.0,0.11663666939817113,0.0,0.0,0.0,0.0,0.0,0.5520687302163918,0.0,1.05e-08
295.0,0.9423270312111377,0.0,0.381088707,0.0,0.0,0.0,0.9423270312111377,0.0,0.0,0.0,0.11663508060845158,0.0,0.0,0.0,0.0,0.0,0.5259762800727764,0.0,1.05e-08
296.0,0.9359629372044761,0.0,0.365587551,0.0,0.0,0.0,0.9359629372044761,0.0,0.0,0.0,0.11663349184037407,0.0,0.0,0.0,0.0,0.0,0.47261570036054834,0.0,1.05e-08
297.0,0.9363762178717997,0.0,0.348035971,0.0,0.0,0.0,0.9363762178717997,0.0,0.0,0.0,0.11663190309393828,0.0,0.0,0.0,0.0,0.0,0.4045776316612234,0.0,1.05e-08
298.0,0.9484705661051862,0.0,0.328389698,0.0,0.0,0.0,0.9484705661051862,0.0,0.0,0.0,0.11663031436914391,0.0,0.0,0.0,0.0,0.0,0.3167878162822104,0.0,1.05e-08
299.0,0.9792139367827232,0.0,0.308728396,0.0,0.0,0.0,0.9792139367827232,0.0,0.0,0.0,0.11662872566599067,0.0,0.0,0.0,0.0,0.0,0.21029107296339744,0.0,1.05e-08
300.0,1.019492741717213,0.0,0.288655514,0.0,0.0,0.0,1.019492741717213,0.0,0.0,0.0,0.11662713698447826,0.0,0.0,0.0,0.0,0.0,0.09267311164290826,0.0,1.05e-08
301.0,1.058454616027848,3.72e-06,0.265976987,0.0,0.0,7.301746556211693e-06,1.0247873620076036,0.0,0.0,0.033659952273688294,0.11662554832460639,0.0,0.0,0.0,0.0,8.470329472543003e-22,0.0,0.0,1.1113684414352305e-08
302.0,1.0919089365749792,0.054198485,0.234254534,0.0,0.0,0.10638268849479598,0.9025633707783165,0.0,0.0,0.08296287730186673,0.08296400741268649,0.0,0.0,0.0,0.0,1.3877787807814457e-17,0.0,0.0,1.111383580368947e-08
303.0,1.1004357946956138,0.482997578,0.190081182,0.0,0.0,0.9480445972634647,0.15239119743214904,0.0,0.0,0.0,0.0,0.0,0.0,0.0,0.0,0.0,0.5799758966768882,0.0,1.05e-08
304.0,1.0900994953113086,0.633948584,0.156545302,0.0,0.0,1.0900994953113086,0.0,0.0,0.0,0.0,0.0,0.0,0.0,0.0,0.0,0.15423703426860524,0.6031561184323951,0.0,1e-08
305.0,1.0678358730410327,0.624819256,0.14981743,0.0,0.0,1.0678358730410327,0.0,0.0,0.0,0.0,0.0,0.0,0.0,0.0,0.0,0.15858129113981478,0.5772341833184944,0.0,1e-08
306.0,1.0458399195967434,0.585075053,0.155958962,0.0,0.0,1.0458399195967434,0.0,0.0,0.0,0.0,0.0,0.0,0.0,0.0,0.0,0.10256592808285969,0.6008969988423251,0.0,1e-08
307.0,1.0279318044629242,0.564264366,0.165407726,0.0,0.0,1.0279318044629242,0.0,0.0,0.0,0.0,0.0,0.0,0.0,0.0,0.0,0.07962609640628937,0.6373023060946867,0.0,1e-08
308.0,1.0192464863973052,0.585161299,0.169883414,0.0,0.0,1.0192464863973052,0.0,0.0,0.0,0.0,0.0,0.0,0.0,0.0,0.0,0.12932864795796672,0.654546762280248,0.0,1e-08
309.0,1.027428587070069,0.620673787,0.175236269,0.0,0.0,1.027428587070069,0.0,0.0,0.0,0.0,0.0,0.0,0.0,0.0,0.0,0.19085170506921068,0.6751708704654392,0.0,1e-08
310.0,1.0629343214995628,0.559317885,0.18844643,0.0,0.0,1.0919991322476579,0.0,0.0,0.02906481074809524,0.0,0.0,0.0,0.0,0.0,0.0,0.005849642114266418,0.7260685296786618,0.0,1e-08
311.0,1.1078341610458884,0.229853463,0.239684727,0.0,0.0,0.4511644440574145,0.6566697169884739,0.0,0.0,0.0,0.026158329673285713,0.0,0.0,0.0,0.0,0.0,0.2668157389011464,0.0,1.05e-08
312.0,1.1322841022868244,0.004797055,0.284644217,0.0,0.0,0.00941582791027099,1.0967106573402527,0.0,0.0,0.02615761703630079,0.0261579733523664,0.0,0.0,0.0,0.0,0.0,0.0,0.0,1.1111413821740691e-08
313.0,1.1474598540449705,0.0,0.314025343,0.0,0.0,0.0,1.1474598540449705,0.0,0.0,0.0,0.0,0.0,0.0,0.0,0.0,0.0,0.06245385498017497,0.0,1.05e-08
314.0,1.1378666033216045,0.0,0.334823214,0.0,0.0,0.0,1.1378666033216045,0.0,0.0,0.0,0.0,0.0,0.0,0.0,0.0,0.0,0.1521795848246177,0.0,1.05e-08
315.0,1.1189756082587619,0.0,0.348538887,0.0,0.0,0.0,1.1189756082587619,0.0,0.0,0.0,0.0,0.0,0.0,0.0,0.0,0.0,0.2239159350829043,0.0,1.05e-08
316.0,1.0905598856920058,0.0,0.358096868,0.0,0.0,0.0,1.0905598856920058,0.0,0.0,0.0,0.0,0.0,0.0,0.0,0.0,0.0,0.2891577689820246,0.0,1.05e-08
317.0,1.0671827611056248,0.0,0.360483762,0.0,0.0,0.0,1.0671827611056248,0.0,0.0,0.0,0.0,0.0,0.0,0.0,0.0,0.0,0.32173139900010184,0.0,1.05e-08
318.0,1.051047684275142,0.0,0.362112929,0.0,0.0,0.0,1.051047684275142,0.0,0.0,0.0,0.0,0.0,0.0,0.0,0.0,0.0,0.3441435217172646,0.0,1.05e-08
319.0,1.0427349612152967,0.0,0.367229909,0.0,0.0,0.0,1.0427349612152967,0.0,0.0,0.0,0.0,0.0,0.0,0.0,0.0,0.0,0.37217154606987046,0.0,1.05e-08
320.0,1.040298104223513,0.0,0.370990967,0.0,0.0,0.0,1.040298104223513,0.0,0.0,0.0,0.0,0.0,0.0,0.0,0.0,0.0,0.38909944888351533,0.0,1.05e-08
321.0,1.044086153448878,0.0,0.37513456,0.0,0.0,0.0,1.044086153448878,0.0,0.0,0.0,0.0,0.0,0.0,0.0,0.0,0.0,0.40127632123876533,0.0,1.05e-08
322.0,1.0581912299030771,0.0,0.379323935,0.0,0.0,0.0,1.0581912299030771,0.0,0.0,0.0,0.0,0.0,0.0,0.0,0.0,0.0,0.40331256062972454,0.0,1.05e-08
323.0,1.086084462921507,0.0,0.389782942,0.0,0.0,0.0,1.086084462921507,0.0,0.0,0.0,0.0,0.0,0.0,0.0,0.0,0.0,0.415717017699607,0.0,1.05e-08
324.0,1.1261084471336575,0.0,0.398536361,0.0,0.0,0.0,1.1261084471336575,0.0,0.0,0.0,0.0,0.0,0.0,0.0,0.0,0.0,0.40941923388823476,0.0,1.05e-08
325.0,1.1566869338143866,4.93e-06,0.401712284,0.0,0.0,9.67677702207625e-06,1.1566772570373645,0.0,0.0,0.0,0.0,0.0,0.0,0.0,0.0,1.6940658945086007e-21,0.3910869929817893,0.0,1.05e-08
326.0,1.1581237800722837,0.124653675,0.356430931,0.0,0.0,0.24467460810494132,0.9134491719673424,0.0,0.0,0.0,0.0,0.0,0.0,0.0,0.0,0.0,0.45984976504709996,0.0,1.05e-08
327.0,1.1373847994348283,0.48938325,0.283052549,0.0,0.0,0.9605786183750501,0.17680618105977833,0.0,0.0,0.0,0.0,0.0,0.0,0.0,0.0,0.0,0.9137719109434894,0.0,1.05e-08
328.0,1.107821312942241,0.611757914,0.280163404,0.0,0.0,1.107821312942241,0.0,0.0,0.0,0.0,0.0,0.0,0.0,0.0,0.0,0.09295859076333679,1.0794464549530012,0.0,1e-08
329.0,1.0785683222877982,0.605968286,0.301258573,0.0,0.0,1.0785683222877982,0.0,0.0,0.0,0.0,0.0,0.0,0.0,0.0,0.0,0.11084749638800884,1.1607243987121527,0.0,1e-08
330.0,1.0565616620904696,0.569745309,0.322320737,0.0,0.0,1.0565616620904696,0.0,0.0,0.0,0.0,0.0,0.0,0.0,0.0,0.0,0.061754426056981115,1.2418751769324186,0.0,1e-08
331.0,1.0353708564747486,0.55231447,0.332334549,0.0,0.0,1.0353708564747486,0.0,0.0,0.0,0.0,0.0,0.0,0.0,0.0,0.0,0.04873136913503284,1.2804575674575058,0.0,1e-08
332.0,1.0274735554328347,0.56461428,0.335238477,0.0,0.0,1.0274735554328347,0.0,0.0,0.0,0.0,0.0,0.0,0.0,0.0,0.0,0.08077116891607528,1.2916461621857407,0.0,1e-08
333.0,1.0340988942136595,0.588893308,0.338503242,0.0,0.0,1.0340988942136595,0.0,0.0,0.0,0.0,0.0,0.0,0.0,0.0,0.0,0.1218015583844887,1.304225032070919,0.0,1e-08
334.0,1.0714204939586474,0.524513435,0.357015793,0.0,0.0,1.0295333784134453,0.04188711554520215,0.0,0.0,0.0,0.0,0.0,0.0,0.0,0.0,0.0,1.333665246447389,0.0,1.05e-08
335.0,1.1157464515420574,0.166457932,0.393354237,0.0,0.0,0.3267294708965377,0.7890169806455196,0.0,0.0,0.0,0.0,0.0,0.0,0.0,0.0,0.0,0.7265444046323115,0.0,1.05e-08
336.0,1.1389544094304147,0.003858147,0.429315839,0.0,0.0,0.0075729063361850745,1.1313815030942298,0.0,0.0,0.0,0.0,0.0,0.0,0.0,0.0,0.0,0.5227369643688633,0.0,1.05e-08
337.0,1.1526783254764088,0.0,0.463712115,0.0,0.0,0.0,1.1526783254764086,0.0,0.0,0.0,0.0,0.0,0.0,0.0,0.0,0.0,0.6339661523851912,0.0,1.05e-08
338.0,1.1446268471907266,0.0,0.492938118,0.0,0.0,0.0,1.1446268471907266,0.0,0.0,0.0,0.0,0.0,0.0,0.0,0.0,0.0,0.7546230062494614,0.0,1.05e-08
339.0,1.1210291634917324,0.0,0.515410727,0.0,0.0,0.0,1.1210291634917324,0.0,0.0,0.0,0.0,0.0,0.0,0.0,0.0,0.0,0.8648057962551841,0.0,1.05e-08
340.0,1.0881016151941434,0.0,0.526648505,0.0,0.0,0.0,1.0881016151941434,0.0,0.0,0.0,0.0,0.0,0.0,0.0,0.0,0.0,0.9410315749799307,0.0,1.05e-08
341.0,1.063778013639073,0.0,0.531375648,0.0,0.0,0.0,1.063778013639073,0.0,0.0,0.0,0.0,0.0,0.0,0.0,0.0,0.0,0.9835684680661316,0.0,1.05e-08
342.0,1.047647219509806,0.0,0.537744818,0.0,0.0,0.0,1.047647219509806,0.0,0.0,0.0,0.0,0.0,0.0,0.0,0.0,0.0,1.024239148131011,0.0,1.05e-08
343.0,1.0377070699879611,0.0,0.543842592,0.0,0.0,0.0,1.0377070699879611,0.0,0.0,0.0,0.0,0.0,0.0,0.0,0.0,0.0,1.0576735172169667,0.0,1.05e-08
344.0,1.0358398122578774,0.0,0.542189435,0.0,0.0,0.0,1.0358398122578774,0.0,0.0,0.0,0.0,0.0,0.0,0.0,0.0,0.0,1.053171297571873,0.0,1.05e-08
345.0,1.0447799510458358,0.0,0.540069819,0.0,0.0,0.0,1.0447799510458358,0.0,0.0,0.0,0.0,0.0,0.0,0.0,0.0,0.0,1.0360644534098544,0.0,1.05e-08
346.0,1.0734890386458733,0.0,0.536668216,0.0,0.0,0.0,1.0734890386458733,0.0,0.0,0.0,0.0,0.0,0.0,0.0,0.0,0.0,0.9942492704130486,0.0,1.05e-08
347.0,1.1249735313114735,0.0,0.530685649,0.0,0.0,0.0,1.1249735313114735,0.0,0.0,0.0,0.0,0.0,0.0,0.0,0.0,0.0,0.9197144412385845,0.0,1.05e-08
348.0,1.1752524435848293,0.0,0.522926853,0.0,0.0,0.0,1.1752524435848293,0.0,0.0,0.0,0.0,0.0,0.0,0.0,0.0,0.0,0.8395415288305657,0.0,1.05e-08
349.0,1.2040664573646538,1.11e-06,0.510541539,0.0,0.0,2.178746956288973e-06,1.2040642786176976,0.0,0.0,0.0,0.0,0.0,0.0,0.0,0.0,0.0,0.7630101019455804,0.0,1.05e-08
350.0,1.2087217535862158,0.092660941,0.482242432,0.0,0.0,0.18187814700056046,1.0268436065856554,0.0,0.0,0.0,0.0,0.0,0.0,0.0,0.0,0.0,0.8311966521281977,0.0,1.05e-08
351.0,1.1954368144148402,0.327211766,0.479799981,0.0,0.0,0.6422627380490448,0.5531740763657953,0.0,0.0,0.0,0.0,0.0,0.0,0.0,0.0,0.0,1.2954556203842031,0.0,1.05e-08
352.0,1.1716849534720777,0.488713883,0.485415587,0.0,0.0,0.9592647613355093,0.21242019213656835,0.0,0.0,0.0,0.0,0.0,0.0,0.0,0.0,0.0,1.657845970699175,0.0,1.05e-08
353.0,1.1485455188031728,0.535349547,0.482615735,0.0,0.0,1.050802879348586,0.09774263945458679,0.0,0.0,0.0,0.0,0.0,0.0,0.0,0.0,2.220446049250313e-16,1.7617359248845552,0.0,1.05e-08
354.0,1.1263075927401915,0.521371919,0.478685036,0.0,0.0,1.0233671005547667,0.10294049218542492,0.0,0.0,0.0,0.0,0.0,0.0,0.0,0.0,0.0,1.7413934135706952,0.0,1.05e-08
355.0,1.106992610256986,0.512858684,0.478389976,0.0,0.0,1.0066570241183497,0.10033558613863636,0.0,0.0,0.0,0.0,0.0,0.0,0.0,0.0,2.220446049250313e-16,1.742861477808557,0.0,1.05e-08
356.0,1.0962708677632598,0.525136502,0.482768083,0.0,0.0,1.0307563561880524,0.0655145115752074,0.0,0.0,0.0,0.0,0.0,0.0,0.0,0.0,0.0,1.7945510370244457,0.0,1.05e-08
357.0,1.1040054261589736,0.52859137,0.492892942,0.0,0.0,1.0375376923496562,0.06646773380931738,0.0,0.0,0.0,0.0,0.0,0.0,0.0,0.0,0.0,1.8326080602342731,0.0,1.05e-08
358.0,1.1354019087719183,0.44127699,0.511959922,0.0,0.0,0.8661539629214952,0.2692479458504231,0.0,0.0,0.0,0.0,0.0,0.0,0.0,0.0,-1.1102230246251565e-16,1.7032913472576623,0.0,1.05e-08
359.0,1.1767299755042764,0.163348858,0.530829143,0.0,0.0,0.3206268713340358,0.8561031041702406,0.0,0.0,0.0,0.0,0.0,0.0,0.0,0.0,0.0,1.189137738909642,0.0,1.05e-08
360.0,1.1978179962908184,0.003112412,0.537534008,0.0,0.0,0.006109151506051599,1.1917088447847668,0.0,0.0,0.0,0.0,0.0,0.0,0.0,0.0,0.0,0.8793652893383257,0.0,1.05e-08
361.0,1.202057870494449,0.0,0.532563917,0.0,0.0,0.0,1.202057870494449,0.0,0.0,0.0,0.0,0.0,0.0,0.0,0.0,0.0,0.8498669135202914,0.0,1.05e-08
362.0,1.1822760735787223,0.0,0.518545578,0.0,0.0,0.0,1.1822760735787223,0.0,0.0,0.0,0.0,0.0,0.0,0.0,0.0,0.0,0.8156372081418801,0.0,1.05e-08
363.0,1.147247860334789,0.0,0.501037746,0.0,0.0,0.0,1.147247860334789,0.0,0.0,0.0,0.0,0.0,0.0,0.0,0.0,0.0,0.7832091907843579,0.0,1.05e-08
364.0,1.1100076319129009,0.0,0.483931287,0.0,0.0,0.0,1.1100076319129009,0.0,0.0,0.0,0.0,0.0,0.0,0.0,0.0,0.0,0.7545396456215818,0.0,1.05e-08
365.0,1.0778552525353695,0.0,0.470196987,0.0,0.0,0.0,1.0778552525353695,0.0,0.0,0.0,0.0,0.0,0.0,0.0,0.0,0.0,0.7337749015112041,0.0,1.05e-08
366.0,1.0571291200015616,0.0,0.459904004,0.0,0.0,0.0,1.0571291200015616,0.0,0.0,0.0,0.0,0.0,0.0,0.0,0.0,0.0,0.7148430207156138,0.0,1.05e-08
367.0,1.0466686222819983,0.0,0.450162727,0.0,0.0,0.0,1.0466686222819983,0.0,0.0,0.0,0.0,0.0,0.0,0.0,0.0,0.0,0.6877711827545141,0.0,1.05e-08
368.0,1.048336734405548,0.0,0.438303379,0.0,0.0,0.0,1.048336734405548,0.0,0.0,0.0,0.0,0.0,0.0,0.0,0.0,0.0,0.6404099823336293,0.0,1.05e-08
369.0,1.0602126648769292,0.0,0.424249299,0.0,0.0,0.0,1.0602126648769292,0.0,0.0,0.0,0.0,0.0,0.0,0.0,0.0,0.0,0.5743848424472104,0.0,1.05e-08
370.0,1.0979346971855934,0.0,0.410259016,0.0,0.0,0.0,1.0979346971855934,0.0,0.0,0.0,0.0,0.0,0.0,0.0,0.0,0.0,0.48275940529506656,0.0,1.05e-08
371.0,1.1669782648359261,0.0,0.397705472,0.0,0.0,0.0,1.1669782648359264,0.0,0.0,0.0,0.0,0.0,0.0,0.0,0.0,0.0,0.36534806949791143,0.0,1.05e-08
372.0,1.226991756972769,0.0,0.384030191,0.0,0.0,0.0,1.226991756972769,0.0,0.0,0.0,0.0,0.0,0.0,0.0,0.0,0.0,0.2526448492053668,0.0,1.05e-08
373.0,1.251482383875255,0.0,0.367430139,0.0,0.0,0.0,1.251482383875255,0.0,0.0,0.0,0.0,0.0,0.0,0.0,0.0,0.0,0.16419559306151332,0.0,1.05e-08
374.0,1.2523667616763152,0.068057617,0.350880301,0.0,0.0,0.1335858791811087,1.1187808824952066,0.0,0.0,0.0,0.0,0.0,0.0,0.0,0.0,0.0,0.23313193559466794,0.0,1.05e-08
375.0,1.2413366646950523,0.405048215,0.29744058,0.0,0.0,0.7950428518752537,0.4462938128197986,0.0,0.0,0.0,0.0,0.0,0.0,0.0,0.0,-1.1102230246251565e-16,0.6997201742181536,0.0,1.05e-08
376.0,1.216792504027369,0.502610302,0.237678257,0.0,0.0,0.9865411402540375,0.23025136377333166,0.0,0.0,0.0,0.0,0.0,0.0,0.0,0.0,0.0,0.6855033289347079,0.0,1.05e-08
377.0,1.198901519698413,0.519422559,0.202910208,0.0,0.0,1.019540828332504,0.17936069136590907,0.0,0.0,0.0,0.0,0.0,0.0,0.0,0.0,0.0,0.6024355802819615,0.0,1.05e-08
378.0,1.1830769387060747,0.512734213,0.191340934,0.0,0.0,1.0064127080711458,0.17666423063492884,0.0,0.0,0.0,0.0,0.0,0.0,0.0,0.0,2.220446049250313e-16,0.5605565838783619,0.0,1.05e-08
379.0,1.1694386766843965,0.510441019,0.189641011,0.0,0.0,1.0019115464065693,0.16752713027782715,0.0,0.0,0.0,0.0,0.0,0.0,0.0,0.0,0.0,0.5631440213250178,0.0,1.05e-08
380.0,1.164534983792319,0.521848023,0.189580442,0.0,0.0,1.0243016141951964,0.14023336959712243,0.0,0.0,0.0,0.0,0.0,0.0,0.0,0.0,0.0,0.5902044146515407,0.0,1.05e-08
381.0,1.173074690016601,0.53422531,0.189068616,0.0,0.0,1.0485961875090386,0.12447850250756214,0.0,0.0,0.0,0.0,0.0,0.0,0.0,0.0,2.220446049250313e-16,0.6039872584383974,0.0,1.05e-08
382.0,1.2062292214786268,0.45488506,0.224095221,0.0,0.0,0.8928643603029972,0.3133648611756295,0.0,0.0,0.0,0.0,0.0,0.0,0.0,0.0,0.0,0.5500555157425471,0.0,1.05e-08
383.0,1.247818532985148,0.15711083,0.284421563,0.0,0.0,0.3083826510473282,0.93943588193782,0.0,0.0,0.0,0.0,0.0,0.0,0.0,0.0,0.0,0.15641690793098706,0.0,1.05e-08
384.0,1.2661420701368986,0.00450717,0.327943638,0.0,0.0,0.008846831458537811,1.257295238678361,0.0,0.0,0.0,0.0,0.0,0.0,0.0,0.0,0.0,0.006244511372257122,0.0,1.05e-08
385.0,1.2695853619143926,0.0,0.353317669,0.0,0.0,0.0,1.2695853619143926,0.0,0.0,0.0,0.0,0.0,0.0,0.0,0.0,0.0,0.09171843376017685,0.0,1.05e-08
386.0,1.2457264334412355,0.0,0.3702548,0.0,0.0,0.0,1.2457264334412355,0.0,0.0,0.0,0.0,0.0,0.0,0.0,0.0,0.0,0.18083472901998476,0.0,1.05e-08
387.0,1.206794538039111,0.0,0.378476028,0.0,0.0,0.0,1.2067945380391112,0.0,0.0,0.0,0.0,0.0,0.0,0.0,0.0,0.0,0.251442336857272,0.0,1.05e-08
388.0,1.165948275193529,0.0,0.379525177,0.0,0.0,0.0,1.165948275193529,0.0,0.0,0.0,0.0,0.0,0.0,0.0,0.0,0.0,0.29633088414328523,0.0,1.05e-08
389.0,1.1334211594596162,0.0,0.3789652,0.0,0.0,0.0,1.1334211594596162,0.0,0.0,0.0,0.0,0.0,0.0,0.0,0.0,0.0,0.3267004547486232,0.0,1.05e-08
390.0,1.1077056800094147,0.0,0.378077015,0.0,0.0,0.0,1.1077056800094147,0.0,0.0,0.0,0.0,0.0,0.0,0.0,0.0,0.0,0.3489938307552485,0.0,1.05e-08
391.0,1.0954721439865152,0.0,0.378191245,0.0,0.0,0.0,1.0954721439865152,0.0,0.0,0.0,0.0,0.0,0.0,0.0,0.0,0.0,0.3616674855330917,0.0,1.05e-08
392.0,1.094302966554605,0.0,0.379267444,0.0,0.0,0.0,1.094302966554605,0.0,0.0,0.0,0.0,0.0,0.0,0.0,0.0,0.0,0.3669831688211842,0.0,1.05e-08
393.0,1.1034186960924106,0.0,0.380579386,0.0,0.0,0.0,1.1034186960924106,0.0,0.0,0.0,0.0,0.0,0.0,0.0,0.0,0.0,0.3629222434468944,0.0,1.05e-08
394.0,1.1325089441006533,0.0,0.38250962,0.0,0.0,0.0,1.1325089441006533,0.0,0.0,0.0,0.0,0.0,0.0,0.0,0.0,0.0,0.34126902760909794,0.0,1.05e-08
395.0,1.1931669827704723,0.0,0.383627517,0.0,0.0,0.0,1.193166982770472,0.0,0.0,0.0,0.0,0.0,0.0,0.0,0.0,0.0,0.28491815374533136,0.0,1.05e-08
396.0,1.2546108971133885,0.0,0.388586511,0.0,0.0,0.0,1.2546108971133885,0.0,0.0,0.0,0.0,0.0,0.0,0.0,0.0,0.0,0.24258083368634664,0.0,1.05e-08
397.0,1.283399214685918,1.13e-05,0.39534126,0.0,0.0,2.21800365820409e-05,1.2833770346493363,0.0,0.0,0.0,0.0,0.0,0.0,0.0,0.0,0.0,0.23984018612533986,0.0,1.05e-08
398.0,1.2919367795595922,0.088658777,0.373113023,0.0,0.0,0.1740225590423899,1.1179142205172024,0.0,0.0,0.0,0.0,0.0,0.0,0.0,0.0,2.7755575615628914e-17,0.31965943908234906,0.0,1.05e-08
399.0,1.2790993826652666,0.464422498,0.310592993,0.0,0.0,0.9115847783329926,0.36751460433227406,0.0,0.0,0.0,0.0,0.0,0.0,0.0,0.0,0.0,0.8291745436447127,0.0,1.05e-08
400.0,1.25429397722342,0.5773696,0.276691405,0.0,0.0,1.1332813141025064,0.12101266312091381,0.0,0.0,0.0,0.0,0.0,0.0,0.0,0.0,-2.220446049250313e-16,0.9450564664618175,0.0,1.05e-08
401.0,1.2281545103528555,0.580622513,0.270284181,0.0,0.0,1.1396662459023468,0.0884882644505088,0.0,0.0,0.0,0.0,0.0,0.0,0.0,0.0,-2.220446049250313e-16,0.9528943602777563,0.0,1.05e-08
402.0,1.2036831556058407,0.554152282,0.285613231,0.0,0.0,1.0877095475027827,0.11597360810305823,0.0,0.0,0.0,0.0,0.0,0.0,0.0,0.0,-2.220446049250313e-16,0.9844705801415372,0.0,1.05e-08
403.0,1.1804859044705227,0.541302648,0.306583999,0.0,0.0,1.0624878349199653,0.11799806955055737,0.0,0.0,0.0,0.0,0.0,0.0,0.0,0.0,0.0,1.06324475567534,0.0,1.05e-08
404.0,1.1668861867597866,0.555521495,0.313091722,0.0,0.0,1.0903970868327477,0.07648909992703881,0.0,0.0,0.0,0.0,0.0,0.0,0.0,0.0,0.0,1.129827444499408,0.0,1.05e-08
405.0,1.1729397849283036,0.587810902,0.329863632,0.0,0.0,1.1537758681134918,0.019163916814812013,0.0,0.0,0.0,0.0,0.0,0.0,0.0,0.0,0.0,1.2517734115320458,0.0,1.05e-08
406.0,1.2104840851365126,0.515075258,0.397646436,0.0,0.0,1.0110077933578896,0.19947629177862305,0.0,0.0,0.0,0.0,0.0,0.0,0.0,0.0,0.0,1.3326225817234119,0.0,1.05e-08
407.0,1.2582490517962006,0.205260122,0.491860572,0.0,0.0,0.4028917712207236,0.855357280575477,0.0,0.0,0.0,0.0,0.0,0.0,0.0,0.0,5.551115123125783e-17,1.0397408771287868,0.0,1.05e-08
408.0,1.2863863987839306,0.006027924,0.568984214,0.0,0.0,0.011831820781748874,1.2745545780021819,0.0,0.0,0.0,0.0,0.0,0.0,0.0,0.0,0.0,0.9176946021459855,0.0,1.05e-08
409.0,1.2899024964820927,0.0,0.611649462,0.0,0.0,0.0,1.2899024964820929,0.0,0.0,0.0,0.0,0.0,0.0,0.0,0.0,0.0,1.0667323601882326,0.0,1.05e-08
410.0,1.2760586648020567,0.0,0.626475661,0.0,0.0,0.0,1.2760586648020567,0.0,0.0,0.0,0.0,0.0,0.0,0.0,0.0,0.0,1.137700312015587,0.0,1.05e-08
411.0,1.238428710569532,0.0,0.629917822,0.0,0.0,0.0,1.238428710569532,0.0,0.0,0.0,0.0,0.0,0.0,0.0,0.0,0.0,1.1885926282689114,0.0,1.05e-08
412.0,1.198554620899934,0.0,0.629616463,0.0,0.0,0.0,1.198554620899934,0.0,0.0,0.0,0.0,0.0,0.0,0.0,0.0,0.0,1.227305606602861,0.0,1.05e-08
413.0,1.1703273371866727,0.0,0.625174636,0.0,0.0,0.0,1.1703273371866727,0.0,0.0,0.0,0.0,0.0,0.0,0.0,0.0,0.0,1.2384188977667439,0.0,1.05e-08
414.0,1.1585199299347442,0.0,0.617536918,0.0,0.0,0.0,1.1585199299347442,0.0,0.0,0.0,0.0,0.0,0.0,0.0,0.0,0.0,1.2207988084173291,0.0,1.05e-08
415.0,1.1502521752376647,0.0,0.606468921,0.0,0.0,0.0,1.1502521752376647,0.0,0.0,0.0,0.0,0.0,0.0,0.0,0.0,0.0,1.1864224848568485,0.0,1.05e-08
416.0,1.151414928617751,0.0,0.590220433,0.0,0.0,0.0,1.151414928617751,0.0,0.0,0.0,0.0,0.0,0.0,0.0,0.0,0.0,1.12265564928926,0.0,1.05e-08
417.0,1.1624386015471904,0.0,0.577691366,0.0,0.0,0.0,1.1624386015471904,0.0,0.0,0.0,0.0,0.0,0.0,0.0,0.0,0.0,1.0633585160722714,0.0,1.05e-08
418.0,1.1941263078428088,0.0,0.568487642,0.0,0.0,0.0,1.1941263078428088,0.0,0.0,0.0,0.0,0.0,0.0,0.0,0.0,0.0,0.99620962140472,0.0,1.05e-08
419.0,1.2576045052632245,0.0,0.560117288,0.0,0.0,0.0,1.2576045052632245,0.0,0.0,0.0,0.0,0.0,0.0,0.0,0.0,0.0,0.9004811413885034,0.0,1.05e-08
420.0,1.3186415629906407,0.0,0.555313416,0.0,0.0,0.0,1.3186415629906407,0.0,0.0,0.0,0.0,0.0,0.0,0.0,0.0,0.0,0.8209351616305418,0.0,1.05e-08
421.0,1.3352413129030367,7.14e-06,0.54384098,0.0,0.0,1.4014642583696638e-05,1.335227298260453,0.0,0.0,0.0,0.0,0.0,0.0,0.0,0.0,0.0,0.7601470780416215,0.0,1.05e-08
422.0,1.3153760033136022,0.074019154,0.475457886,0.0,0.0,0.14528739322935566,1.1700886100842463,0.0,0.0,0.0,0.0,0.0,0.0,0.0,0.0,0.0,0.6618113532748089,0.0,1.05e-08
423.0,1.2751592975467412,0.476977697,0.394507244,0.0,0.0,0.936228563564391,0.33893073398235024,0.0,0.0,0.0,0.0,0.0,0.0,0.0,0.0,0.0,1.1810730920315522,0.0,1.05e-08
424.0,1.2281823479107583,0.597749599,0.339708951,0.0,0.0,1.173283891391175,0.05489845651958325,0.0,0.0,0.0,0.0,0.0,0.0,0.0,0.0,0.0,1.2539720727403796,0.0,1.05e-08
425.0,1.1868028887638107,0.609308094,0.330267392,0.0,0.0,1.1868028887638107,0.0,0.0,0.0,0.0,0.0,0.0,0.0,0.0,0.0,0.009168422267482601,1.2724929822774897,0.0,1e-08
426.0,1.151374242956201,0.5733387,0.365810423,0.0,0.0,1.1253693221150238,0.026004920841177247,0.0,0.0,0.0,0.0,0.0,0.0,0.0,0.0,2.220446049250313e-16,1.3834324241312868,0.0,1.05e-08
427.0,1.1229520963376214,0.556546973,0.393296099,0.0,0.0,1.0924099310410733,0.030542165296548095,0.0,0.0,0.0,0.0,0.0,0.0,0.0,0.0,0.0,1.484795219069308,0.0,1.05e-08
428.0,1.1054658272735574,0.57403147,0.404899941,0.0,0.0,1.1054658272735574,0.0,0.0,0.0,0.0,0.0,0.0,0.0,0.0,0.0,0.021263288110753287,1.5600460291492222,0.0,1e-08
429.0,1.1099305432910167,0.601320264,0.444754556,0.0,0.0,1.1099305432910167,0.0,0.0,0.0,0.0,0.0,0.0,0.0,0.0,0.0,0.0703619746773454,1.7136025688722574,0.0,1e-08
430.0,1.1462692631069813,0.546487937,0.564693945,0.0,0.0,1.0726657021508017,0.07360356095617944,0.0,0.0,0.0,0.0,0.0,0.0,0.0,0.0,2.220446049250313e-16,2.102115567098372,0.0,1.05e-08
431.0,1.198576034406013,0.229882851,0.641893334,0.0,0.0,0.45122212785520854,0.7473539065508045,0.0,0.0,0.0,0.0,0.0,0.0,0.0,0.0,0.0,1.725808090882175,0.0,1.05e-08
432.0,1.2245763134870644,0.006584161,0.696589874,0.0,0.0,0.01292362228690681,1.2116526912001577,0.0,0.0,0.0,0.0,0.0,0.0,0.0,0.0,1.734723475976807e-18,1.4722505570822546,0.0,1.05e-08
433.0,1.2340389418233488,0.0,0.728531935,0.0,0.0,0.0,1.2340389418233488,0.0,0.0,0.0,0.0,0.0,0.0,0.0,0.0,0.0,1.5729344291733869,0.0,1.05e-08
434.0,1.2172914387190084,0.0,0.74593198,0.0,0.0,0.0,1.2172914387190084,0.0,0.0,0.0,0.0,0.0,0.0,0.0,0.0,0.0,1.6567228684710666,0.0,1.05e-08
435.0,1.1808970437872384,0.0,0.751336251,0.0,0.0,0.0,1.1808970437872384,0.0,0.0,0.0,0.0,0.0,0.0,0.0,0.0,0.0,1.71393947318922,0.0,1.05e-08
436.0,1.1387445570708412,0.0,0.744147187,0.0,0.0,0.0,1.1387445570708412,0.0,0.0,0.0,0.0,0.0,0.0,0.0,0.0,0.0,1.7283930901087958,0.0,1.05e-08
437.0,1.1038705210706763,0.0,0.72564137,0.0,0.0,0.0,1.1038705210706763,0.0,0.0,0.0,0.0,0.0,0.0,0.0,0.0,0.0,1.6919657417330802,0.0,1.05e-08
438.0,1.076835969646012,0.0,0.70507729,0.0,0.0,0.0,1.076835969646012,0.0,0.0,0.0,0.0,0.0,0.0,0.0,0.0,0.0,1.6397685914492306,0.0,1.05e-08
439.0,1.0616088254732763,0.0,0.680963665,0.0,0.0,0.0,1.0616088254732763,0.0,0.0,0.0,0.0,0.0,0.0,0.0,0.0,0.0,1.5620879302102504,0.0,1.05e-08
440.0,1.0606345109466844,0.0,0.656160524,0.0,0.0,0.0,1.0606345109466844,0.0,0.0,0.0,0.0,0.0,0.0,0.0,0.0,0.0,1.4674977911290847,0.0,1.05e-08
441.0,1.0680885524127641,0.0,0.635558177,0.0,0.0,0.0,1.0680885524127641,0.0,0.0,0.0,0.0,0.0,0.0,0.0,0.0,0.0,1.3806646083642302,0.0,1.05e-08
442.0,1.100352282021906,0.0,0.622916418,0.0,0.0,0.0,1.100352282021906,0.0,0.0,0.0,0.0,0.0,0.0,0.0,0.0,0.0,1.299693225499561,0.0,1.05e-08
443.0,1.1655799628889711,0.0,0.616584728,0.0,0.0,0.0,1.1655799628889711,0.0,0.0,0.0,0.0,0.0,0.0,0.0,0.0,0.0,1.2100700660411474,0.0,1.05e-08
444.0,1.223674804881141,0.0,0.612923494,0.0,0.0,0.0,1.2236748048811412,0.0,0.0,0.0,0.0,0.0,0.0,0.0,0.0,0.0,1.1378687918539523,0.0,1.05e-08
445.0,1.236077507602064,8.34e-06,0.591944807,0.0,0.0,1.6370044698603635e-05,1.2360611375573656,0.0,0.0,0.0,0.0,0.0,0.0,0.0,0.0,0.0,1.0446533109435114,0.0,1.05e-08
446.0,1.2096018486860602,0.075202339,0.490186576,0.0,0.0,0.14760979027212753,1.0619920584139328,0.0,0.0,0.0,0.0,0.0,0.0,0.0,0.0,0.0,0.8266563309693924,0.0,1.05e-08
447.0,1.1708134237746646,0.448259426,0.409735889,0.0,0.0,0.8798593333561641,0.2909540904185005,0.0,0.0,0.0,0.0,0.0,0.0,0.0,0.0,1.1102230246251565e-16,1.287724446939885,0.0,1.05e-08
448.0,1.1269157363128335,0.546535471,0.394034356,0.0,0.0,1.0727590035542436,0.05415673275858997,0.0,0.0,0.0,0.0,0.0,0.0,0.0,0.0,0.0,1.4640250948504465,0.0,1.05e-08
449.0,1.0875684188927777,0.551369996,0.413653284,0.0,0.0,1.0822483788955526,0.005320039997225219,0.0,0.0,0.0,0.0,0.0,0.0,0.0,0.0,0.0,1.5884518967310528,0.0,1.05e-08
450.0,1.0553261027897147,0.529097723,0.463347202,0.0,0.0,1.0385315797888974,0.01679452300081726,0.0,0.0,0.0,0.0,0.0,0.0,0.0,0.0,0.0,1.7684439752125045,0.0,1.05e-08
451.0,1.0293022688519764,0.518317971,0.505817701,0.0,0.0,1.0173727042397533,0.011929564612223144,0.0,0.0,0.0,0.0,0.0,0.0,0.0,0.0,0.0,1.9369442583119414,0.0,1.05e-08
452.0,1.009980862316947,0.52414762,0.523883018,0.0,0.0,1.009980862316947,0.0,0.0,0.0,0.0,0.0,0.0,0.0,0.0,0.0,0.01883448157594425,2.0184779971840268,0.0,1e-08
453.0,1.0110536789715021,0.535901263,0.569214045,0.0,0.0,1.0110536789715021,0.0,0.0,0.0,0.0,0.0,0.0,0.0,0.0,0.0,0.04083212790477386,2.193134700007814,0.0,1e-08
454.0,1.035544305873988,0.469638472,0.64461368,0.0,0.0,0.9218228751587423,0.11372143071524561,0.0,0.0,0.0,0.0,0.0,0.0,0.0,0.0,1.1102230246251565e-16,2.3699218351632925,0.0,1.05e-08
455.0,1.075641096006807,0.193859267,0.70074592,0.0,0.0,0.38051377290510036,0.6951273231017067,0.0,0.0,0.0,0.0,0.0,0.0,0.0,0.0,-5.551115123125783e-17,2.00478882714174,0.0,1.05e-08
456.0,1.0914207086363794,0.008240053,0.734740036,0.0,0.0,0.01617386521928813,1.0752468434170912,0.0,0.0,0.0,0.0,0.0,0.0,0.0,0.0,0.0,1.7556458279620748,0.0,1.05e-08
457.0,1.0952216059653914,0.0,0.739924708,0.0,0.0,0.0,1.0952216059653914,0.0,0.0,0.0,0.0,0.0,0.0,0.0,0.0,0.0,1.7556471783913785,0.0,1.05e-08
458.0,1.0821293883487264,0.0,0.731164626,0.0,0.0,0.0,1.0821293883487264,0.0,0.0,0.0,0.0,0.0,0.0,0.0,0.0,0.0,1.734987523618609,0.0,1.05e-08
459.0,1.0496258274715002,0.0,0.714421274,0.0,0.0,0.0,1.0496258274715002,0.0,0.0,0.0,0.0,0.0,0.0,0.0,0.0,0.0,1.7029803321906185,0.0,1.05e-08
460.0,1.0138759790727065,0.0,0.700625149,0.0,0.0,0.0,1.0138759790727065,0.0,0.0,0.0,0.0,0.0,0.0,0.0,0.0,0.0,1.685574850483063,0.0,1.05e-08
461.0,0.97498691068274,0.0,0.685511912,0.0,0.0,0.0,0.97498691068274,0.0,0.0,0.0,0.0,0.0,0.0,0.0,0.0,0.0,1.6662338650201913,0.0,1.05e-08
462.0,0.946813160734676,0.0,0.662976373,0.0,0.0,0.0,0.946813160734676,0.0,0.0,0.0,0.0,0.0,0.0,0.0,0.0,0.0,1.6075800445693567,0.0,1.05e-08
463.0,0.927890045412715,0.0,0.638380736,0.0,0.0,0.0,0.9278900454127149,0.0,0.0,0.0,0.0,0.0,0.0,0.0,0.0,0.0,1.5317382020563506,0.0,1.05e-08
464.0,0.9185451913598647,0.0,0.609713732,0.0,0.0,0.0,0.9185451913598647,0.0,0.0,0.0,0.0,0.0,0.0,0.0,0.0,0.0,1.4306314575059673,0.0,1.05e-08
465.0,0.9178770899702017,0.0,0.579158499,0.0,0.0,0.0,0.9178770899702017,0.0,0.0,0.0,0.0,0.0,0.0,0.0,0.0,0.0,1.3135727699174633,0.0,1.05e-08
466.0,0.9281662796411333,0.0,0.552296973,0.0,0.0,0.0,0.9281662796411333,0.0,0.0,0.0,0.0,0.0,0.0,0.0,0.0,0.0,1.199788339250217,0.0,1.05e-08
467.0,0.9510508935876987,0.0,0.528112129,0.0,0.0,0.0,0.9510508935876987,0.0,0.0,0.0,0.0,0.0,0.0,0.0,0.0,0.0,1.083721518967412,0.0,1.05e-08
468.0,0.9836379671386326,0.0,0.506078942,0.0,0.0,0.0,0.9836379671386326,0.0,0.0,0.0,0.0,0.0,0.0,0.0,0.0,0.0,0.9662423957808068,0.0,1.05e-08
469.0,1.0068823279873242,9.51e-06,0.470639472,0.0,0.0,1.8666561760637957e-05,1.0068636614255635,0.0,0.0,0.0,0.0,0.0,0.0,0.0,0.0,3.3881317890172014e-21,0.8064713507780727,0.0,1.05e-08
470.0,1.0078116741511502,0.078329839,0.398253924,0.0,0.0,0.15374855703410384,0.8540631171170464,0.0,0.0,0.0,0.0,0.0,0.0,0.0,0.0,2.7755575615628914e-17,0.6803763574722971,0.0,1.05e-08
471.0,0.9931391397858592,0.382464302,0.280425768,0.0,0.0,0.7507143548393572,0.24242478494650208,0.0,0.0,0.0,0.0,0.0,0.0,0.0,0.0,0.0,0.8380325368280178,0.0,1.05e-08
472.0,0.970331614461178,0.495844745,0.248330782,0.0,0.0,0.970331614461178,0.0,0.0,0.0,0.0,0.0,0.0,0.0,0.0,0.0,0.002929853070922861,0.956797991666344,0.0,1e-08
473.0,0.9432049849603743,0.523219935,0.281816868,0.0,0.0,0.9432049849603743,0.0,0.0,0.0,0.0,0.0,0.0,0.0,0.0,0.0,0.08378946625671069,1.0858171151738216,0.0,1e-08
474.0,0.9184745267898042,0.513750505,0.315216407,0.0,0.0,0.9184745267898042,0.0,0.0,0.0,0.0,0.0,0.0,0.0,0.0,0.0,0.08993299488647755,1.2145027802388222,0.0,1e-08
475.0,0.9008190910277165,0.506469152,0.328153058,0.0,0.0,0.9008190910277165,0.0,0.0,0.0,0.0,0.0,0.0,0.0,0.0,0.0,0.09329633543557825,1.2643466280131526,0.0,1e-08
476.0,0.889332886366972,0.513585735,0.343471581,0.0,0.0,0.889332886366972,0.0,0.0,0.0,0.0,0.0,0.0,0.0,0.0,0.0,0.11875121897058216,1.3233676318679817,0.0,1e-08
477.0,0.8905320427073927,0.517430115,0.370752004,0.0,0.0,0.8905320427073927,0.0,0.0,0.0,0.0,0.0,0.0,0.0,0.0,0.0,0.12509794661558338,1.4284768484056574,0.0,1e-08
478.0,0.9148684923661103,0.445640094,0.431848099,0.0,0.0,0.8747180165791277,0.040150475786982665,0.0,0.0,0.0,0.0,0.0,0.0,0.0,0.0,0.0,1.6237245802990103,0.0,1.05e-08
479.0,0.9479416525050363,0.203680249,0.520032307,0.0,0.0,0.39979074104948664,0.5481509114555496,0.0,0.0,0.0,0.0,0.0,0.0,0.0,0.0,0.0,1.4554906143026856,0.0,1.05e-08
480.0,0.9623400939925169,0.009264786,0.563661628,0.0,0.0,0.01818524711546729,0.9441548468770495,0.0,0.0,0.0,0.0,0.0,0.0,0.0,0.0,0.0,1.2275868490427975,0.0,1.05e-08
481.0,0.9687191774534337,0.0,0.569200267,0.0,0.0,0.0,0.9687191774534337,0.0,0.0,0.0,0.0,0.0,0.0,0.0,0.0,0.0,1.224362437058402,0.0,1.05e-08
482.0,0.9546440799077451,0.0,0.560520755,0.0,0.0,0.0,0.9546440799077451,0.0,0.0,0.0,0.0,0.0,0.0,0.0,0.0,0.0,1.2049960917698155,0.0,1.05e-08
483.0,0.9284318071165122,0.0,0.551899707,0.0,0.0,0.0,0.9284318071165122,0.0,0.0,0.0,0.0,0.0,0.0,0.0,0.0,0.0,1.1979921786898213,0.0,1.05e-08
484.0,0.8981102825087304,0.0,0.543168374,0.0,0.0,0.0,0.8981102825087304,0.0,0.0,0.0,0.0,0.0,0.0,0.0,0.0,0.0,1.1946725984305868,0.0,1.05e-08
485.0,0.8662148652041463,0.0,0.530364774,0.0,0.0,0.0,0.8662148652041463,0.0,0.0,0.0,0.0,0.0,0.0,0.0,0.0,0.0,1.1772368024742264,0.0,1.05e-08
486.0,0.8418227404296234,0.0,0.516310629,0.0,0.0,0.0,0.8418227404296232,0.0,0.0,0.0,0.0,0.0,0.0,0.0,0.0,0.0,1.1474794673940805,0.0,1.05e-08
487.0,0.8264735392722378,0.0,0.50364748,0.0,0.0,0.0,0.8264735392722378,0.0,0.0,0.0,0.0,0.0,0.0,0.0,0.0,0.0,1.1140386013926886,0.0,1.05e-08
488.0,0.8152014696722827,0.0,0.490824342,0.0,0.0,0.0,0.8152014696722827,0.0,0.0,0.0,0.0,0.0,0.0,0.0,0.0,0.0,1.0759041794314792,0.0,1.05e-08
489.0,0.8145976088008565,0.0,0.486467478,0.0,0.0,0.0,0.8145976088008565,0.0,0.0,0.0,0.0,0.0,0.0,0.0,0.0,0.0,1.0597214031748372,0.0,1.05e-08
490.0,0.8191265653365527,0.0,0.485770861,0.0,0.0,0.0,0.8191265653365527,0.0,0.0,0.0,0.0,0.0,0.0,0.0,0.0,0.0,1.052508438876621,0.0,1.05e-08
491.0,0.8369832880557825,0.0,0.485831995,0.0,0.0,0.0,0.8369832880557825,0.0,0.0,0.0,0.0,0.0,0.0,0.0,0.0,0.0,1.034887260409906,0.0,1.05e-08
492.0,0.8632876389231549,0.0,0.489320396,0.0,0.0,0.0,0.8632876389231549,0.0,0.0,0.0,0.0,0.0,0.0,0.0,0.0,0.0,1.022023430464047,0.0,1.05e-08
493.0,0.8897889940464535,4.01e-06,0.48573677,0.0,0.0,7.870968733980883e-06,0.8897811230777195,0.0,0.0,0.0,0.0,0.0,0.0,0.0,0.0,1.6940658945086007e-21,0.9817225313282689,0.0,1.05e-08
494.0,0.9031124775287712,0.072691989,0.4383021,0.0,0.0,0.14268238718949686,0.7604300903392744,0.0,0.0,0.0,0.0,0.0,0.0,0.0,0.0,0.0,0.9283116985185444,0.0,1.05e-08
495.0,0.8999497026809115,0.408323576,0.421194195,0.0,0.0,0.8014718453973236,0.09847785728358789,0.0,0.0,0.0,0.0,0.0,0.0,0.0,0.0,0.0,1.524348586671002,0.0,1.05e-08
496.0,0.8926005873946186,0.534750142,0.439078845,0.0,0.0,0.8926005873946186,0.0,0.0,0.0,0.0,0.0,0.0,0.0,0.0,0.0,0.15702575878339609,1.6917345231860057,0.0,1e-08
497.0,0.8872001011615094,0.547282284,0.456112499,0.0,0.0,0.8872001011615094,0.0,0.0,0.0,0.0,0.0,0.0,0.0,0.0,0.0,0.18702477315910082,1.7573637851191455,0.0,1e-08
498.0,0.8819088238094028,0.532800669,0.479378994,0.0,0.0,0.8819088238094028,0.0,0.0,0.0,0.0,0.0,0.0,0.0,0.0,0.0,0.16389102834598335,1.8470076686112653,0.0,1e-08
499.0,0.8784912282392037,0.518281734,0.50701075,0.0,0.0,0.8784912282392036,0.0,0.0,0.0,0.0,0.0,0.0,0.0,0.0,0.0,0.13881034874518494,1.953470542178886,0.0,1e-08
500.0,0.8765597299908832,0.518794397,0.537305155,0.0,0.0,0.8765597299908832,0.0,0.0,0.0,0.0,0.0,0.0,0.0,0.0,0.0,0.1417481199222006,2.070192382416666,0.0,1e-08
501.0,0.882493412525358,0.520325599,0.560079853,0.0,0.0,0.882493412525358,0.0,0.0,0.0,0.0,0.0,0.0,0.0,0.0,0.0,0.13881993441201745,2.1579414126887464,0.0,1e-08
502.0,0.9041617393266393,0.478224112,0.585844886,0.0,0.0,0.9041617393266395,0.0,0.0,0.0,0.0,0.0,0.0,0.0,0.0,0.0,0.034513331343627995,2.2572119567231024,0.0,1e-08
503.0,0.9421642885649377,0.21821793,0.621883572,0.0,0.0,0.42832581152718935,0.5138384770377484,0.0,0.0,0.0,0.0,0.0,0.0,0.0,0.0,0.0,1.8822275601557086,0.0,1.05e-08
504.0,0.9594985217358413,0.006833174,0.643749076,0.0,0.0,0.013412393742606258,0.9460861279932351,0.0,0.0,0.0,0.0,0.0,0.0,0.0,0.0,1.734723475976807e-18,1.5342258900870067,0.0,1.05e-08
505.0,0.9634899992689561,0.0,0.655107193,0.0,0.0,0.0,0.9634899992689561,0.0,0.0,0.0,0.0,0.0,0.0,0.0,0.0,0.0,1.5605839054658022,0.0,1.05e-08
506.0,0.9409736976269486,0.0,0.658908711,0.0,0.0,0.0,0.9409736976269486,0.0,0.0,0.0,0.0,0.0,0.0,0.0,0.0,0.0,1.5977471419677958,0.0,1.05e-08
507.0,0.9046499672652393,0.0,0.665222893,0.0,0.0,0.0,0.9046499672652393,0.0,0.0,0.0,0.0,0.0,0.0,0.0,0.0,0.0,1.6583988940429626,0.0,1.05e-08
508.0,0.8634418161669233,0.0,0.674900541,0.0,0.0,0.0,0.8634418161669234,0.0,0.0,0.0,0.0,0.0,0.0,0.0,0.0,0.0,1.736894223540506,0.0,1.05e-08
509.0,0.8274350056951822,0.0,0.683015271,0.0,0.0,0.0,0.8274350056951822,0.0,0.0,0.0,0.0,0.0,0.0,0.0,0.0,0.0,1.8041664184498265,0.0,1.05e-08
510.0,0.8001285027433154,0.0,0.693708301,0.0,0.0,0.0,0.8001285027433155,0.0,0.0,0.0,0.0,0.0,0.0,0.0,0.0,0.0,1.8726722827794058,0.0,1.05e-08
511.0,0.7842032782724062,0.0,0.70431704,0.0,0.0,0.0,0.7842032782724062,0.0,0.0,0.0,0.0,0.0,0.0,0.0,0.0,0.0,1.9294721023672117,0.0,1.05e-08
512.0,0.7794344904686259,0.0,0.707937471,0.0,0.0,0.0,0.7794344904686259,0.0,0.0,0.0,0.0,0.0,0.0,0.0,0.0,0.0,1.9481901117772233,0.0,1.05e-08
513.0,0.7898243236181285,0.0,0.710347533,0.0,0.0,0.0,0.7898243236181285,0.0,0.0,0.0,0.0,0.0,0.0,0.0,0.0,0.0,1.9470860484498091,0.0,1.05e-08
514.0,0.826246556107801,0.0,0.71471437,0.0,0.0,0.0,0.826246556107801,0.0,0.0,0.0,0.0,0.0,0.0,0.0,0.0,0.0,1.9274888782334654,0.0,1.05e-08
515.0,0.8955984782456704,0.0,0.721942338,0.0,0.0,0.0,0.8955984782456704,0.0,0.0,0.0,0.0,0.0,0.0,0.0,0.0,0.0,1.885985719791063,0.0,1.05e-08
516.0,0.9631923515344588,0.0,0.726734898,0.0,0.0,0.0,0.9631923515344588,0.0,0.0,0.0,0.0,0.0,0.0,0.0,0.0,0.0,1.8368571843311567,0.0,1.05e-08
517.0,0.9943061758671615,2.63e-05,0.716512042,0.0,0.0,5.162256301837837e-05,0.994254553304143,0.0,0.0,0.0,0.0,0.0,0.0,0.0,0.0,0.0,1.7664071627707938,0.0,1.05e-08
518.0,1.0071371487096636,0.090170428,0.627724592,0.0,0.0,0.1769896806777243,0.8301474680319395,0.0,0.0,0.0,0.0,0.0,0.0,0.0,0.0,0.0,1.58842353677074,0.0,1.05e-08
519.0,1.0074048175356503,0.478460318,0.631266651,0.0,0.0,0.9391387040968956,0.06826611343875463,0.0,0.0,0.0,0.0,0.0,0.0,0.0,0.0,0.0,2.3639521521274482,0.0,1.05e-08
520.0,0.9979057862390317,0.575906987,0.663776652,0.0,0.0,0.9979057862390317,0.0,0.0,0.0,0.0,0.0,0.0,0.0,0.0,0.0,0.1325046597355657,2.5574766141903815,0.0,1e-08
521.0,0.9867750457791976,0.592263891,0.657050959,0.0,0.0,0.9867750457791976,0.0,0.0,0.0,0.0,0.0,0.0,0.0,0.0,0.0,0.17574130542450883,2.531563074583502,0.0,1e-08
522.0,0.9771732296534,0.574016168,0.659820112,0.0,0.0,0.9771732296534,0.0,0.0,0.0,0.0,0.0,0.0,0.0,0.0,0.0,0.14952585042827538,2.5422323923687484,0.0,1e-08
523.0,0.9671666982627104,0.563359308,0.655453621,0.0,0.0,0.9671666982627104,0.0,0.0,0.0,0.0,0.0,0.0,0.0,0.0,0.0,0.13861472300040856,2.525408663204842,0.0,1e-08
524.0,0.9587833106328046,0.573438514,0.647321103,0.0,0.0,0.9587833106328046,0.0,0.0,0.0,0.0,0.0,0.0,0.0,0.0,0.0,0.16678192990446716,2.4940747430724985,0.0,1e-08
525.0,0.9625563704039142,0.590480121,0.633684048,0.0,0.0,0.9625563704039142,0.0,0.0,0.0,0.0,0.0,0.0,0.0,0.0,0.0,0.196458734441036,2.441532296537443,0.0,1e-08
526.0,0.9828756463222222,0.525342016,0.624215875,0.0,0.0,0.9828756463222222,0.0,0.0,0.0,0.0,0.0,0.0,0.0,0.0,0.0,0.048284099957699333,2.4050522080112064,0.0,1e-08
527.0,1.013601886194896,0.238241704,0.653095554,0.0,0.0,0.4676291778838725,0.5459727083110236,0.0,0.0,0.0,0.0,0.0,0.0,0.0,0.0,0.0,1.9703505175120979,0.0,1.05e-08
528.0,1.030424336570513,0.009658148,0.642362719,0.0,0.0,0.018957351854403993,1.011466984716109,0.0,0.0,0.0,0.0,0.0,0.0,0.0,0.0,0.0,1.4635035143520736,0.0,1.05e-08
529.0,1.0315892313012074,0.0,0.624062342,0.0,0.0,0.0,1.0315892313012074,0.0,0.0,0.0,0.0,0.0,0.0,0.0,0.0,0.0,1.3728714267423658,0.0,1.05e-08
530.0,1.0068073807160478,0.0,0.607104202,0.0,0.0,0.0,1.0068073807160478,0.0,0.0,0.0,0.0,0.0,0.0,0.0,0.0,0.0,1.3323149645991554,0.0,1.05e-08
531.0,0.9618390179502696,0.0,0.593883735,0.0,0.0,0.0,0.9618390179502696,0.0,0.0,0.0,0.0,0.0,0.0,0.0,0.0,0.0,1.3263459599849559,0.0,1.05e-08
532.0,0.9138684816322238,0.0,0.58353456,0.0,0.0,0.0,0.9138684816322238,0.0,0.0,0.0,0.0,0.0,0.0,0.0,0.0,0.0,1.334441979838895,0.0,1.05e-08
533.0,0.8740843286881574,0.0,0.57630321,0.0,0.0,0.0,0.8740843286881574,0.0,0.0,0.0,0.0,0.0,0.0,0.0,0.0,0.0,1.3463643385208366,0.0,1.05e-08
534.0,0.8416835526401103,0.0,0.575083548,0.0,0.0,0.0,0.8416835526401103,0.0,0.0,0.0,0.0,0.0,0.0,0.0,0.0,0.0,1.3740658576233162,0.0,1.05e-08
535.0,0.8255035074468617,0.0,0.571093787,0.0,0.0,0.0,0.8255035074468617,0.0,0.0,0.0,0.0,0.0,0.0,0.0,0.0,0.0,1.374873683225887,0.0,1.05e-08
536.0,0.820499171076213,0.0,0.563104003,0.0,0.0,0.0,0.8204991710762131,0.0,0.0,0.0,0.0,0.0,0.0,0.0,0.0,0.0,1.349094041776791,0.0,1.05e-08
537.0,0.8272529908935112,0.0,0.557016483,0.0,0.0,0.0,0.8272529908935112,0.0,0.0,0.0,0.0,0.0,0.0,0.0,0.0,0.0,1.3188855102104324,0.0,1.05e-08
538.0,0.8591741044053901,0.0,0.547851958,0.0,0.0,0.0,0.8591741044053901,0.0,0.0,0.0,0.0,0.0,0.0,0.0,0.0,0.0,1.251654238835901,0.0,1.05e-08
539.0,0.9276116698336887,0.0,0.533750612,0.0,0.0,0.0,0.9276116698336887,0.0,0.0,0.0,0.0,0.0,0.0,0.0,0.0,0.0,1.1288853519985946,0.0,1.05e-08
540.0,0.9979528959524053,0.0,0.516243535,0.0,0.0,0.0,0.9979528959524053,0.0,0.0,0.0,0.0,0.0,0.0,0.0,0.0,0.0,0.9910908042310618,0.0,1.05e-08
541.0,1.0322080816268888,2.46e-05,0.491095838,0.0,0.0,4.828574335559346e-05,1.0321597958835331,0.0,0.0,0.0,0.0,0.0,0.0,0.0,0.0,0.0,0.8599919048834714,0.0,1.05e-08
542.0,1.0451482633503935,0.089386224,0.424045664,0.0,0.0,0.1754504175442922,0.8696978458061012,0.0,0.0,0.0,0.0,0.0,0.0,0.0,0.0,2.7755575615628914e-17,0.7641150726826801,0.0,1.05e-08
543.0,1.0394244331754923,0.554107224,0.348839128,0.0,0.0,1.0394244331754923,0.0,0.0,0.0,0.0,0.0,0.0,0.0,0.0,0.0,0.04819667290354568,1.3440483471156577,0.0,1e-08
544.0,1.0244606751275276,0.656670575,0.314687512,0.0,0.0,1.0244606751275276,0.0,0.0,0.0,0.0,0.0,0.0,0.0,0.0,0.0,0.26447537583263436,1.2124649914889671,0.0,1e-08
545.0,1.007957285992487,0.656526857,0.31597492,0.0,0.0,1.007957285992487,0.0,0.0,0.0,0.0,0.0,0.0,0.0,0.0,0.0,0.28069667023338307,1.2174252681769178,0.0,1e-08
546.0,0.9933104478344907,0.628196692,0.314536202,0.0,0.0,0.9933104478344907,0.0,0.0,0.0,0.0,0.0,0.0,0.0,0.0,0.0,0.2397360662608259,1.2118820065567204,0.0,1e-08
547.0,0.9804237998761834,0.614733216,0.308794656,0.0,0.0,0.9804237998761834,0.0,0.0,0.0,0.0,0.0,0.0,0.0,0.0,0.0,0.22619613101546687,1.1897603040532427,0.0,1e-08
548.0,0.9725008026269749,0.631101139,0.303694175,0.0,0.0,0.9725008026269748,0.0,0.0,0.0,0.0,0.0,0.0,0.0,0.0,0.0,0.2662466619737045,1.1701085720447142,0.0,1e-08
549.0,0.9773124174429132,0.663241893,0.283680443,0.0,0.0,0.9773124174429132,0.0,0.0,0.0,0.0,0.0,0.0,0.0,0.0,0.0,0.3245220471130209,1.0929973157231019,0.0,1e-08
550.0,0.9991413455397866,0.614032143,0.278450219,0.0,0.0,0.9991413455397866,0.0,0.0,0.0,0.0,0.0,0.0,0.0,0.0,0.0,0.20610249466277675,1.072845694651957,0.0,1e-08
551.0,1.034595687554691,0.271895702,0.284929378,0.0,0.0,0.533686426270769,0.5009092612839219,0.0,0.0,0.0,0.0,0.0,0.0,0.0,0.0,1.1102230246251565e-16,0.5969000978358854,0.0,1.05e-08
552.0,1.0578036454430482,0.012329716,0.292729061,0.0,0.0,0.024201199285502205,1.033602446157546,0.0,0.0,0.0,0.0,0.0,0.0,0.0,0.0,3.469446951953614e-18,0.09425844733078015,0.0,1.05e-08
553.0,1.062989996615368,0.0,0.3083122,0.0,0.0,0.0,1.062989996615368,0.0,0.0,0.0,0.0,0.0,0.0,0.0,0.0,0.0,0.1249114443192969,0.0,1.05e-08
554.0,1.0438677356868729,0.0,0.328021415,0.0,0.0,0.0,1.0438677356868729,0.0,0.0,0.0,0.0,0.0,0.0,0.0,0.0,0.0,0.21997168272059775,0.0,1.05e-08
555.0,1.005569680064685,0.0,0.3506923,0.0,0.0,0.0,1.005569680064685,0.0,0.0,0.0,0.0,0.0,0.0,0.0,0.0,0.0,0.34561878570050975,0.0,1.05e-08
556.0,0.9581109265419259,0.0,0.371975874,0.0,0.0,0.0,0.9581109265419259,0.0,0.0,0.0,0.0,0.0,0.0,0.0,0.0,0.0,0.47508139188573084,0.0,1.05e-08
557.0,0.9226201815666873,0.0,0.380296636,0.0,0.0,0.0,0.9226201815666873,0.0,0.0,0.0,0.0,0.0,0.0,0.0,0.0,0.0,0.5426313455769217,0.0,1.05e-08
558.0,0.8986199239534092,0.0,0.375525567,0.0,0.0,0.0,0.8986199239534092,0.0,0.0,0.0,0.0,0.0,0.0,0.0,0.0,0.0,0.5482490684092256,0.0,1.05e-08
559.0,0.8849281281665337,0.0,0.365075342,0.0,0.0,0.0,0.8849281281665337,0.0,0.0,0.0,0.0,0.0,0.0,0.0,0.0,0.0,0.521677010428422,0.0,1.05e-08
560.0,0.8828060497141105,0.0,0.355031005,0.0,0.0,0.0,0.8828060497141105,0.0,0.0,0.0,0.0,0.0,0.0,0.0,0.0,0.0,0.4850990880520315,0.0,1.05e-08
561.0,0.8942686995181681,0.0,0.344927644,0.0,0.0,0.0,0.8942686995181681,0.0,0.0,0.0,0.0,0.0,0.0,0.0,0.0,0.0,0.4347090228223658,0.0,1.05e-08
562.0,0.9304468180385407,0.0,0.333061759,0.0,0.0,0.0,0.9304468180385407,0.0,0.0,0.0,0.0,0.0,0.0,0.0,0.0,0.0,0.3528126294835948,0.0,1.05e-08
563.0,1.003890861188096,0.0,0.323113197,0.0,0.0,0.0,1.003890861188096,0.0,0.0,0.0,0.0,0.0,0.0,0.0,0.0,0.0,0.24103759866949748,0.0,1.05e-08
564.0,1.0744526464194257,0.0,0.319788042,0.0,0.0,0.0,1.0744526464194257,0.0,0.0,0.0,0.0,0.0,0.0,0.0,0.0,0.0,0.15766426587102256,0.0,1.05e-08
565.0,1.0993565539892352,2.88e-05,0.30986802,0.0,0.0,5.6529650757767945e-05,1.0993000243384774,0.0,0.0,0.0,0.0,0.0,0.0,0.0,0.0,0.0,0.09459586255011021,0.0,1.05e-08
566.0,1.0958682938489757,0.096848169,0.269843795,0.0,0.0,0.19009698507289194,0.9057713087760837,0.0,0.0,0.0,0.0,0.0,0.0,0.0,0.0,2.7755575615628914e-17,0.13391454506874756,0.0,1.05e-08
567.0,1.0761036277381122,0.57218876,0.196813834,0.0,0.0,1.0761036277381122,0.0,0.0,0.0,0.0,0.0,0.0,0.0,0.0,0.0,0.047008551786898334,0.7583074461681243,0.0,1e-08
568.0,1.0484909116493164,0.652285343,0.164332258,0.0,0.0,1.0484909116493164,0.0,0.0,0.0,0.0,0.0,0.0,0.0,0.0,0.0,0.23183765203821394,0.633158616721126,0.0,1e-08
569.0,1.022591276046836,0.631420775,0.190294076,0.0,0.0,1.022591276046836,0.0,0.0,0.0,0.0,0.0,0.0,0.0,0.0,0.0,0.2167835813125103,0.7331873571066299,0.0,1e-08
570.0,1.0058758932016139,0.602061112,0.220029848,0.0,0.0,1.0058758932016139,0.0,0.0,0.0,0.0,0.0,0.0,0.0,0.0,0.0,0.17587078722176863,0.8477568305368238,0.0,1e-08
571.0,0.9919249939911832,0.588468843,0.236778375,0.0,0.0,0.9919249939911833,0.0,0.0,0.0,0.0,0.0,0.0,0.0,0.0,0.0,0.16314230380804517,0.9122875216896006,0.0,1e-08
572.0,0.984357460942885,0.600074483,0.233389398,0.0,0.0,0.984357460942885,0.0,0.0,0.0,0.0,0.0,0.0,0.0,0.0,0.0,0.19348979435705116,0.8992300732279619,0.0,1e-08
573.0,0.9939999627302326,0.616978187,0.231369251,0.0,0.0,0.9939999627302326,0.0,0.0,0.0,0.0,0.0,0.0,0.0,0.0,0.0,0.2170264760291717,0.8914466136950604,0.0,1e-08
574.0,1.023036676973278,0.552518781,0.273201943,0.0,0.0,1.023036676973278,0.0,0.0,0.0,0.0,0.0,0.0,0.0,0.0,0.0,0.0614665774377523,1.052624520715853,0.0,1e-08
575.0,1.0611634245468342,0.228520967,0.334093421,0.0,0.0,0.44854897414366024,0.6126144504031741,0.0,0.0,0.0,0.0,0.0,0.0,0.0,0.0,0.0,0.6746199055927666,0.0,1.05e-08
576.0,1.0866562035338148,0.006490623,0.398923105,0.0,0.0,0.012740022617720004,1.0739161809160946,0.0,0.0,0.0,0.0,0.0,0.0,0.0,0.0,0.0,0.4631015927939002,0.0,1.05e-08
577.0,1.095639169333931,0.0,0.459907629,0.0,0.0,0.0,1.095639169333931,0.0,0.0,0.0,0.0,0.0,0.0,0.0,0.0,0.0,0.6763469382088303,0.0,1.05e-08
578.0,1.078816718958314,0.0,0.509945659,0.0,0.0,0.0,1.078816718958314,0.0,0.0,0.0,0.0,0.0,0.0,0.0,0.0,0.0,0.8859617851828694,0.0,1.05e-08
579.0,1.0410475769362761,0.0,0.536319494,0.0,0.0,0.0,1.0410475769362761,0.0,0.0,0.0,0.0,0.0,0.0,0.0,0.0,0.0,1.0253471350600394,0.0,1.05e-08
580.0,1.0006360082640968,0.0,0.547297598,0.0,0.0,0.0,1.0006360082640968,0.0,0.0,0.0,0.0,0.0,0.0,0.0,0.0,0.0,1.1080564316856718,0.0,1.05e-08
581.0,0.964744830725182,0.0,0.549682243,0.0,0.0,0.0,0.964744830725182,0.0,0.0,0.0,0.0,0.0,0.0,0.0,0.0,0.0,1.1531354494450436,0.0,1.05e-08
582.0,0.9428238245521692,0.0,0.545729059,0.0,0.0,0.0,0.9428238245521692,0.0,0.0,0.0,0.0,0.0,0.0,0.0,0.0,0.0,1.1598251641872281,0.0,1.05e-08
583.0,0.9327038015792611,0.0,0.5359196,0.0,0.0,0.0,0.9327038015792611,0.0,0.0,0.0,0.0,0.0,0.0,0.0,0.0,0.0,1.1321501518651025,0.0,1.05e-08
584.0,0.9326631159177111,0.0,0.521263548,0.0,0.0,0.0,0.932663115917711,0.0,0.0,0.0,0.0,0.0,0.0,0.0,0.0,0.0,1.075722279716701,0.0,1.05e-08
585.0,0.9475155237340653,0.0,0.505805371,0.0,0.0,0.0,0.9475155237340653,0.0,0.0,0.0,0.0,0.0,0.0,0.0,0.0,0.0,1.0013107927185203,0.0,1.05e-08
586.0,0.9825094753682724,0.0,0.491475167,0.0,0.0,0.0,0.9825094753682724,0.0,0.0,0.0,0.0,0.0,0.0,0.0,0.0,0.0,0.9111037487042914,0.0,1.05e-08
587.0,1.0597822534047425,0.0,0.481454334,0.0,0.0,0.0,1.0597822534047425,0.0,0.0,0.0,0.0,0.0,0.0,0.0,0.0,0.0,0.7952215288096476,0.0,1.05e-08
588.0,1.1279157470467203,0.0,0.478258306,0.0,0.0,0.0,1.1279157470467203,0.0,0.0,0.0,0.0,0.0,0.0,0.0,0.0,0.0,0.714774003266021,0.0,1.05e-08
589.0,1.144273524340424,3.47e-05,0.469009148,0.0,0.0,6.811037782272737e-05,1.1442054139626012,0.0,0.0,0.0,0.0,0.0,0.0,0.0,0.0,0.0,0.6628480945289199,0.0,1.05e-08
590.0,1.127697329284715,0.095763904,0.380696209,0.0,0.0,0.18796875167779226,0.9397285776069229,0.0,0.0,0.0,0.0,0.0,0.0,0.0,0.0,0.0,0.5270624713021519,0.0,1.05e-08
591.0,1.0952044751605283,0.449480221,0.29493159,0.0,0.0,0.8822555526268874,0.21294892253364098,0.0,0.0,0.0,0.0,0.0,0.0,0.0,0.0,0.0,0.923398133269379,0.0,1.05e-08
592.0,1.0583625379517085,0.547533912,0.296974509,0.0,0.0,1.0583625379517085,0.0,0.0,0.0,0.0,0.0,0.0,0.0,0.0,0.0,0.016356240638376596,1.1442182539710224,0.0,1e-08
593.0,1.0262037345223536,0.566989072,0.387739739,0.0,0.0,1.0262037345223536,0.0,0.0,0.0,0.0,0.0,0.0,0.0,0.0,0.0,0.08670231490927649,1.493929188224569,0.0,1e-08
594.0,1.0040643105873355,0.552450489,0.440137885,0.0,0.0,1.0040643105873355,0.0,0.0,0.0,0.0,0.0,0.0,0.0,0.0,0.0,0.0803048978893357,1.69581491683247,0.0,1e-08
595.0,0.9871412167331475,0.544051788,0.477203959,0.0,0.0,0.9871412167331475,0.0,0.0,0.0,0.0,0.0,0.0,0.0,0.0,0.0,0.0807427266619638,1.8386274384076493,0.0,1e-08
596.0,0.9776850124486868,0.555543224,0.504430288,0.0,0.0,0.9776850124486868,0.0,0.0,0.0,0.0,0.0,0.0,0.0,0.0,0.0,0.11275472482785653,1.9435282352313275,0.0,1e-08
597.0,0.9803081669433571,0.567700448,0.564662506,0.0,0.0,0.9803081669433571,0.0,0.0,0.0,0.0,0.0,0.0,0.0,0.0,0.0,0.13399419626735143,2.175597996184319,0.0,1e-08
598.0,1.0067581296520662,0.502528536,0.662417082,0.0,0.0,0.9863806470795979,0.020377482572468384,0.0,0.0,0.0,0.0,0.0,0.0,0.0,0.0,0.0,2.5318608207043276,0.0,1.05e-08
599.0,1.0502489604983976,0.224244943,0.754366395,0.0,0.0,0.440155844166166,0.6100931163322316,0.0,0.0,0.0,0.0,0.0,0.0,0.0,0.0,0.0,2.296418295195398,0.0,1.05e-08
600.0,1.0807889028681845,0.01061437,0.805824431,0.0,0.0,0.020834257955337825,1.0599546449128467,0.0,0.0,0.0,0.0,0.0,0.0,0.0,0.0,0.0,2.044820329042957,0.0,1.05e-08
601.0,1.0925299282512686,0.0,0.817020787,0.0,0.0,0.0,1.0925299282512686,0.0,0.0,0.0,0.0,0.0,0.0,0.0,0.0,0.0,2.0553836805870263,0.0,1.05e-08
602.0,1.0783670353306563,0.0,0.819317609,0.0,0.0,0.0,1.0783670353306563,0.0,0.0,0.0,0.0,0.0,0.0,0.0,0.0,0.0,2.0783960389630125,0.0,1.05e-08
603.0,1.0420304568652996,0.0,0.822112488,0.0,0.0,0.0,1.0420304568652996,0.0,0.0,0.0,0.0,0.0,0.0,0.0,0.0,0.0,2.1255010553667253,0.0,1.05e-08
604.0,1.000066409002397,0.0,0.819169727,0.0,0.0,0.0,1.000066409002397,0.0,0.0,0.0,0.0,0.0,0.0,0.0,0.0,0.0,2.156126888159883,0.0,1.05e-08
605.0,0.9656998730963029,0.0,0.806848173,0.0,0.0,0.0,0.9656998730963029,0.0,0.0,0.0,0.0,0.0,0.0,0.0,0.0,0.0,2.1430194942274747,0.0,1.05e-08
606.0,0.9406524950357644,0.0,0.79037504,0.0,0.0,0.0,0.9406524950357644,0.0,0.0,0.0,0.0,0.0,0.0,0.0,0.0,0.0,2.1045972514705156,0.0,1.05e-08
607.0,0.926393241337797,0.0,0.774797282,0.0,0.0,0.0,0.926393241337797,0.0,0.0,0.0,0.0,0.0,0.0,0.0,0.0,0.0,2.0588366902706894,0.0,1.05e-08
608.0,0.922830033926261,0.0,0.761821086,0.0,0.0,0.0,0.922830033926261,0.0,0.0,0.0,0.0,0.0,0.0,0.0,0.0,0.0,2.0124036862891943,0.0,1.05e-08
609.0,0.9299050563347434,0.0,0.742371047,0.0,0.0,0.0,0.9299050563347434,0.0,0.0,0.0,0.0,0.0,0.0,0.0,0.0,0.0,1.9303892701287437,0.0,1.05e-08
610.0,0.9644536070425085,0.0,0.728824541,0.0,0.0,0.0,0.9644536070425086,0.0,0.0,0.0,0.0,0.0,0.0,0.0,0.0,0.0,1.843647150703847,0.0,1.05e-08
611.0,1.0287112560841976,0.0,0.718385026,0.0,0.0,0.0,1.0287112560841976,0.0,0.0,0.0,0.0,0.0,0.0,0.0,0.0,0.0,1.7391669126398648,0.0,1.05e-08
612.0,1.0897183349031034,0.0,0.711049948,0.0,0.0,0.0,1.0897183349031034,0.0,0.0,0.0,0.0,0.0,0.0,0.0,0.0,0.0,1.6498983841424568,0.0,1.05e-08
613.0,1.102313759178737,5.09e-07,0.688429039,0.0,0.0,9.990830637397183e-07,1.1023127600956732,0.0,0.0,0.0,0.0,0.0,0.0,0.0,0.0,0.0,1.550147464992295,0.0,1.05e-08
614.0,1.088048081428946,0.06327016,0.616753752,0.0,0.0,0.12418889056208679,0.9638591908668591,0.0,0.0,0.0,0.0,0.0,0.0,0.0,0.0,1.3877787807814457e-17,1.412442073574383,0.0,1.05e-08
615.0,1.060705175516745,0.497244511,0.543775692,0.0,0.0,0.9760089773627466,0.08469619815399829,0.0,0.0,0.0,0.0,0.0,0.0,0.0,0.0,0.0,2.0104266288766692,0.0,1.05e-08
616.0,1.0276341567284268,0.64111501,0.626013561,0.0,0.0,1.0276341567284268,0.0,0.0,0.0,0.0,0.0,0.0,0.0,0.0,0.0,0.23076888531542417,2.4119785436857213,0.0,1e-08
617.0,1.0003940356454046,0.628582413,0.712339144,0.0,0.0,1.0003940356454046,0.0,0.0,0.0,0.0,0.0,0.0,0.0,0.0,0.0,0.23340958516588195,2.7445838847498276,0.0,1e-08
618.0,0.9788927341915391,0.593572385,0.750669001,0.0,0.0,0.9788927341915391,0.0,0.0,0.0,0.0,0.0,0.0,0.0,0.0,0.0,0.18619197495795314,2.892265657839312,0.0,1e-08
619.0,0.9621816340475328,0.57635814,0.76699443,0.0,0.0,0.9621816340475328,0.0,0.0,0.0,0.0,0.0,0.0,0.0,0.0,0.0,0.16911435086902016,2.9551661873447177,0.0,1e-08
620.0,0.9498859988570042,0.586300014,0.773887017,0.0,0.0,0.9498859988570042,0.0,0.0,0.0,0.0,0.0,0.0,0.0,0.0,0.0,0.20092424526433106,2.981722755748652,0.0,1e-08
621.0,0.9505840791551777,0.589957707,0.767447388,0.0,0.0,0.9505840791551777,0.0,0.0,0.0,0.0,0.0,0.0,0.0,0.0,0.0,0.20740561315605832,2.956911397105742,0.0,1e-08
622.0,0.9712738087286515,0.53545964,0.757950754,0.0,0.0,0.9712738087286515,0.0,0.0,0.0,0.0,0.0,0.0,0.0,0.0,0.0,0.07974516502413154,2.920321650697299,0.0,1e-08
623.0,1.002004331302541,0.270383305,0.791644657,0.0,0.0,0.5307178403604532,0.47128649094208774,0.0,0.0,0.0,0.0,0.0,0.0,0.0,0.0,0.0,2.5788549849986264,0.0,1.05e-08
624.0,1.0131629093202779,0.009902117,0.807554974,0.0,0.0,0.019436222769880447,0.9937266865503973,0.0,0.0,0.0,0.0,0.0,0.0,0.0,0.0,0.0,2.1177159266467322,0.0,1.05e-08
625.0,1.0140001774079646,0.0,0.800536537,0.0,0.0,0.0,1.0140001774079646,0.0,0.0,0.0,0.0,0.0,0.0,0.0,0.0,0.0,2.070400977730064,0.0,1.05e-08
626.0,0.9956894883598612,0.0,0.788162288,0.0,0.0,0.0,0.9956894883598612,0.0,0.0,0.0,0.0,0.0,0.0,0.0,0.0,0.0,2.0410347074571145,0.0,1.05e-08
627.0,0.9624021931601459,0.0,0.771652098,0.0,0.0,0.0,0.9624021931601459,0.0,0.0,0.0,0.0,0.0,0.0,0.0,0.0,0.0,2.0107096042791293,0.0,1.05e-08
628.0,0.925057038558471,0.0,0.747599806,0.0,0.0,0.0,0.925057038558471,0.0,0.0,0.0,0.0,0.0,0.0,0.0,0.0,0.0,1.9553832644521658,0.0,1.05e-08
629.0,0.8846304804320364,0.0,0.719477917,0.0,0.0,0.0,0.8846304804320364,0.0,0.0,0.0,0.0,0.0,0.0,0.0,0.0,0.0,1.8874585070454986,0.0,1.05e-08
630.0,0.8543731963424913,0.0,0.693995722,0.0,0.0,0.0,0.8543731963424913,0.0,0.0,0.0,0.0,0.0,0.0,0.0,0.0,0.0,1.8195349985531153,0.0,1.05e-08
631.0,0.8339297220889254,0.0,0.666455149,0.0,0.0,0.0,0.8339297220889252,0.0,0.0,0.0,0.0,0.0,0.0,0.0,0.0,0.0,1.7338669198066172,0.0,1.05e-08
632.0,0.8226919140986966,0.0,0.643525289,0.0,0.0,0.0,0.8226919140986966,0.0,0.0,0.0,0.0,0.0,0.0,0.0,0.0,0.0,1.656757871154682,0.0,1.05e-08
633.0,0.8185848036327555,0.0,0.624208796,0.0,0.0,0.0,0.8185848036327555,0.0,0.0,0.0,0.0,0.0,0.0,0.0,0.0,0.0,1.5864401295761557,0.0,1.05e-08
634.0,0.8260367037482274,0.0,0.604176117,0.0,0.0,0.0,0.8260367037482272,0.0,0.0,0.0,0.0,0.0,0.0,0.0,0.0,0.0,1.5018039719130367,0.0,1.05e-08
635.0,0.8477714124183535,0.0,0.586330801,0.0,0.0,0.0,0.8477714124183535,0.0,0.0,0.0,0.0,0.0,0.0,0.0,0.0,0.0,1.411312734664624,0.0,1.05e-08
636.0,0.8781850151022748,0.0,0.566049903,0.0,0.0,0.0,0.8781850151022748,0.0,0.0,0.0,0.0,0.0,0.0,0.0,0.0,0.0,1.3027585071282028,0.0,1.05e-08
637.0,0.9080632801342226,3.66e-05,0.53658318,0.0,0.0,7.183976450466343e-05,0.9079914403697179,0.0,0.0,0.0,0.0,0.0,0.0,0.0,0.0,0.0,1.159419232004923,0.0,1.05e-08
638.0,0.9277487162725939,0.092694563,0.408541587,0.0,0.0,0.18194414144214993,0.7458045748304439,0.0,0.0,0.0,0.0,0.0,0.0,0.0,0.0,2.7755575615628914e-17,0.8282724155677136,0.0,1.05e-08
639.0,0.9328686855760691,0.550684258,0.3335815,0.0,0.0,0.9328686855760691,0.0,0.0,0.0,0.0,0.0,0.0,0.0,0.0,0.0,0.1480337027065899,1.2852619666660838,0.0,1e-08
640.0,0.9277551403244176,0.632844283,0.342529366,0.0,0.0,0.9277551403244176,0.0,0.0,0.0,0.0,0.0,0.0,0.0,0.0,0.0,0.31441382849641786,1.3197373552971219,0.0,1e-08
641.0,0.915887775255468,0.637171246,0.363141871,0.0,0.0,0.915887775255468,0.0,0.0,0.0,0.0,0.0,0.0,0.0,0.0,0.0,0.3347743083998044,1.3991556345308758,0.0,1e-08
642.0,0.8995835317269616,0.612987685,0.372801935,0.0,0.0,0.8995835317269616,0.0,0.0,0.0,0.0,0.0,0.0,0.0,0.0,0.0,0.3036102096571589,1.4363750632304895,0.0,1e-08
643.0,0.8880095316912934,0.598774046,0.376298961,0.0,0.0,0.8880095316912934,0.0,0.0,0.0,0.0,0.0,0.0,0.0,0.0,0.0,0.2872851802252233,1.449848815564604,0.0,1e-08
644.0,0.8794377052078929,0.612713335,0.372663069,0.0,0.0,0.879437705207893,0.0,0.0,0.0,0.0,0.0,0.0,0.0,0.0,0.0,0.3232175323677069,1.4358400240024058,0.0,1e-08
645.0,0.8801957433230875,0.637304458,0.361179734,0.0,0.0,0.8801957433230875,0.0,0.0,0.0,0.0,0.0,0.0,0.0,0.0,0.0,0.37072781352096096,1.3915956827365217,0.0,1e-08
646.0,0.8969903561408017,0.577528822,0.367568703,0.0,0.0,0.8969903561408016,0.0,0.0,0.0,0.0,0.0,0.0,0.0,0.0,0.0,0.23660348449132107,1.4162118525837963,0.0,1e-08
647.0,0.9221555084847743,0.29696664,0.397043116,0.0,0.0,0.5828965432606876,0.33925896522408666,0.0,0.0,0.0,0.0,0.0,0.0,0.0,0.0,0.0,1.1905153661503751,0.0,1.05e-08
648.0,0.9343440761449081,0.012705762,0.417965846,0.0,0.0,0.024939315571920806,0.9094047605729874,0.0,0.0,0.0,0.0,0.0,0.0,0.0,0.0,0.0,0.7009831213365714,0.0,1.05e-08
649.0,0.9361599414604024,0.0,0.415861255,0.0,0.0,0.0,0.9361599414604024,0.0,0.0,0.0,0.0,0.0,0.0,0.0,0.0,0.0,0.6661191251590767,0.0,1.05e-08
650.0,0.9200270059805274,0.0,0.402407124,0.0,0.0,0.0,0.9200270059805274,0.0,0.0,0.0,0.0,0.0,0.0,0.0,0.0,0.0,0.6304144051669213,0.0,1.05e-08
651.0,0.8935770432718183,0.0,0.386757608,0.0,0.0,0.0,0.8935770432718183,0.0,0.0,0.0,0.0,0.0,0.0,0.0,0.0,0.0,0.5965680753308328,0.0,1.05e-08
652.0,0.8620006872078104,0.0,0.371032908,0.0,0.0,0.0,0.8620006872078104,0.0,0.0,0.0,0.0,0.0,0.0,0.0,0.0,0.0,0.5675584611080168,0.0,1.05e-08
653.0,0.8309382552896971,0.0,0.356101296,0.0,0.0,0.0,0.8309382552896971,0.0,0.0,0.0,0.0,0.0,0.0,0.0,0.0,0.0,0.5410906252966101,0.0,1.05e-08
654.0,0.804651035227188,0.0,0.343621969,0.0,0.0,0.0,0.804651035227188,0.0,0.0,0.0,0.0,0.0,0.0,0.0,0.0,0.0,0.5192960291831948,0.0,1.05e-08
655.0,0.7870855361906318,0.0,0.334239357,0.0,0.0,0.0,0.7870855361906318,0.0,0.0,0.0,0.0,0.0,0.0,0.0,0.0,0.0,0.500711099159432,0.0,1.05e-08
656.0,0.7772160512388475,0.0,0.328223381,0.0,0.0,0.0,0.7772160512388475,0.0,0.0,0.0,0.0,0.0,0.0,0.0,0.0,0.0,0.4874015254848356,0.0,1.05e-08
657.0,0.7768969899982713,0.0,0.323458592,0.0,0.0,0.0,0.7768969899982713,0.0,0.0,0.0,0.0,0.0,0.0,0.0,0.0,0.0,0.46936224826572837,0.0,1.05e-08
658.0,0.783764301397788,0.0,0.319667728,0.0,0.0,0.0,0.783764301397788,0.0,0.0,0.0,0.0,0.0,0.0,0.0,0.0,0.0,0.4478890509882367,0.0,1.05e-08
659.0,0.8004796842430101,0.0,0.314157834,0.0,0.0,0.0,0.8004796842430101,0.0,0.0,0.0,0.0,0.0,0.0,0.0,0.0,0.0,0.4099445016617752,0.0,1.05e-08
660.0,0.8275206597194981,0.0,0.305472238,0.0,0.0,0.0,0.8275206597194981,0.0,0.0,0.0,0.0,0.0,0.0,0.0,0.0,0.0,0.34943864220153176,0.0,1.05e-08
661.0,0.8597522690695215,4.51e-05,0.286113957,0.0,0.0,8.8523862818588e-05,0.8596637452067029,0.0,0.0,0.0,0.0,0.0,0.0,0.0,0.0,0.0,0.2427096989574229,0.0,1.05e-08
662.0,0.8856069363092361,0.098359112,0.227636851,0.0,0.0,0.19306271702097855,0.6925442192882577,0.0,0.0,0.0,0.0,0.0,0.0,0.0,0.0,2.7755575615628914e-17,0.18452176549187638,0.0,1.05e-08
663.0,0.8946520012769812,0.573248314,0.14596676,0.0,0.0,0.8946520012769812,0.0,0.0,0.0,0.0,0.0,0.0,0.0,0.0,0.0,0.23053990802507784,0.5623978698623163,0.0,1e-08
664.0,0.8914014310541978,0.67540814,0.141445707,0.0,0.0,0.8914014310541978,0.0,0.0,0.0,0.0,0.0,0.0,0.0,0.0,0.0,0.43431337009697035,0.5449786260787683,0.0,1e-08
665.0,0.8853392674832493,0.660510262,0.159525061,0.0,0.0,0.8853392674832493,0.0,0.0,0.0,0.0,0.0,0.0,0.0,0.0,0.0,0.41113345587723005,0.6146368837402164,0.0,1e-08
666.0,0.8764933481220384,0.626486081,0.16112114,0.0,0.0,0.8764933481220384,0.0,0.0,0.0,0.0,0.0,0.0,0.0,0.0,0.0,0.35319551866729226,0.6207864442958659,0.0,1e-08
667.0,0.8695896337621875,0.61210407,0.162336755,0.0,0.0,0.8695896337621875,0.0,0.0,0.0,0.0,0.0,0.0,0.0,0.0,0.0,0.33186971708879687,0.6254701084847037,0.0,1e-08
668.0,0.8664375656673672,0.629635655,0.165295407,0.0,0.0,0.8664375656673672,0.0,0.0,0.0,0.0,0.0,0.0,0.0,0.0,0.0,0.3694333955058434,0.6368695502649001,0.0,1e-08
669.0,0.8734611956612602,0.660129485,0.169679156,0.0,0.0,0.8734611956612602,0.0,0.0,0.0,0.0,0.0,0.0,0.0,0.0,0.0,0.4222641252399625,0.6537597730773477,0.0,1e-08
670.0,0.9002494917660167,0.608736706,0.197904943,0.0,0.0,0.9002494917660167,0.0,0.0,0.0,0.0,0.0,0.0,0.0,0.0,0.0,0.2946002788455828,0.7625113990227852,0.0,1e-08
671.0,0.935416892799463,0.295355073,0.267749201,0.0,0.0,0.5797333029939257,0.3556835898055374,0.0,0.0,0.0,0.0,0.0,0.0,0.0,0.0,0.0,0.6759319663644917,0.0,1.05e-08
672.0,0.9584192810294626,0.01759883,0.310332383,0.0,0.0,0.0345436011682406,0.9238756798612221,0.0,0.0,0.0,0.0,0.0,0.0,0.0,0.0,0.0,0.27180935931137096,0.0,1.05e-08
673.0,0.963248026650264,0.0,0.332335236,0.0,0.0,0.0,0.963248026650264,0.0,0.0,0.0,0.0,0.0,0.0,0.0,0.0,0.0,0.3172121877614976,0.0,1.05e-08
674.0,0.9480872643463731,0.0,0.339803239,0.0,0.0,0.0,0.9480872643463731,0.0,0.0,0.0,0.0,0.0,0.0,0.0,0.0,0.0,0.361146548789683,0.0,1.05e-08
675.0,0.916677933629781,0.0,0.338405596,0.0,0.0,0.0,0.916677933629781,0.0,0.0,0.0,0.0,0.0,0.0,0.0,0.0,0.0,0.3871708764684054,0.0,1.05e-08
676.0,0.8790800996563746,0.0,0.332539819,0.0,0.0,0.0,0.8790800996563745,0.0,0.0,0.0,0.0,0.0,0.0,0.0,0.0,0.0,0.40216835615644364,0.0,1.05e-08
677.0,0.8454223508014935,0.0,0.328424997,0.0,0.0,0.0,0.8454223508014935,0.0,0.0,0.0,0.0,0.0,0.0,0.0,0.0,0.0,0.41997203571731134,0.0,1.05e-08
678.0,0.8216340868983969,0.0,0.325427074,0.0,0.0,0.0,0.8216340868983969,0.0,0.0,0.0,0.0,0.0,0.0,0.0,0.0,0.0,0.4322095499208787,0.0,1.05e-08
679.0,0.8107538844596864,0.0,0.325329487,0.0,0.0,0.0,0.8107538844596864,0.0,0.0,0.0,0.0,0.0,0.0,0.0,0.0,0.0,0.44271375770898325,0.0,1.05e-08
680.0,0.8065910988779401,0.0,0.328371274,0.0,0.0,0.0,0.8065910988779401,0.0,0.0,0.0,0.0,0.0,0.0,0.0,0.0,0.0,0.4585962973592237,0.0,1.05e-08
681.0,0.81574323137608,0.0,0.33263302,0.0,0.0,0.0,0.81574323137608,0.0,0.0,0.0,0.0,0.0,0.0,0.0,0.0,0.0,0.4658643201916144,0.0,1.05e-08
682.0,0.8529770357461443,0.0,0.338994892,0.0,0.0,0.0,0.8529770357461443,0.0,0.0,0.0,0.0,0.0,0.0,0.0,0.0,0.0,0.4531422831659556,0.0,1.05e-08
683.0,0.9286673556833805,0.0,0.346778467,0.0,0.0,0.0,0.9286673556833805,0.0,0.0,0.0,0.0,0.0,0.0,0.0,0.0,0.0,0.40744143480371064,0.0,1.05e-08
684.0,1.0028630128963067,0.0,0.350256743,0.0,0.0,0.0,1.0028630128963067,0.0,0.0,0.0,0.0,0.0,0.0,0.0,0.0,0.0,0.3466472877235929,0.0,1.05e-08
685.0,1.0362488102239853,5.33e-05,0.339449156,0.0,0.0,0.00010461911060378582,1.0361441911133815,0.0,0.0,0.0,0.0,0.0,0.0,0.0,0.0,0.0,0.2717253694698709,0.0,1.05e-08
686.0,1.0456728942493276,0.116345828,0.309502923,0.0,0.0,0.22836767444317152,0.8173052198061561,0.0,0.0,0.0,0.0,0.0,0.0,0.0,0.0,0.0,0.3751839784973514,0.0,1.05e-08
687.0,1.0426664379958441,0.549861405,0.259500118,0.0,0.0,1.0426664379958441,0.0,0.0,0.0,0.0,0.0,0.0,0.0,0.0,0.0,0.03662082553976709,0.999832520720606,0.0,1e-08
688.0,1.0307541045641286,0.642418385,0.237847705,0.0,0.0,1.0307541045641286,0.0,0.0,0.0,0.0,0.0,0.0,0.0,0.0,0.0,0.2302072476726531,0.9164075618561417,0.0,1e-08
689.0,1.0168588804695033,0.633821008,0.231942886,0.0,0.0,1.0168588804695033,0.0,0.0,0.0,0.0,0.0,0.0,0.0,0.0,0.0,0.2272272384602343,0.8936567819695255,0.0,1e-08
690.0,1.0073962521332187,0.600804897,0.232105752,0.0,0.0,1.0073962521332187,0.0,0.0,0.0,0.0,0.0,0.0,0.0,0.0,0.0,0.17188468540034862,0.8942842912152812,0.0,1e-08
691.0,0.998708792716992,0.58713113,0.23835059,0.0,0.0,0.998708792716992,0.0,0.0,0.0,0.0,0.0,0.0,0.0,0.0,0.0,0.15373279505778759,0.9183451362243452,0.0,1e-08
692.0,0.9936573466329696,0.597424333,0.242390591,0.0,0.0,0.9936573466329696,0.0,0.0,0.0,0.0,0.0,0.0,0.0,0.0,0.0,0.17898810123794917,0.9339109263853491,0.0,1e-08
693.0,1.0001520630267127,0.608380504,0.243359246,0.0,0.0,1.0001520630267127,0.0,0.0,0.0,0.0,0.0,0.0,0.0,0.0,0.0,0.1939985417981085,0.9376430740923442,0.0,1e-08
694.0,1.0249960127795013,0.553226533,0.253362257,0.0,0.0,1.0249960127795013,0.0,0.0,0.0,0.0,0.0,0.0,0.0,0.0,0.0,0.06089644209622058,0.9761838492565617,0.0,1e-08
695.0,1.0634225494381626,0.256426877,0.317736189,0.0,0.0,0.5033236736706638,0.5600988757674987,0.0,0.0,0.0,0.0,0.0,0.0,0.0,0.0,1.1102230246251565e-16,0.6641124163908689,0.0,1.05e-08
696.0,1.0889902756964194,0.01433159,0.370480156,0.0,0.0,0.028130547829983317,1.0608597278664362,0.0,0.0,0.0,0.0,0.0,0.0,0.0,0.0,0.0,0.3665697126490526,0.0,1.05e-08
697.0,1.0916541158526398,0.0,0.410162619,0.0,0.0,0.0,1.0916541158526398,0.0,0.0,0.0,0.0,0.0,0.0,0.0,0.0,0.0,0.48866857694912413,0.0,1.05e-08
698.0,1.0709708103309896,0.0,0.440045312,0.0,0.0,0.0,1.0709708103309896,0.0,0.0,0.0,0.0,0.0,0.0,0.0,0.0,0.0,0.6244874303787336,0.0,1.05e-08
699.0,1.031274452761847,0.0,0.465795562,0.0,0.0,0.0,1.031274452761847,0.0,0.0,0.0,0.0,0.0,0.0,0.0,0.0,0.0,0.7633973743042637,0.0,1.05e-08
700.0,0.9891283900972734,0.0,0.487894796,0.0,0.0,0.0,0.9891283900972735,0.0,0.0,0.0,0.0,0.0,0.0,0.0,0.0,0.0,0.8906899602402237,0.0,1.05e-08
701.0,0.9539481409601795,0.0,0.505201415,0.0,0.0,0.0,0.9539481409601795,0.0,0.0,0.0,0.0,0.0,0.0,0.0,0.0,0.0,0.992551182909365,0.0,1.05e-08
702.0,0.9293354570730435,0.0,0.514235561,0.0,0.0,0.0,0.9293354570730435,0.0,0.0,0.0,0.0,0.0,0.0,0.0,0.0,0.0,1.0519716851410688,0.0,1.05e-08
703.0,0.9176950751685307,0.0,0.516594495,0.0,0.0,0.0,0.9176950751685307,0.0,0.0,0.0,0.0,0.0,0.0,0.0,0.0,0.0,1.0727008449066906,0.0,1.05e-08
704.0,0.9163503069867731,0.0,0.522308177,0.0,0.0,0.0,0.9163503069867731,0.0,0.0,0.0,0.0,0.0,0.0,0.0,0.0,0.0,1.0960599579014085,0.0,1.05e-08
705.0,0.9281684209917412,0.0,0.527647731,0.0,0.0,0.0,0.9281684209917412,0.0,0.0,0.0,0.0,0.0,0.0,0.0,0.0,0.0,1.1048147044272545,0.0,1.05e-08
706.0,0.9626077628185037,0.0,0.532688668,0.0,0.0,0.0,0.9626077628185037,0.0,0.0,0.0,0.0,0.0,0.0,0.0,0.0,0.0,1.0897976764951771,0.0,1.05e-08
707.0,1.037203852595106,0.0,0.545936245,0.0,0.0,0.0,1.037203852595106,0.0,0.0,0.0,0.0,0.0,0.0,0.0,0.0,0.0,1.066243406689348,0.0,1.05e-08
708.0,1.1095301107273405,0.0,0.555525677,0.0,0.0,0.0,1.1095301107273405,0.0,0.0,0.0,0.0,0.0,0.0,0.0,0.0,0.0,1.030864437994719,0.0,1.05e-08
709.0,1.1363291135851366,6.09e-05,0.554906359,0.0,0.0,0.00011953665733153015,1.1362095769278049,0.0,0.0,0.0,0.0,0.0,0.0,0.0,0.0,0.0,1.0017987906940682,0.0,1.05e-08
710.0,1.1361685122895444,0.135180809,0.496939306,0.0,0.0,0.2653376361778658,0.8708308761116786,0.0,0.0,0.0,0.0,0.0,0.0,0.0,0.0,0.0,1.0438352242063513,0.0,1.05e-08
711.0,1.120652285784743,0.517072132,0.473425917,0.0,0.0,1.014927327726892,0.10572495805785095,0.0,0.0,0.0,0.0,0.0,0.0,0.0,0.0,0.0,1.7183459965787644,0.0,1.05e-08
712.0,1.095694844449736,0.613779736,0.511273305,0.0,0.0,1.095694844449736,0.0,0.0,0.0,0.0,0.0,0.0,0.0,0.0,0.0,0.10905356243481301,1.9698938145195957,0.0,1e-08
713.0,1.0677887633276588,0.61294438,0.5552132,0.0,0.0,1.0677887633276588,0.0,0.0,0.0,0.0,0.0,0.0,0.0,0.0,0.0,0.1353199774826399,2.1391906006507244,0.0,1e-08
714.0,1.0453945186703013,0.584979544,0.591202303,0.0,0.0,1.0453945186703013,0.0,0.0,0.0,0.0,0.0,0.0,0.0,0.0,0.0,0.10282386059214121,2.277853641917486,0.0,1e-08
715.0,1.028966076806537,0.570037031,0.614494278,0.0,0.0,1.028966076806537,0.0,0.0,0.0,0.0,0.0,0.0,0.0,0.0,0.0,0.08992261352071806,2.3675956977450348,0.0,1e-08
716.0,1.0184177837120503,0.58135438,0.631938251,0.0,0.0,1.0184177837120503,0.0,0.0,0.0,0.0,0.0,0.0,0.0,0.0,0.0,0.12268499642332165,2.434805884894052,0.0,1e-08
717.0,1.0252444094500168,0.601829422,0.645829272,0.0,0.0,1.0252444094500168,0.0,0.0,0.0,0.0,0.0,0.0,0.0,0.0,0.0,0.15604750171003,2.4883268414502755,0.0,1e-08
718.0,1.0575638141749641,0.568605485,0.675565005,0.0,0.0,1.0575638141749641,0.0,0.0,0.0,0.0,0.0,0.0,0.0,0.0,0.0,0.05851498742230188,2.6028961646166913,0.0,1e-08
719.0,1.1043351941525892,0.303642559,0.725612434,0.0,0.0,0.5960002713703106,0.5083349227822784,0.0,0.0,0.0,0.0,0.0,0.0,0.0,0.0,1.1102230246251565e-16,2.287389852003505,0.0,1.05e-08
720.0,1.13649828028316,0.019689242,0.764056947,0.0,0.0,0.03864673520642974,1.0978515450767303,0.0,0.0,0.0,0.0,0.0,0.0,0.0,0.0,0.0,1.8459967628962954,0.0,1.05e-08
721.0,1.1460294318388973,0.0,0.783092366,0.0,0.0,0.0,1.1460294318388973,0.0,0.0,0.0,0.0,0.0,0.0,0.0,0.0,0.0,1.8711607732724673,0.0,1.05e-08
722.0,1.1270741962578177,0.0,0.789913867,0.0,0.0,0.0,1.1270741962578177,0.0,0.0,0.0,0.0,0.0,0.0,0.0,0.0,0.0,1.9163986887709725,0.0,1.05e-08
723.0,1.089320043690035,0.0,0.79467876,0.0,0.0,0.0,1.089320043690035,0.0,0.0,0.0,0.0,0.0,0.0,0.0,0.0,0.0,1.9725115805018487,0.0,1.05e-08
724.0,1.047139719415735,0.0,0.795556759,0.0,0.0,0.0,1.047139719415735,0.0,0.0,0.0,0.0,0.0,0.0,0.0,0.0,0.0,2.018074762403058,0.0,1.05e-08
725.0,1.011863109501286,0.0,0.788268905,0.0,0.0,0.0,1.011863109501286,0.0,0.0,0.0,0.0,0.0,0.0,0.0,0.0,0.0,2.0252718728104444,0.0,1.05e-08
726.0,0.9862868178405977,0.0,0.77477569,0.0,0.0,0.0,0.9862868178405977,0.0,0.0,0.0,0.0,0.0,0.0,0.0,0.0,0.0,1.9988599215753236,0.0,1.05e-08
727.0,0.9745714886648086,0.0,0.757366444,0.0,0.0,0.0,0.9745714886648086,0.0,0.0,0.0,0.0,0.0,0.0,0.0,0.0,0.0,1.9434988638647481,0.0,1.05e-08
728.0,0.9728541254772775,0.0,0.741562931,0.0,0.0,0.0,0.9728541254772775,0.0,0.0,0.0,0.0,0.0,0.0,0.0,0.0,0.0,1.884326596786174,0.0,1.05e-08
729.0,0.9843745917477482,0.0,0.732530023,0.0,0.0,0.0,0.9843745917477482,0.0,0.0,0.0,0.0,0.0,0.0,0.0,0.0,0.0,1.8380030820828799,0.0,1.05e-08
730.0,1.018644766876487,0.0,0.721930071,0.0,0.0,0.0,1.018644766876487,0.0,0.0,0.0,0.0,0.0,0.0,0.0,0.0,0.0,1.7628921674224636,0.0,1.05e-08
731.0,1.0912601073407873,0.0,0.707569537,0.0,0.0,0.0,1.0912601073407873,0.0,0.0,0.0,0.0,0.0,0.0,0.0,0.0,0.0,1.6349468755933094,0.0,1.05e-08
732.0,1.154292903834761,0.0,0.686584177,0.0,0.0,0.0,1.154292903834761,0.0,0.0,0.0,0.0,0.0,0.0,0.0,0.0,0.0,1.491059220347289,0.0,1.05e-08
733.0,1.1613079684262224,6.81e-05,0.645861318,0.0,0.0,0.00013366907002097214,1.1611742993562013,0.0,0.0,0.0,0.0,0.0,0.0,0.0,0.0,0.0,1.3272760126851708,0.0,1.05e-08
734.0,1.1357273940643182,0.123765515,0.504331945,0.0,0.0,0.24293129648629483,0.8927960975780234,0.0,0.0,0.0,0.0,0.0,0.0,0.0,0.0,0.0,1.0503532301971417,0.0,1.05e-08
735.0,1.1002837588024534,0.514086154,0.427528596,0.0,0.0,1.009066345313337,0.09121741348911622,0.0,0.0,0.0,0.0,0.0,0.0,0.0,0.0,2.220446049250313e-16,1.5560149543159019,0.0,1.05e-08
736.0,1.060726589022824,0.65005631,0.455446533,0.0,0.0,1.060726589022824,0.0,0.0,0.0,0.0,0.0,0.0,0.0,0.0,0.0,0.21522675046270856,1.7547978731279446,0.0,1e-08
737.0,1.025345052928588,0.653217595,0.476517017,0.0,0.0,1.025345052928588,0.0,0.0,0.0,0.0,0.0,0.0,0.0,0.0,0.0,0.2568133677026312,1.8359807076210033,0.0,1e-08
738.0,1.0017495105802017,0.61887629,0.492154076,0.0,0.0,1.0017495105802017,0.0,0.0,0.0,0.0,0.0,0.0,0.0,0.0,0.0,0.21300259136296207,1.8962290043737116,0.0,1e-08
739.0,0.987029866501537,0.602101256,0.512043091,0.0,0.0,0.987029866501537,0.0,0.0,0.0,0.0,0.0,0.0,0.0,0.0,0.0,0.1947956099739293,1.972859736395575,0.0,1e-08
740.0,0.9789633987615995,0.614242793,0.528081755,0.0,0.0,0.9789633987615994,0.0,0.0,0.0,0.0,0.0,0.0,0.0,0.0,0.0,0.22669391265388483,2.034655384041912,0.0,1e-08
741.0,0.9840790853638588,0.633245379,0.546410352,0.0,0.0,0.9840790853638588,0.0,0.0,0.0,0.0,0.0,0.0,0.0,0.0,0.0,0.25887716876254396,2.1052739543956336,0.0,1e-08
742.0,1.010914491181989,0.578366457,0.580096295,0.0,0.0,1.010914491181989,0.0,0.0,0.0,0.0,0.0,0.0,0.0,0.0,0.0,0.1243234888255671,2.235063110416521,0.0,1e-08
743.0,1.0500262600351764,0.311983512,0.658937411,0.0,0.0,0.6123721866507607,0.43765407338441575,0.0,0.0,0.0,0.0,0.0,0.0,0.0,0.0,0.0,2.101177344939795,0.0,1.05e-08
744.0,1.0730522031218628,0.025098551,0.711534854,0.0,0.0,0.04926431675541763,1.0237878863664451,0.0,0.0,0.0,0.0,0.0,0.0,0.0,0.0,-6.938893903907228e-18,1.7176971354453308,0.0,1.05e-08
745.0,1.0757181846286912,0.0,0.713535759,0.0,0.0,0.0,1.0757181846286912,0.0,0.0,0.0,0.0,0.0,0.0,0.0,0.0,0.0,1.6734761588793177,0.0,1.05e-08
746.0,1.054810037293212,0.0,0.692841516,0.0,0.0,0.0,1.054810037293212,0.0,0.0,0.0,0.0,0.0,0.0,0.0,0.0,0.0,1.614651097218357,0.0,1.05e-08
747.0,1.0141843335602434,0.0,0.668256311,0.0,0.0,0.0,1.0141843335602434,0.0,0.0,0.0,0.0,0.0,0.0,0.0,0.0,0.0,1.5605520367507066,0.0,1.05e-08
748.0,0.9692074053920335,0.0,0.644355249,0.0,0.0,0.0,0.9692074053920335,0.0,0.0,0.0,0.0,0.0,0.0,0.0,0.0,0.0,1.5134401471891321,0.0,1.05e-08
749.0,0.9278472184005571,0.0,0.621971272,0.0,0.0,0.0,0.9278472184005571,0.0,0.0,0.0,0.0,0.0,0.0,0.0,0.0,0.0,1.4685567196491425,0.0,1.05e-08
750.0,0.8984421918529539,0.0,0.605321982,0.0,0.0,0.0,0.8984421918529539,0.0,0.0,0.0,0.0,0.0,0.0,0.0,0.0,0.0,1.4338134070082893,0.0,1.05e-08
751.0,0.8810051738528715,0.0,0.592617843,0.0,0.0,0.0,0.8810051738528715,0.0,0.0,0.0,0.0,0.0,0.0,0.0,0.0,0.0,1.4023024267652457,0.0,1.05e-08
752.0,0.8750500778123177,0.0,0.576350423,0.0,0.0,0.0,0.8750500778123177,0.0,0.0,0.0,0.0,0.0,0.0,0.0,0.0,0.0,1.3455804971860235,0.0,1.05e-08
753.0,0.8807267982738453,0.0,0.562658046,0.0,0.0,0.0,0.8807267982738453,0.0,0.0,0.0,0.0,0.0,0.0,0.0,0.0,0.0,1.2871481790928727,0.0,1.05e-08
754.0,0.9087613604323961,0.0,0.551089558,0.0,0.0,0.0,0.9087613604323961,0.0,0.0,0.0,0.0,0.0,0.0,0.0,0.0,0.0,1.214541188192821,0.0,1.05e-08
755.0,0.9744944000429244,0.0,0.540791687,0.0,0.0,0.0,0.9744944000429244,0.0,0.0,0.0,0.0,0.0,0.0,0.0,0.0,0.0,1.1091313021926288,0.0,1.05e-08
756.0,1.034349432234783,0.0,0.528412144,0.0,0.0,0.0,1.034349432234783,0.0,0.0,0.0,0.0,0.0,0.0,0.0,0.0,0.0,1.001578913334986,0.0,1.05e-08
757.0,1.0503860069373028,8.41e-05,0.492756233,0.0,0.0,0.00016507443155306542,1.0502209325057497,0.0,0.0,0.0,0.0,0.0,0.0,0.0,0.0,2.710505431213761e-20,0.8483281330525951,0.0,1.05e-08
758.0,1.0461268605782013,0.137318112,0.456602237,0.0,0.0,0.26953280951653,0.7765940510616712,0.0,0.0,0.0,0.0,0.0,0.0,0.0,0.0,-5.551115123125783e-17,0.9826566541205807,0.0,1.05e-08
759.0,1.0354907721087907,0.485684244,0.461149788,0.0,0.0,0.9533180795788386,0.08217269252995203,0.0,0.0,0.0,0.0,0.0,0.0,0.0,0.0,0.0,1.6945993510411923,0.0,1.05e-08
760.0,1.0187325622514107,0.600818653,0.449164989,0.0,0.0,1.0187325622514107,0.0,0.0,0.0,0.0,0.0,0.0,0.0,0.0,0.0,0.1605753760417341,1.7305956029326863,0.0,1e-08
761.0,1.0044711672028352,0.610874664,0.434490234,0.0,0.0,1.0044711672028352,0.0,0.0,0.0,0.0,0.0,0.0,0.0,0.0,0.0,0.19457506240441624,1.6740549840085464,0.0,1e-08
762.0,0.9957194672683717,0.590910511,0.422980419,0.0,0.0,0.9957194672683717,0.0,0.0,0.0,0.0,0.0,0.0,0.0,0.0,0.0,0.16414042217344071,1.6297086174898314,0.0,1e-08
763.0,0.9902097721542599,0.579161214,0.418898282,0.0,0.0,0.9902097721542599,0.0,0.0,0.0,0.0,0.0,0.0,0.0,0.0,0.0,0.14658818478549385,1.6139804808011349,0.0,1e-08
764.0,0.9868735479071608,0.588222413,0.417704762,0.0,0.0,0.9868735479071608,0.0,0.0,0.0,0.0,0.0,0.0,0.0,0.0,0.0,0.1677100484394206,1.6093819468223163,0.0,1e-08
765.0,0.992616650237533,0.596264195,0.414437444,0.0,0.0,1.0813404259178496,0.0,0.0,0.08872377568031675,0.0,0.0,0.0,0.0,0.0,0.0,0.08902786237074922,1.5967932404390082,0.0,1e-08
766.0,1.011683236050223,0.53856243,0.404881257,0.0,0.0,1.0571092388595433,0.0,0.0,0.04542600280932031,0.0,0.07985139811228507,0.0,0.0,0.0,0.0,0.0,1.5599740412404648,0.0,1.0000136218855531e-08
767.0,1.0431653726874834,0.295899261,0.411386811,0.0,0.0,0.5808014542990149,0.4623639183884685,0.0,0.0,0.0,0.12073371292888371,0.0,0.0,0.0,0.0,0.0,1.122675485074699,0.0,1.05e-08
768.0,1.0642619588764572,0.022752976,0.442826519,0.0,0.0,0.04466033982569014,1.019601619050767,0.0,0.0,0.0,0.1207320683304663,0.0,0.0,0.0,0.0,0.0,0.6865723825105783,0.0,1.05e-08
769.0,1.0655660413966648,0.0,0.44121867,0.0,0.0,0.0,1.0655660413966648,0.0,0.0,0.0,0.12073042375445114,0.0,0.0,0.0,0.0,0.0,0.6344130507711976,0.0,1.05e-08
770.0,1.0474502152538798,0.0,0.419621949,0.0,0.0,0.0,1.0474502152538798,0.0,0.0,0.0,0.1207287792008379,0.0,0.0,0.0,0.0,0.0,0.5693184947255259,0.0,1.05e-08
771.0,1.0104326872952127,0.0,0.39796932,0.0,0.0,0.0,1.0104326872952127,0.0,0.0,0.0,0.12072713466962626,0.0,0.0,0.0,0.0,0.0,0.5229102315895697,0.0,1.05e-08
772.0,0.9682181014111865,0.0,0.381142602,0.0,0.0,0.0,0.9682181014111865,0.0,0.0,0.0,0.12072549016081593,0.0,0.0,0.0,0.0,0.0,0.5002928628561619,0.0,1.05e-08
773.0,0.930581723126838,0.0,0.365562296,0.0,0.0,0.0,0.9305817231268381,0.0,0.0,0.0,0.12072384567440661,0.0,0.0,0.0,0.0,0.0,0.47789960900917383,0.0,1.05e-08
774.0,0.9050032901155418,0.0,0.349781117,0.0,0.0,0.0,0.9050032901155419,0.0,0.0,0.0,0.12072220121039799,0.0,0.0,0.0,0.0,0.0,0.44267446281164247,0.0,1.05e-08
775.0,0.8912622432646847,0.0,0.333627615,0.0,0.0,0.0,0.8912622432646847,0.0,0.0,0.0,0.12072055676878976,0.0,0.0,0.0,0.0,0.0,0.394177400687438,0.0,1.05e-08
776.0,0.8895662935832325,0.0,0.318576653,0.0,0.0,0.0,0.8895662935832325,0.0,0.0,0.0,0.12071891234958164,0.0,0.0,0.0,0.0,0.0,0.33788323694732325,0.0,1.05e-08
777.0,0.9013715594845532,0.0,0.302990924,0.0,0.0,0.0,0.9013715594845533,0.0,0.0,0.0,0.12071726795277328,0.0,0.0,0.0,0.0,0.0,0.2660274445435895,0.0,1.05e-08
778.0,0.9344018926113212,0.0,0.287742754,0.0,0.0,0.0,0.9344018926113211,0.0,0.0,0.0,0.1207156235783644,0.0,0.0,0.0,0.0,0.0,0.17424717186004535,0.0,1.05e-08
779.0,1.006987254167111,0.0,0.277372029,0.0,0.0,0.0,1.006987254167111,0.0,0.0,0.0,0.12071397922635473,0.0,0.0,0.0,0.0,0.0,0.06170426347011437,0.0,1.05e-08
780.0,1.0767910012832462,0.0,0.270968917,0.0,0.0,0.0,1.04402085597912,0.0,0.0,0.03277014530412622,0.12071233489674389,0.0,0.0,0.0,0.0,0.0,0.0,0.0,1.1113381641864482e-08
781.0,1.1070782642813017,9.79e-05,0.264461095,0.0,0.0,0.0001921615558744959,1.0189467553397475,0.0,0.0,0.0879393473856797,0.08794054528540542,0.0,0.0,0.0,0.0,0.0,0.0,0.0,1.1113533027077317e-08
782.0,1.1132753329405476,0.111737708,0.250780062,0.0,0.0,0.21932269478171718,0.8939526381588304,0.0,0.0,0.0,0.0,0.0,0.0,0.0,0.0,-2.7755575615628914e-17,0.0722822270443132,0.0,1.05e-08
783.0,1.1046092870303996,0.520424502,0.238376192,0.0,0.0,1.0215074772168509,0.0831018098135487,0.0,0.0,0.0,0.0,0.0,0.0,0.0,0.0,2.220446049250313e-16,0.835341968802148,0.0,1.05e-08
784.0,1.08845065534323,0.64579433,0.234032017,0.0,0.0,1.08845065534323,0.0,0.0,0.0,0.0,0.0,0.0,0.0,0.0,0.0,0.1791371202208929,0.9017060311565551,0.0,1e-08
785.0,1.0693904935823637,0.64476827,0.246036831,0.0,0.0,1.0693904935823637,0.0,0.0,0.0,0.0,0.0,0.0,0.0,0.0,0.0,0.19618329540340818,0.9479595879368338,0.0,1e-08
786.0,1.0513881590217973,0.608623625,0.265414231,0.0,0.0,1.0513881590217973,0.0,0.0,0.0,0.0,0.0,0.0,0.0,0.0,0.0,0.1432396522343391,1.0226191096215655,0.0,1e-08
787.0,1.0378462577774743,0.592311438,0.281587984,0.0,0.0,1.0378462577774743,0.0,0.0,0.0,0.0,0.0,0.0,0.0,0.0,0.0,0.12476342034652999,1.0849352440269553,0.0,1e-08
788.0,1.0291973426721897,0.60629095,0.288068363,0.0,0.0,1.0291973426721897,0.0,0.0,0.0,0.0,0.0,0.0,0.0,0.0,0.0,0.16085181222695444,1.1099036090540373,0.0,1e-08
789.0,1.0341502866282488,0.626645221,0.279981618,0.0,0.0,1.0341502866282488,0.0,0.0,0.0,0.0,0.0,0.0,0.0,0.0,0.0,0.19585094573822048,1.078746048509981,0.0,1e-08
790.0,1.0608957557208474,0.573968684,0.281712695,0.0,0.0,1.0608957557208474,0.0,0.0,0.0,0.0,0.0,0.0,0.0,0.0,0.0,0.06571012109914132,1.0854157452091997,0.0,1e-08
791.0,1.1002452144915114,0.332014669,0.343438916,0.0,0.0,0.6516900446189557,0.4485551698725558,0.0,0.0,0.0,0.0,0.0,0.0,0.0,0.0,0.0,0.8746866064484571,0.0,1.05e-08
792.0,1.1218664315794191,0.02450779,0.419482557,0.0,0.0,0.04810475033141381,1.0737616812480053,0.0,0.0,0.0,0.0,0.0,0.0,0.0,0.0,6.938893903907228e-18,0.5424699628687626,0.0,1.05e-08
793.0,1.1267979620293993,0.0,0.471508465,0.0,0.0,0.0,1.1267979620293995,0.0,0.0,0.0,0.0,0.0,0.0,0.0,0.0,0.0,0.6898852084270146,0.0,1.05e-08
794.0,1.1141104596776263,0.0,0.49863225,0.0,0.0,0.0,1.1141104596776261,0.0,0.0,0.0,0.0,0.0,0.0,0.0,0.0,0.0,0.807078414040294,0.0,1.05e-08
795.0,1.0838039245240996,0.0,0.513678676,0.0,0.0,0.0,1.0838039245240996,0.0,0.0,0.0,0.0,0.0,0.0,0.0,0.0,0.0,0.8953575857820475,0.0,1.05e-08
796.0,1.0458527677003908,0.0,0.519550607,0.0,0.0,0.0,1.0458527677003908,0.0,0.0,0.0,0.0,0.0,0.0,0.0,0.0,0.0,0.9559328077448233,0.0,1.05e-08
797.0,1.01502160164793,0.0,0.51747586,0.0,0.0,0.0,1.01502160164793,0.0,0.0,0.0,0.0,0.0,0.0,0.0,0.0,0.0,0.978770144974179,0.0,1.05e-08
798.0,0.9873446450408975,0.0,0.514533346,0.0,0.0,0.0,0.9873446450408975,0.0,0.0,0.0,0.0,0.0,0.0,0.0,0.0,0.0,0.9951098381820648,0.0,1.05e-08
799.0,0.969421540452823,0.0,0.508511521,0.0,0.0,0.0,0.969421540452823,0.0,0.0,0.0,0.0,0.0,0.0,0.0,0.0,0.0,0.9898313484298684,0.0,1.05e-08
800.0,0.9610916865881146,0.0,0.50718279,0.0,0.0,0.0,0.9610916865881146,0.0,0.0,0.0,0.0,0.0,0.0,0.0,0.0,0.0,0.9930417115007825,0.0,1.05e-08
801.0,0.9603786168356858,0.0,0.511496343,0.0,0.0,0.0,0.9603786168356858,0.0,0.0,0.0,0.0,0.0,0.0,0.0,0.0,0.0,1.0103745446756385,0.0,1.05e-08
802.0,0.9715007918930882,0.0,0.517454125,0.0,0.0,0.0,0.9715007918930882,0.0,0.0,0.0,0.0,0.0,0.0,0.0,0.0,0.0,1.0222072115692666,0.0,1.05e-08
803.0,0.9960085496004374,0.0,0.519859349,0.0,0.0,0.0,0.9960085496004374,0.0,0.0,0.0,0.0,0.0,0.0,0.0,0.0,0.0,1.006966583269611,0.0,1.05e-08
804.0,1.0279318044629242,0.0,0.517028075,0.0,0.0,0.0,1.0279318044629242,0.0,0.0,0.0,0.0,0.0,0.0,0.0,0.0,0.0,0.9641346635398862,0.0,1.05e-08
805.0,1.0545916195312068,8.3e-05,0.497166033,0.0,0.0,0.00016291531294773402,1.054428704218259,0.0,0.0,0.0,0.0,0.0,0.0,0.0,0.0,0.0,0.8611109565037989,0.0,1.05e-08
806.0,1.0651056510159675,0.11965361,0.439545002,0.0,0.0,0.2348603050418809,0.8302453459740867,0.0,0.0,0.0,0.0,0.0,0.0,0.0,0.0,0.0,0.8632852416297455,0.0,1.05e-08
807.0,1.0555573686553672,0.491746309,0.407942781,0.0,0.0,0.9652169135135916,0.09034045514177551,0.0,0.0,0.0,0.0,0.0,0.0,0.0,0.0,1.1102230246251565e-16,1.481429385197966,0.0,1.05e-08
808.0,1.0359340316846248,0.640125357,0.452549321,0.0,0.0,1.0359340316846248,0.0,0.0,0.0,0.0,0.0,0.0,0.0,0.0,0.0,0.22052648471820602,1.7436351545929882,0.0,1e-08
809.0,1.013929512837904,0.643854158,0.504887167,0.0,0.0,1.013929512837904,0.0,0.0,0.0,0.0,0.0,0.0,0.0,0.0,0.0,0.2498500250328164,1.9452885522814891,0.0,1e-08
810.0,0.9890170398656628,0.618189957,0.520498034,0.0,0.0,0.9890170398656628,0.0,0.0,0.0,0.0,0.0,0.0,0.0,0.0,0.0,0.22438790357772564,2.0054359334215786,0.0,1e-08
811.0,0.9682759178775996,0.601848176,0.53066044,0.0,0.0,0.9682759178775996,0.0,0.0,0.0,0.0,0.0,0.0,0.0,0.0,0.0,0.21305280429183282,2.0445908443552456,0.0,1e-08
812.0,0.9583978675233836,0.611378487,0.537116106,0.0,0.0,0.9583978675233836,0.0,0.0,0.0,0.0,0.0,0.0,0.0,0.0,0.0,0.24163728355031677,2.0694639922345477,0.0,1e-08
813.0,0.961303680298296,0.638522164,0.550288818,0.0,0.0,0.961303680298296,0.0,0.0,0.0,0.0,0.0,0.0,0.0,0.0,0.0,0.2920100326188647,2.1202173635439454,0.0,1e-08
814.0,0.9831711527061117,0.612040537,0.576297679,0.0,0.0,0.9831711527061117,0.0,0.0,0.0,0.0,0.0,0.0,0.0,0.0,0.0,0.218163493342734,2.2204273567228383,0.0,1e-08
815.0,1.0170708741796848,0.364145266,0.618063523,0.0,0.0,0.7147571080581429,0.302313766121542,0.0,0.0,0.0,0.0,0.0,0.0,0.0,0.0,0.0,2.079033937799534,0.0,1.05e-08
816.0,1.033075328623086,0.027751198,0.649575099,0.0,0.0,0.05447102538366905,0.9786043032394169,0.0,0.0,0.0,0.0,0.0,0.0,0.0,0.0,0.0,1.5241549002477552,0.0,1.05e-08
817.0,1.0332273645162464,0.0,0.653224639,0.0,0.0,0.0,1.0332273645162464,0.0,0.0,0.0,0.0,0.0,0.0,0.0,0.0,0.0,1.4835932151498403,0.0,1.05e-08
818.0,1.015627603869964,0.0,0.648542924,0.0,0.0,0.0,1.015627603869964,0.0,0.0,0.0,0.0,0.0,0.0,0.0,0.0,0.0,1.483154714596775,0.0,1.05e-08
819.0,0.9837985684342246,0.0,0.640591857,0.0,0.0,0.0,0.9837985684342246,0.0,0.0,0.0,0.0,0.0,0.0,0.0,0.0,0.0,1.484348945615861,0.0,1.05e-08
820.0,0.9463827492624893,0.0,0.627021742,0.0,0.0,0.0,0.9463827492624893,0.0,0.0,0.0,0.0,0.0,0.0,0.0,0.0,0.0,1.4694802325434977,0.0,1.05e-08
821.0,0.910585791150322,0.0,0.614424586,0.0,0.0,0.0,0.910585791150322,0.0,0.0,0.0,0.0,0.0,0.0,0.0,0.0,0.0,1.4567413890750633,0.0,1.05e-08
822.0,0.8814377266756661,0.0,0.601587875,0.0,0.0,0.0,0.8814377266756661,0.0,0.0,0.0,0.0,0.0,0.0,0.0,0.0,0.0,1.4364306663406439,0.0,1.05e-08
823.0,0.8599685454809188,0.0,0.583265869,0.0,0.0,0.0,0.8599685454809188,0.0,0.0,0.0,0.0,0.0,0.0,0.0,0.0,0.0,1.387306671760272,0.0,1.05e-08
824.0,0.8487649991004164,0.0,0.565957472,0.0,0.0,0.0,0.8487649991004164,0.0,0.0,0.0,0.0,0.0,0.0,0.0,0.0,0.0,1.3318223941215854,0.0,1.05e-08
825.0,0.8465551252730695,0.0,0.5570647,0.0,0.0,0.0,0.8465551252730695,0.0,0.0,0.0,0.0,0.0,0.0,0.0,0.0,0.0,1.299769151949294,0.0,1.05e-08
826.0,0.8525894512861154,0.0,0.548780901,0.0,0.0,0.0,0.8525894512861154,0.0,0.0,0.0,0.0,0.0,0.0,0.0,0.0,0.0,1.2618180326062631,0.0,1.05e-08
827.0,0.8679300870410694,0.0,0.542505729,0.0,0.0,0.0,0.8679300870410694,0.0,0.0,0.0,0.0,0.0,0.0,0.0,0.0,0.0,1.222299677445743,0.0,1.05e-08
828.0,0.8937333618661946,0.0,0.532838223,0.0,0.0,0.0,0.8937333618661946,0.0,0.0,0.0,0.0,0.0,0.0,0.0,0.0,0.0,1.1592483005096907,0.0,1.05e-08
829.0,0.924247608028687,0.000132184,0.510699674,0.0,0.0,0.00025945539429738886,0.9239881526343896,0.0,0.0,0.0,0.0,0.0,0.0,0.0,0.0,0.0,1.0436955090224107,0.0,1.05e-08
830.0,0.9543614216275031,0.152416174,0.468551706,0.0,0.0,0.29916781548802746,0.6551936061394757,0.0,0.0,0.0,0.0,0.0,0.0,0.0,0.0,0.0,1.1500974161093862,0.0,1.05e-08
831.0,0.9692266775475047,0.547481374,0.439322717,0.0,0.0,0.9692266775475047,0.0,0.0,0.0,0.0,0.0,0.0,0.0,0.0,0.0,0.10538897761231958,1.692674141858908,0.0,1e-08
832.0,0.9731089461996169,0.660073674,0.449463493,0.0,0.0,0.9731089461996169,0.0,0.0,0.0,0.0,0.0,0.0,0.0,0.0,0.0,0.3225068269120769,1.731745714189149,0.0,1e-08
833.0,0.9746742734939875,0.659194015,0.454385172,0.0,0.0,0.9746742734939875,0.0,0.0,0.0,0.0,0.0,0.0,0.0,0.0,0.0,0.31921487406020854,1.7507085368601878,0.0,1e-08
834.0,0.9736614146564535,0.629812097,0.458416453,0.0,0.0,0.9736614146564535,0.0,0.0,0.0,0.0,0.0,0.0,0.0,0.0,0.0,0.26255587306672257,1.7662407295814377,0.0,1e-08
835.0,0.9711281968873147,0.615743839,0.455916339,0.0,0.0,0.9711281968873147,0.0,0.0,0.0,0.0,0.0,0.0,0.0,0.0,0.0,0.2374754202973135,1.7566079968413746,0.0,1e-08
836.0,0.9708455386070727,0.628577402,0.447765127,0.0,0.0,0.9708455386070727,0.0,0.0,0.0,0.0,0.0,0.0,0.0,0.0,0.0,0.2629482464375492,1.7252020502710994,0.0,1e-08
837.0,0.975333809481219,0.646522181,0.43688794,0.0,0.0,0.975333809481219,0.0,0.0,0.0,0.0,0.0,0.0,0.0,0.0,0.0,0.2936826175701852,1.683293147183204,0.0,1e-08
838.0,0.9933918191575907,0.605576938,0.421884009,0.0,0.0,0.9933918191575907,0.0,0.0,0.0,0.0,0.0,0.0,0.0,0.0,0.0,0.19525584792916273,1.6254842403200171,0.0,1e-08
839.0,1.0067088785880847,0.359590213,0.42868716,0.0,0.0,0.7058162901667149,0.3008925884213699,0.0,0.0,0.0,0.0,0.0,0.0,0.0,0.0,0.0,1.3508036307817277,0.0,1.05e-08
840.0,1.009233530954792,0.03722029,0.46322739,0.0,0.0,0.07305729148620982,0.9361762394685822,0.0,0.0,0.0,0.0,0.0,0.0,0.0,0.0,1.3877787807814457e-17,0.8486006330048523,0.0,1.05e-08
841.0,1.0089187524154315,0.0,0.476707687,0.0,0.0,0.0,1.0089187524154315,0.0,0.0,0.0,0.0,0.0,0.0,0.0,0.0,0.0,0.8277965909668001,0.0,1.05e-08
842.0,1.0002098794931258,0.0,0.472419964,0.0,0.0,0.0,1.0002098794931258,0.0,0.0,0.0,0.0,0.0,0.0,0.0,0.0,0.0,0.8199852213231982,0.0,1.05e-08
843.0,0.9812118168998885,0.0,0.452447748,0.0,0.0,0.0,0.9812118168998885,0.0,0.0,0.0,0.0,0.0,0.0,0.0,0.0,0.0,0.7620319853137256,0.0,1.05e-08
844.0,0.9593657579981518,0.0,0.426993677,0.0,0.0,0.0,0.9593657579981518,0.0,0.0,0.0,0.0,0.0,0.0,0.0,0.0,0.0,0.6858056110825754,0.0,1.05e-08
845.0,0.9222497279115217,0.0,0.400600765,0.0,0.0,0.0,0.9222497279115217,0.0,0.0,0.0,0.0,0.0,0.0,0.0,0.0,0.0,0.6212319312087763,0.0,1.05e-08
846.0,0.8946284464202944,0.0,0.380248691,0.0,0.0,0.0,0.8946284464202945,0.0,0.0,0.0,0.0,0.0,0.0,0.0,0.0,0.0,0.5704383525984282,0.0,1.05e-08
847.0,0.8824120412022579,0.0,0.367126686,0.0,0.0,0.0,0.8824120412022579,0.0,0.0,0.0,0.0,0.0,0.0,0.0,0.0,0.0,0.5320967563898201,0.0,1.05e-08
848.0,0.8829066931926816,0.0,0.359290151,0.0,0.0,0.0,0.8829066931926816,0.0,0.0,0.0,0.0,0.0,0.0,0.0,0.0,0.0,0.501408582318743,0.0,1.05e-08
849.0,0.8962173285713518,0.0,0.353700074,0.0,0.0,0.0,0.8962173285713518,0.0,0.0,0.0,0.0,0.0,0.0,0.0,0.0,0.0,0.4665598419827087,0.0,1.05e-08
850.0,0.9362370300822865,0.0,0.352099559,0.0,0.0,0.0,0.9362370300822865,0.0,0.0,0.0,0.0,0.0,0.0,0.0,0.0,0.0,0.4203734883745248,0.0,1.05e-08
851.0,1.0094348179119341,0.0,0.351304878,0.0,0.0,0.0,1.0094348179119341,0.0,0.0,0.0,0.0,0.0,0.0,0.0,0.0,0.0,0.34411386029015034,0.0,1.05e-08
852.0,1.077097214420175,0.0,0.34320576,0.0,0.0,0.0,1.077097214420175,0.0,0.0,0.0,0.0,0.0,0.0,0.0,0.0,0.0,0.2452462310908261,0.0,1.05e-08
853.0,1.107315954198778,0.000171697,0.333611189,0.0,0.0,0.000337012897435989,1.106978941301342,0.0,0.0,0.0,0.0,0.0,0.0,0.0,0.0,5.421010862427522e-20,0.17839741462951908,0.0,1.05e-08
854.0,1.1084251738136672,0.149239316,0.330726357,0.0,0.0,0.29293216711139486,0.8154930067022724,0.0,0.0,0.0,0.0,0.0,0.0,0.0,0.0,0.0,0.4587683298110815,0.0,1.05e-08
855.0,1.098675604495925,0.540457697,0.307426689,0.0,0.0,1.0608293354429712,0.037846269052953734,0.0,0.0,0.0,0.0,0.0,0.0,0.0,0.0,0.0,1.1466433711392705,0.0,1.05e-08
856.0,1.0780822356998063,0.65749291,0.323984015,0.0,0.0,1.0780822356998063,0.0,0.0,0.0,0.0,0.0,0.0,0.0,0.0,0.0,0.21246792325882402,1.248283649684632,0.0,1e-08
857.0,1.0562832865114433,0.648391894,0.352597987,0.0,0.0,1.0562832865114433,0.0,0.0,0.0,0.0,0.0,0.0,0.0,0.0,0.0,0.2164030788353517,1.3585309203721496,0.0,1e-08
858.0,1.0393837475139422,0.617623906,0.362402722,0.0,0.0,1.1630251236057794,0.0,0.0,0.12364137609183709,0.0,0.0,0.0,0.0,0.0,0.0,0.049268755068821335,1.396307754485372,0.0,1e-08
859.0,1.0247433334077696,0.602279416,0.360904567,0.0,0.0,1.1821751751761262,0.0,0.0,0.1574318417683567,0.0,0.11127723848265339,0.0,0.0,0.0,0.0,0.0,1.3905354870134927,0.0,1.0000136218855531e-08
860.0,1.0161650828725455,0.612823493,0.349861651,0.0,0.0,1.2028714595640784,0.0,0.0,0.18670637669153284,0.0,0.25296438028901497,0.0,0.0,0.0,0.0,0.0,1.3479880437773168,0.0,1.000027243956662e-08
861.0,1.0209702736366602,0.625918126,0.331794478,0.0,0.0,1.2285740647825205,0.0,0.0,0.20760379114586036,0.0,0.42099667350649556,0.0,0.0,0.0,0.0,0.0,1.2783767185027548,0.0,1.0000408662133296e-08
862.0,1.0472596350497771,0.580649149,0.306281096,0.0,0.0,1.1397185279779571,0.0,0.0,0.09245889292817994,0.0,0.6078343508473824,0.0,0.0,0.0,0.0,0.0,1.180075764985779,0.0,1.0000544886555574e-08
863.0,1.0929089473088658,0.359914511,0.296037929,0.0,0.0,0.7064528336625983,0.3864561136462676,0.0,0.0,0.0,0.6910390747455674,0.0,0.0,0.0,0.0,0.0,0.7541535749434607,0.0,1.05e-08
864.0,1.1200120219529828,0.043274893,0.301934673,0.0,0.0,0.08494147874547836,1.0350705432075042,0.0,0.0,0.0,0.6910296616186029,0.0,0.0,0.0,0.0,1.3877787807814457e-17,0.1282588129608111,0.0,1.05e-08
865.0,1.122656589953732,0.0,0.305915012,0.0,0.0,0.0,1.122656589953732,0.0,0.0,0.0,0.6910202486198612,0.0,0.0,0.0,0.0,0.0,0.05600868361749001,0.0,1.05e-08
866.0,1.1014615016367952,0.0,0.305824658,0.0,0.0,0.0,1.1014615016367952,0.0,0.0,0.0,0.6910108357493405,0.0,0.0,0.0,0.0,0.0,0.07685564543539702,0.0,1.05e-08
867.0,1.0575316939158457,0.0,0.297402521,0.0,0.0,0.0,1.0575316939158457,0.0,0.0,0.0,0.6910014230070393,0.0,0.0,0.0,0.0,0.0,0.08833565493866602,0.0,1.05e-08
868.0,1.009051516153121,0.0,0.28939525,0.0,0.0,0.0,1.009051516153121,0.0,0.0,0.0,0.6909920103929555,0.0,0.0,0.0,0.0,0.0,0.10596447891501959,0.0,1.05e-08
869.0,0.967843365054805,0.0,0.280721117,0.0,0.0,0.0,0.967843365054805,0.0,0.0,0.0,0.6909825979070876,0.0,0.0,0.0,0.0,0.0,0.11375191202177104,0.0,1.05e-08
870.0,0.9408109549807486,0.0,0.273505139,0.0,0.0,0.0,0.9408109549807486,0.0,0.0,0.0,0.6909731855494338,0.0,0.0,0.0,0.0,0.0,0.11298175488002182,0.0,1.05e-08
871.0,0.9233011310599977,0.0,0.271977917,0.0,0.0,0.0,0.9233011310599977,0.0,0.0,0.0,0.6909637733199921,0.0,0.0,0.0,0.0,0.0,0.12460731857874108,0.0,1.05e-08
872.0,0.91641454750501,0.0,0.266275573,0.0,0.0,0.0,0.9164145475050098,0.0,0.0,0.0,0.6909543612187612,0.0,0.0,0.0,0.0,0.0,0.10952324169828342,0.0,1.05e-08
873.0,0.9211704872051429,0.0,0.254709645,0.0,0.0,0.0,0.9211704872051429,0.0,0.0,0.0,0.690944949245739,0.0,0.0,0.0,0.0,0.0,0.06020473672520099,0.0,1.05e-08
874.0,0.9524106512237115,0.0,0.24563337,0.0,0.0,0.0,0.9464050860285053,0.0,0.0,0.006005565195206299,0.690935537400924,0.0,0.0,0.0,0.0,0.0,0.0,0.0,1.1113533027077317e-08
875.0,1.0179980789929028,0.0,0.237127942,0.0,0.0,0.0,0.9136343744674122,0.0,0.0,0.1043637045254906,0.6849205604891079,0.0,0.0,0.0,0.0,0.0,0.0,0.0,1.1113684414352305e-08
876.0,1.0763541657592357,0.0,0.229474504,0.0,0.0,0.0,0.8841463100044941,0.0,0.0,0.1922078557547417,0.5805475261812185,0.0,0.0,0.0,0.0,0.0,-1.1102230246251565e-16,0.0,1.111383580368947e-08
877.0,1.0940888314938155,9.14e-05,0.220005626,0.0,0.0,0.000179403127752083,0.8476635051714885,0.0,0.0,0.24624592319457494,0.38833176238223943,0.0,0.0,0.0,0.0,2.710505431213761e-20,1.1102230246251565e-16,0.0,1.1113987195088845e-08
878.0,1.093345782832876,0.101932889,0.194966473,0.0,0.0,0.20007745194098356,0.7511897168216161,0.0,0.0,0.14207861407027647,0.1420805494488969,0.0,0.0,0.0,0.0,0.0,0.0,0.0,1.1114138588550456e-08
879.0,1.0832129117563207,0.498350643,0.153407939,0.0,0.0,0.9781801320728851,0.10503277968343555,0.0,0.0,0.0,0.0,0.0,0.0,0.0,0.0,1.1102230246251565e-16,0.4860353382467572,0.0,1.05e-08
880.0,1.0638615263127809,0.632195567,0.156874887,0.0,0.0,1.0638615263127809,0.0,0.0,0.0,0.0,0.0,0.0,0.0,0.0,0.0,0.17703411997607632,0.6044259822146602,0.0,1e-08
881.0,1.0440026407751701,0.619875501,0.166792342,0.0,0.0,1.0440026407751701,0.0,0.0,0.0,0.0,0.0,0.0,0.0,0.0,0.0,0.172710747586859,0.6426371171775476,0.0,1e-08
882.0,1.0315892313012074,0.592844459,0.170079745,0.0,0.0,1.117817271469825,0.0,0.0,0.08622804016861751,0.0,0.0,0.0,0.0,0.0,0.0,0.045838638979754265,0.6553032094068947,0.0,1e-08
883.0,1.0245013607890776,0.57664541,0.180795447,0.0,0.0,1.1318598485545108,0.0,0.0,0.10735848776543311,0.0,0.07760523615175575,0.0,0.0,0.0,0.0,0.0,0.6965899241279679,0.0,1.0000136218855531e-08
884.0,1.0216212442214598,0.581269399,0.19816205,0.0,0.0,1.1409359764460996,0.0,0.0,0.11931473222463977,0.0,0.17422681802540027,0.0,0.0,0.0,0.0,0.0,0.7635020110575162,0.0,1.000027243956662e-08
885.0,1.0255806014954563,0.588183815,0.21178832,0.0,0.0,1.1545078348375555,0.0,0.0,0.12892723334209913,0.0,0.28160770376212896,0.0,0.0,0.0,0.0,0.0,0.8160029038783803,0.0,1.0000408662133296e-08
886.0,1.0475936857446086,0.551726062,0.215256963,0.0,0.0,1.082947277736758,0.0,0.0,0.03535359199214917,0.0,0.39763837779435984,0.0,0.0,0.0,0.0,-2.220446049250313e-16,0.8293672988578457,0.0,1.0000544886555574e-08
887.0,1.0851401273034256,0.364342077,0.222086729,0.0,0.0,0.7151434155961734,0.36999671170725207,0.0,0.0,0.0,0.4294511940766033,0.0,0.0,0.0,0.0,1.1102230246251565e-16,0.4856851114303548,0.0,1.05e-08
888.0,1.1046949410547156,0.042531637,0.24825842,0.0,0.0,0.08348258978354725,0.9565191868572288,0.0,0.0,0.06469316441393956,0.429445344221273,0.0,0.0,0.0,0.0,1.3877787807814457e-17,-1.1102230246251565e-16,0.0,1.1112019267741177e-08
889.0,1.1037227678787316,0.0,0.253942753,0.0,0.0,0.0,0.978420452397329,0.0,0.0,0.12530231548140272,0.36474633003168805,0.0,0.0,0.0,0.0,0.0,0.0,0.0,1.1112170634395909e-08
890.0,1.079870263457398,0.0,0.250308283,0.0,0.0,0.0,0.9644171396836776,0.0,0.0,0.11545312377372034,0.23943904608520156,0.0,0.0,0.0,0.0,0.0,0.0,0.0,1.1112322003112537e-08
891.0,1.0362659410288484,0.0,0.246391473,0.0,0.0,0.0,0.9493259942704655,0.0,0.0,0.08693994675838293,0.12398266074462716,0.0,0.0,0.0,0.0,0.0,0.0,0.0,1.1112473373891095e-08
892.0,0.9862504148802635,0.0,0.24636134,0.0,0.0,0.0,0.9492098943103612,0.0,0.0,0.03704052056990234,0.037041025131634375,0.0,0.0,0.0,0.0,0.0,0.0,0.0,1.1112624746731608e-08
893.0,0.9442670948618899,0.0,0.25000232,0.0,0.0,0.0,0.9442670948618899,0.0,0.0,0.0,0.0,0.0,0.0,0.0,0.0,0.0,0.0189711946544161,0.0,1.05e-08
894.0,0.9138920364889106,0.0,0.256292873,0.0,0.0,0.0,0.9138920364889106,0.0,0.0,0.0,0.0,0.0,0.0,0.0,0.0,0.0,0.07358323415553714,0.0,1.05e-08
895.0,0.8952687102520548,0.0,0.269173893,0.0,0.0,0.0,0.8952687102520548,0.0,0.0,0.0,0.0,0.0,0.0,0.0,0.0,0.0,0.14183606651867742,0.0,1.05e-08
896.0,0.8887932660137827,0.0,0.284856792,0.0,0.0,0.0,0.8887932660137827,0.0,0.0,0.0,0.0,0.0,0.0,0.0,0.0,0.0,0.20873642524341118,0.0,1.05e-08
897.0,0.8939710517836709,0.0,0.296302154,0.0,0.0,0.0,0.8939710517836709,0.0,0.0,0.0,0.0,0.0,0.0,0.0,0.0,0.0,0.24765667390686297,0.0,1.05e-08
898.0,0.9200227232793117,0.0,0.305503171,0.0,0.0,0.0,0.9200227232793117,0.0,0.0,0.0,0.0,0.0,0.0,0.0,0.0,0.0,0.2570557609357451,0.0,1.05e-08
899.0,0.9796614790597731,0.0,0.310526919,0.0,0.0,0.0,0.9796614790597731,0.0,0.0,0.0,0.0,0.0,0.0,0.0,0.0,0.0,0.21677309125272837,0.0,1.05e-08
900.0,1.042021891462868,0.0,0.310984368,0.0,0.0,0.0,1.042021891462868,0.0,0.0,0.0,0.0,0.0,0.0,0.0,0.0,0.0,0.15617519206271457,0.0,1.05e-08
901.0,1.073234217923534,0.000221769,0.305489609,0.0,0.0,0.000435295976350675,1.0727989219471832,0.0,0.0,0.0,0.0,0.0,0.0,0.0,0.0,0.0,0.10422730900205401,0.0,1.05e-08
902.0,1.089097343226814,0.145892093,0.300288203,0.0,0.0,0.2863621203336737,0.8027352228931404,0.0,0.0,0.0,0.0,0.0,0.0,0.0,0.0,0.0,0.35425042035867116,0.0,1.05e-08
903.0,1.0932429980036973,0.640727225,0.271974238,0.0,0.0,1.0932429980036973,0.0,0.0,0.0,0.0,0.0,0.0,0.0,0.0,0.0,0.16439888603254604,1.047894274755613,0.0,1e-08
904.0,1.0861615515433911,0.726884664,0.247728891,0.0,0.0,1.0861615515433911,0.0,0.0,0.0,0.0,0.0,0.0,0.0,0.0,0.0,0.3405931775224942,0.95447895535774,0.0,1e-08
905.0,1.0752492288455624,0.705043134,0.24453675,0.0,0.0,1.0752492288455624,0.0,0.0,0.0,0.0,0.0,0.0,0.0,0.0,0.0,0.30863417859131914,0.9421798997460364,0.0,1e-08
906.0,1.064752328165665,0.672595049,0.25491392,0.0,0.0,1.064752328165665,0.0,0.0,0.0,0.0,0.0,0.0,0.0,0.0,0.0,0.2554408392431482,0.9821622786328402,0.0,1e-08
907.0,1.054388191223457,0.656915885,0.26780585,0.0,0.0,1.054388191223457,0.0,0.0,0.0,0.0,0.0,0.0,0.0,0.0,0.0,0.23502936281404496,1.0318338200879913,0.0,1e-08
908.0,1.047872061323635,0.669928927,0.270729195,0.0,0.0,1.047872061323635,0.0,0.0,0.0,0.0,0.0,0.0,0.0,0.0,0.0,0.2670879482540114,1.04309722691344,0.0,1e-08
909.0,1.0502489604983976,0.696635933,0.259054845,0.0,0.0,1.0502489604983976,0.0,0.0,0.0,0.0,0.0,0.0,0.0,0.0,0.0,0.3171324977586105,0.9981169206298236,0.0,1e-08
910.0,1.0674975396449853,0.670544129,0.242363994,0.0,0.0,1.1257901993654718,0.0,0.0,0.05829265972048649,0.0,0.0,0.0,0.0,0.0,0.0,0.19037735028875402,0.9338084503411818,0.0,1e-08
911.0,1.096810488116449,0.40817598,0.263016892,0.0,0.0,0.8011821387885304,0.2956283493279187,0.0,0.0,0.0,0.052463393748437843,0.0,0.0,0.0,0.0,0.0,0.7177540111396762,0.0,1.05e-08
912.0,1.117416705016215,0.042636846,0.304621719,0.0,0.0,0.08368909770113664,1.0337276073150783,0.0,0.0,0.0,0.052462679107827224,0.0,0.0,0.0,0.0,0.0,0.1399547151492766,0.0,1.05e-08
913.0,1.1161318946514784,0.0,0.325275471,0.0,0.0,0.0,1.1161318946514784,0.0,0.0,0.0,0.05246196447695123,0.0,0.0,0.0,0.0,0.0,0.13712762833075143,0.0,1.05e-08
914.0,1.095052439267368,0.0,0.325488313,0.0,0.0,0.0,1.095052439267368,0.0,0.0,0.0,0.05246124985580971,0.0,0.0,0.0,0.0,0.0,0.15902714636074933,0.0,1.05e-08
915.0,1.0518678215579655,0.0,0.322817702,0.0,0.0,0.0,1.0518678215579655,0.0,0.0,0.0,0.05246053524440255,0.0,0.0,0.0,0.0,0.0,0.1919221204716306,0.0,1.05e-08
916.0,1.0054776019885456,0.0,0.319128438,0.0,0.0,0.0,1.0054776019885456,0.0,0.0,0.0,0.05245982064272962,0.0,0.0,0.0,0.0,0.0,0.22409791057121997,0.0,1.05e-08
917.0,0.9659975208308001,0.0,0.316070067,0.0,0.0,0.0,0.9659975208308001,0.0,0.0,0.0,0.052459106050790766,0.0,0.0,0.0,0.0,0.0,0.25179434087826025,0.0,1.05e-08
918.0,0.9406139507248223,0.0,0.313411061,0.0,0.0,0.0,0.9406139507248223,0.0,0.0,0.0,0.05245839146858588,0.0,0.0,0.0,0.0,0.0,0.2669329804921785,0.0,1.05e-08
919.0,0.9256908783384077,0.0,0.314363226,0.0,0.0,0.0,0.9256908783384077,0.0,0.0,0.0,0.05245767689611481,0.0,0.0,0.0,0.0,0.0,0.2855246659776127,0.0,1.05e-08
920.0,0.9241405404982922,0.0,0.315646672,0.0,0.0,0.0,0.9241405404982922,0.0,0.0,0.0,0.05245696233337743,0.0,0.0,0.0,0.0,0.0,0.29202001524692844,0.0,1.05e-08
921.0,0.9339928946452135,0.0,0.312205631,0.0,0.0,0.0,0.9339928946452135,0.0,0.0,0.0,0.05245624778037362,0.0,0.0,0.0,0.0,0.0,0.268909614346699,0.0,1.05e-08
922.0,0.9672095252748683,0.0,0.303862498,0.0,0.0,0.0,0.9672095252748683,0.0,0.0,0.0,0.05245553323710323,0.0,0.0,0.0,0.0,0.0,0.2035475813858696,0.0,1.05e-08
923.0,1.0383023654569559,0.0,0.29683931,0.0,0.0,0.0,1.0383023654569559,0.0,0.0,0.0,0.052454818703566136,0.0,0.0,0.0,0.0,0.0,0.10539497793409947,0.0,1.05e-08
924.0,1.1053780318986337,0.0,0.291466342,0.0,0.0,0.0,1.1053780318986337,0.0,0.0,0.0,0.052454104179762207,0.0,0.0,0.0,0.0,0.0,0.017617709579504037,0.0,1.05e-08
925.0,1.1289435953385094,0.000289517,0.279248822,0.0,0.0,0.0005682741284179411,1.0759226460487383,0.0,0.0,0.0524526751613533,0.052453389665691304,0.0,0.0,0.0,0.0,0.0,0.0,0.0,1.1113381641864482e-08
926.0,1.1215602184424902,0.176265722,0.227156035,0.0,0.0,0.34598054532034084,0.7755796731221494,0.0,0.0,0.0,0.0,0.0,0.0,0.0,0.0,0.0,0.0996337673239478,0.0,1.05e-08
927.0,1.1005835478875585,0.637675551,0.182276882,0.0,0.0,1.1005835478875585,0.0,0.0,0.0,0.0,0.0,0.0,0.0,0.0,0.0,0.15106840332067906,0.702297770820869,0.0,1e-08
928.0,1.071938700805758,0.715884881,0.184391538,0.0,0.0,1.071938700805758,0.0,0.0,0.0,0.0,0.0,0.0,0.0,0.0,0.0,0.33322526814202913,0.7104453657246098,0.0,1e-08
929.0,1.0440090648269937,0.694504194,0.202392155,0.0,0.0,1.0440090648269937,0.0,0.0,0.0,0.0,0.0,0.0,0.0,0.0,0.0,0.31918814130582285,0.7798002562284985,0.0,1e-08
930.0,1.0233022044486568,0.659508449,0.230152791,0.0,0.0,1.0233022044486568,0.0,0.0,0.0,0.0,0.0,0.0,0.0,0.0,0.0,0.2712041251960382,0.886759693791017,0.0,1e-08
931.0,1.0055846695189403,0.641404406,0.253347551,0.0,0.0,1.0055846695189403,0.0,0.0,0.0,0.0,0.0,0.0,0.0,0.0,0.0,0.253386409150282,0.9761271882532334,0.0,1e-08
932.0,0.9964453851244478,0.651278065,0.269204864,0.0,0.0,0.9964453851244478,0.0,0.0,0.0,0.0,0.0,0.0,0.0,0.0,0.0,0.2819060579534999,1.0372241054756202,0.0,1e-08
933.0,0.9981841618180579,0.674523843,0.274401491,0.0,0.0,0.9981841618180579,0.0,0.0,0.0,0.0,0.0,0.0,0.0,0.0,0.0,0.3257949101464387,1.057246280080777,0.0,1e-08
934.0,1.020103026640463,0.638799819,0.303978757,0.0,0.0,1.020103026640463,0.0,0.0,0.0,0.0,0.0,0.0,0.0,0.0,0.0,0.23375567725521007,1.1712050429850924,0.0,1e-08
935.0,1.0609321586811817,0.379995143,0.366103514,0.0,0.0,0.7458678028971559,0.31506435578402586,0.0,0.0,0.0,0.0,0.0,0.0,0.0,0.0,0.0,1.0955022446029985,0.0,1.05e-08
936.0,1.0921230716357686,0.053435107,0.42451876,0.0,0.0,0.10488430336506811,0.9872387682707005,0.0,0.0,0.0,0.0,0.0,0.0,0.0,0.0,0.0,0.6483969500297666,0.0,1.05e-08
937.0,1.1001873980250982,0.0,0.452828209,0.0,0.0,0.0,1.1001873980250982,0.0,0.0,0.0,0.0,0.0,0.0,0.0,0.0,0.0,0.6445222889965754,0.0,1.05e-08
938.0,1.0836711607864102,0.0,0.463105091,0.0,0.0,0.0,1.0836711607864102,0.0,0.0,0.0,0.0,0.0,0.0,0.0,0.0,0.0,0.700634503741556,0.0,1.05e-08
939.0,1.0467628417087458,0.0,0.464146112,0.0,0.0,0.0,1.0467628417087458,0.0,0.0,0.0,0.0,0.0,0.0,0.0,0.0,0.0,0.7415537907470002,0.0,1.05e-08
940.0,1.0020578650677385,0.0,0.461244707,0.0,0.0,0.0,1.0020578650677385,0.0,0.0,0.0,0.0,0.0,0.0,0.0,0.0,0.0,0.7750798935703802,0.0,1.05e-08
941.0,0.9618968344166828,0.0,0.457244659,0.0,0.0,0.0,0.9618968344166828,0.0,0.0,0.0,0.0,0.0,0.0,0.0,0.0,0.0,0.7998290696694336,0.0,1.05e-08
942.0,0.9358473042716499,0.0,0.457456817,0.0,0.0,0.0,0.9358473042716499,0.0,0.0,0.0,0.0,0.0,0.0,0.0,0.0,0.0,0.8266960270648506,0.0,1.05e-08
943.0,0.9208407192115273,0.0,0.45724831,0.0,0.0,0.0,0.9208407192115273,0.0,0.0,0.0,0.0,0.0,0.0,0.0,0.0,0.0,0.8408992518760274,0.0,1.05e-08
944.0,0.9154081127192997,0.0,0.453896589,0.0,0.0,0.0,0.9154081127192997,0.0,0.0,0.0,0.0,0.0,0.0,0.0,0.0,0.0,0.8334179541973823,0.0,1.05e-08
945.0,0.9223289578840137,0.0,0.439579493,0.0,0.0,0.0,0.9223289578840137,0.0,0.0,0.0,0.0,0.0,0.0,0.0,0.0,0.0,0.771334520693965,0.0,1.05e-08
946.0,0.9516611785109486,0.0,0.424692786,0.0,0.0,0.0,0.9516611785109486,0.0,0.0,0.0,0.0,0.0,0.0,0.0,0.0,0.0,0.6846450475934915,0.0,1.05e-08
947.0,1.0164498825033954,0.0,0.413318616,0.0,0.0,0.0,1.0164498825033954,0.0,0.0,0.0,0.0,0.0,0.0,0.0,0.0,0.0,0.5760326060634584,0.0,1.05e-08
948.0,1.0738744817552943,0.0,0.39846135,0.0,0.0,0.0,1.0738744817552943,0.0,0.0,0.0,0.0,0.0,0.0,0.0,0.0,0.0,0.46136418807928203,0.0,1.05e-08
949.0,1.0886647904040194,0.000344801,0.363134401,0.0,0.0,0.0006767875038517065,1.0879880029001676,0.0,0.0,0.0,0.0,0.0,0.0,0.0,0.0,-1.0842021724855044e-19,0.3111388503377077,0.0,1.05e-08
950.0,1.081465569660279,0.150033236,0.288597304,0.0,0.0,0.29449050115061726,0.7869750685096618,0.0,0.0,0.0,0.0,0.0,0.0,0.0,0.0,0.0,0.3249665065284314,0.0,1.05e-08
951.0,1.0642769483307124,0.594901079,0.242163543,0.0,0.0,1.0642769483307124,0.0,0.0,0.0,0.0,0.0,0.0,0.0,0.0,0.0,0.10341576803350017,0.9330361291948347,0.0,1e-08
952.0,1.0393023761908424,0.679058103,0.244830969,0.0,0.0,1.0393023761908424,0.0,0.0,0.0,0.0,0.0,0.0,0.0,0.0,0.0,0.2935767004349359,0.9433135012514273,0.0,1e-08
953.0,1.0174584586397135,0.668733979,0.249800544,0.0,0.0,1.0174584586397135,0.0,0.0,0.0,0.0,0.0,0.0,0.0,0.0,0.0,0.29515606506592973,0.9624608632544,0.0,1e-08
954.0,0.999254837122005,0.639236212,0.245130579,0.0,0.0,0.999254837122005,0.0,0.0,0.0,0.0,0.0,0.0,0.0,0.0,0.0,0.2554604342696102,0.9444678738345377,0.0,1e-08
955.0,0.985087661500177,0.622761453,0.24140383,0.0,0.0,0.985087661500177,0.0,0.0,0.0,0.0,0.0,0.0,0.0,0.0,0.0,0.23729037473211878,0.9301090177558557,0.0,1e-08
956.0,0.9755822061517346,0.62991416,0.243993799,0.0,0.0,0.9755822061517346,0.0,0.0,0.0,0.0,0.0,0.0,0.0,0.0,0.0,0.2608354144098196,0.9400879543891648,0.0,1e-08
957.0,0.974622881079398,0.641391632,0.248857794,0.0,0.0,0.974622881079398,0.0,0.0,0.0,0.0,0.0,0.0,0.0,0.0,0.0,0.2843231243343112,0.9588285253727294,0.0,1e-08
958.0,0.9892632951855707,0.586052775,0.257375985,0.0,0.0,0.9892632951855707,0.0,0.0,0.0,0.0,0.0,0.0,0.0,0.0,0.0,0.16106165954952512,0.9916484117186368,0.0,1e-08
959.0,1.015244302111151,0.339272356,0.297728868,0.0,0.0,0.6659356873765665,0.34930861473458447,0.0,0.0,0.0,0.0,0.0,0.0,0.0,0.0,1.1102230246251565e-16,0.7978161221556412,0.0,1.05e-08
960.0,1.0287498003951396,0.058078167,0.350910275,0.0,0.0,0.11399786448476817,0.9147519359103714,0.0,0.0,0.0,0.0,0.0,0.0,0.0,0.0,0.0,0.43727636952574034,0.0,1.05e-08
961.0,1.0235934281313306,2.16e-07,0.358014675,0.0,0.0,4.239723806832596e-07,1.0235930041589498,0.0,0.0,0.0,0.0,0.0,0.0,0.0,0.0,0.0,0.35580796767497636,0.0,1.05e-08
962.0,1.003747390697367,0.0,0.354059318,0.0,0.0,0.0,1.003747390697367,0.0,0.0,0.0,0.0,0.0,0.0,0.0,0.0,0.0,0.36041391731621397,0.0,1.05e-08
963.0,0.9697534497970466,0.0,0.355002903,0.0,0.0,0.0,0.9697534497970466,0.0,0.0,0.0,0.0,0.0,0.0,0.0,0.0,0.0,0.3980434132842363,0.0,1.05e-08
964.0,0.9284103936104333,0.0,0.349773054,0.0,0.0,0.0,0.9284103936104333,0.0,0.0,0.0,0.0,0.0,0.0,0.0,0.0,0.0,0.4192362932437308,0.0,1.05e-08
965.0,0.8876026750757935,0.0,0.339865148,0.0,0.0,0.0,0.8876026750757935,0.0,0.0,0.0,0.0,0.0,0.0,0.0,0.0,0.0,0.4218696683237646,0.0,1.05e-08
966.0,0.8549063926438569,0.0,0.330487666,0.0,0.0,0.0,0.8549063926438569,0.0,0.0,0.0,0.0,0.0,0.0,0.0,0.0,0.0,0.41843528716165945,0.0,1.05e-08
967.0,0.8341267263448516,0.0,0.326351859,0.0,0.0,0.0,0.8341267263448516,0.0,0.0,0.0,0.0,0.0,0.0,0.0,0.0,0.0,0.4232800306949497,0.0,1.05e-08
968.0,0.8242765135485383,0.0,0.32416131,0.0,0.0,0.0,0.8242765135485383,0.0,0.0,0.0,0.0,0.0,0.0,0.0,0.0,0.0,0.42469023912705695,0.0,1.05e-08
969.0,0.8208182323167892,0.0,0.317820275,0.0,0.0,0.0,0.8208182323167892,0.0,0.0,0.0,0.0,0.0,0.0,0.0,0.0,0.0,0.4037170362543263,0.0,1.05e-08
970.0,0.8263707544430589,0.0,0.308327252,0.0,0.0,0.0,0.8263707544430589,0.0,0.0,0.0,0.0,0.0,0.0,0.0,0.0,0.0,0.3615886806043561,0.0,1.05e-08
971.0,0.8469983848489037,0.0,0.299404831,0.0,0.0,0.0,0.8469983848489037,0.0,0.0,0.0,0.0,0.0,0.0,0.0,0.0,0.0,0.3065836990507923,0.0,1.05e-08
972.0,0.8774355423895118,0.0,0.290772634,0.0,0.0,0.0,0.8774355423895118,0.0,0.0,0.0,0.0,0.0,0.0,0.0,0.0,0.0,0.24288739946283122,0.0,1.05e-08
973.0,0.9146821948632236,0.000317013,0.280329014,0.0,0.0,0.0006222442422108435,0.9140599506210126,0.0,0.0,0.0,0.0,0.0,0.0,0.0,0.0,-1.0842021724855044e-19,0.16602458598309788,0.0,1.05e-08
974.0,0.9488088995012335,0.112205021,0.254839101,0.0,0.0,0.2202399531388201,0.7285689463624134,0.0,0.0,0.0,0.0,0.0,0.0,0.0,0.0,0.0,0.2533050608432523,0.0,1.05e-08
975.0,0.9717641780178593,0.420958376,0.207114721,0.0,0.0,0.8262718742651795,0.1454923037526798,0.0,0.0,0.0,0.0,0.0,0.0,0.0,0.0,0.0,0.6525036092039957,0.0,1.05e-08
976.0,0.9798285044071888,0.550363319,0.208498987,0.0,0.0,0.9798285044071888,0.0,0.0,0.0,0.0,0.0,0.0,0.0,0.0,0.0,0.10044393354267345,0.8033293755184452,0.0,1e-08
977.0,0.9779655293783208,0.581001424,0.212628449,0.0,0.0,0.9779655293783208,0.0,0.0,0.0,0.0,0.0,0.0,0.0,0.0,0.0,0.16244445633299376,0.8192398515232383,0.0,1e-08
978.0,0.9714708129845777,0.571722925,0.217913715,0.0,0.0,0.9714708129845777,0.0,0.0,0.0,0.0,0.0,0.0,0.0,0.0,0.0,0.1507270092536015,0.8396035448740787,0.0,1e-08
979.0,0.9592051567025598,0.561711286,0.232460706,0.0,0.0,0.9592051567025598,0.0,0.0,0.0,0.0,0.0,0.0,0.0,0.0,0.0,0.14334146914038148,0.8956518996591427,0.0,1e-08
980.0,0.9550230989653424,0.559202495,0.248937239,0.0,0.0,0.9550230989653424,0.0,0.0,0.0,0.0,0.0,0.0,0.0,0.0,0.0,0.14259918385488246,0.9591346203958102,0.0,1e-08
981.0,0.9560316751016605,0.55473831,0.26516572,0.0,0.0,0.9560316751016605,0.0,0.0,0.0,0.0,0.0,0.0,0.0,0.0,0.0,0.13282814872661752,1.0216616172648307,0.0,1e-08
982.0,0.9674643459972078,0.506488745,0.277665014,0.0,0.0,0.9674643459972078,0.0,0.0,0.0,0.0,0.0,0.0,0.0,0.0,0.0,0.02668953829411813,1.0698203646425406,0.0,1e-08
983.0,0.9876722716839053,0.321373374,0.305483886,0.0,0.0,0.6308029373286647,0.3568693343552406,0.0,0.0,0.0,0.0,0.0,0.0,0.0,0.0,0.0,0.8201348463476993,0.0,1.05e-08
984.0,0.9972612397060555,0.058813345,0.350166781,0.0,0.0,0.11544089766479576,0.8818203420412598,0.0,0.0,0.0,0.0,0.0,0.0,0.0,0.0,0.0,0.46734334242323183,0.0,1.05e-08
985.0,0.9936809014896564,7.11e-07,0.366097872,0.0,0.0,1.3955757530823962e-06,0.9936795059139033,0.0,0.0,0.0,0.0,0.0,0.0,0.0,0.0,0.0,0.4168653563131334,0.0,1.05e-08
986.0,0.9788691793348522,0.0,0.374597136,0.0,0.0,0.0,0.9788691793348522,0.0,0.0,0.0,0.0,0.0,0.0,0.0,0.0,0.0,0.46442264507040554,0.0,1.05e-08
987.0,0.9480744162427257,0.0,0.37854753,0.0,0.0,0.0,0.9480744162427257,0.0,0.0,0.0,0.0,0.0,0.0,0.0,0.0,0.0,0.5104379499538061,0.0,1.05e-08
988.0,0.9135322895867843,0.0,0.381330434,0.0,0.0,0.0,0.9135322895867843,0.0,0.0,0.0,0.0,0.0,0.0,0.0,0.0,0.0,0.5557023758622026,0.0,1.05e-08
989.0,0.8793092241714192,0.0,0.383946921,0.0,0.0,0.0,0.8793092241714192,0.0,0.0,0.0,0.0,0.0,0.0,0.0,0.0,0.0,0.6000065495745693,0.0,1.05e-08
990.0,0.8507628792175816,0.0,0.388086683,0.0,0.0,0.0,0.8507628792175816,0.0,0.0,0.0,0.0,0.0,0.0,0.0,0.0,0.0,0.6445030555824509,0.0,1.05e-08
991.0,0.8333408506717545,0.0,0.393053463,0.0,0.0,0.0,0.8333408506717543,0.0,0.0,0.0,0.0,0.0,0.0,0.0,0.0,0.0,0.6810616772271094,0.0,1.05e-08
992.0,0.8220580743187599,0.0,0.399972366,0.0,0.0,0.0,0.8220580743187599,0.0,0.0,0.0,0.0,0.0,0.0,0.0,0.0,0.0,0.7190024153584157,0.0,1.05e-08
993.0,0.8176468920664979,0.0,0.399918892,0.0,0.0,0.0,0.8176468920664979,0.0,0.0,0.0,0.0,0.0,0.0,0.0,0.0,0.0,0.72320756670547,0.0,1.05e-08
994.0,0.8237475999483884,0.0,0.398213125,0.0,0.0,0.0,0.8237475999483884,0.0,0.0,0.0,0.0,0.0,0.0,0.0,0.0,0.0,0.7105346794638304,0.0,1.05e-08
995.0,0.839098942456382,0.0,0.393225114,0.0,0.0,0.0,0.839098942456382,0.0,0.0,0.0,0.0,0.0,0.0,0.0,0.0,0.0,0.6759649425676226,0.0,1.05e-08
996.0,0.8635553077491416,0.0,0.387179596,0.0,0.0,0.0,0.8635553077491416,0.0,0.0,0.0,0.0,0.0,0.0,0.0,0.0,0.0,0.6282156957625635,0.0,1.05e-08
997.0,0.8981274133135935,0.000238244,0.378255875,0.0,0.0,0.0004676336845532523,0.8976597796290403,0.0,0.0,0.0,0.0,0.0,0.0,0.0,0.0,5.421010862427522e-20,0.559728863942322,0.0,1.05e-08
998.0,0.9357188232351762,0.14391388,0.342932759,0.0,0.0,0.28247921443039326,0.6532396088047829,0.0,0.0,0.0,0.0,0.0,0.0,0.0,0.0,0.0,0.6680519864022838,0.0,1.05e-08
999.0,0.9592865280256597,0.611157052,0.296409398,0.0,0.0,0.9592865280256596,0.0,0.0,0.0,0.0,0.0,0.0,0.0,0.0,0.0,0.24031398265861215,1.1420409279645003,0.0,1e-08
1000.0,0.9700446734797202,0.67900767,0.283866226,0.0,0.0,0.9700446734797202,0.0,0.0,0.0,0.0,0.0,0.0,0.0,0.0,0.0,0.3627354114836737,1.0937131222769818,0.0,1e-08
1001.0,0.9716057180728751,0.683603614,0.280263017,0.0,0.0,0.9716057180728751,0.0,0.0,0.0,0.0,0.0,0.0,0.0,0.0,0.0,0.3701954470718475,1.0798302556142654,0.0,1e-08
1002.0,0.9667577002966026,0.658349509,0.286223031,0.0,0.0,0.9667577002966026,0.0,0.0,0.0,0.0,0.0,0.0,0.0,0.0,0.0,0.32547382124221724,1.1027936972769399,0.0,1e-08
1003.0,0.9584770974958757,0.639154567,0.29644446,0.0,0.0,0.9584770974958757,0.0,0.0,0.0,0.0,0.0,0.0,0.0,0.0,0.0,0.29607791822434615,1.142176018954484,0.0,1e-08
1004.0,0.9518410519620116,0.635998067,0.29949983,0.0,0.0,0.9518410519620116,0.0,0.0,0.0,0.0,0.0,0.0,0.0,0.0,0.0,0.29651827477845705,1.153948107200063,0.0,1e-08
1005.0,0.9547875503984741,0.621813584,0.291506796,0.0,0.0,1.2140400897922308,0.0,0.0,0.25925253939375653,0.0,0.0,0.0,0.0,0.0,0.0,0.006477435900686057,1.1231516073987584,0.0,1e-08
1006.0,0.9732245791324431,0.540539154,0.284648403,0.0,0.0,1.0609892221013661,0.0,0.0,0.08776464296892297,0.0,0.2333272854543809,0.0,0.0,0.0,0.0,0.0,1.0967267856525016,0.0,1.0000136218855531e-08
1007.0,1.0040964308464537,0.313739157,0.307160489,0.0,0.0,0.6158182282724488,0.38827820257400486,0.0,0.0,0.0,0.31231228581212733,0.0,0.0,0.0,0.0,0.0,0.7951857910055431,0.0,1.05e-08
1008.0,1.0290602962332844,0.036738112,0.356779657,0.0,0.0,0.07211085558540847,0.956949440647876,0.0,0.0,0.0,0.3123080315878637,0.0,0.0,0.0,0.0,0.0,0.417693108840842,0.0,1.05e-08
1009.0,1.0308675961463472,1.38e-06,0.388785004,0.0,0.0,2.7087124321430476e-06,1.030864887433915,0.0,0.0,0.0,0.31230377742154986,0.0,0.0,0.0,0.0,0.0,0.46709162049989206,0.0,1.05e-08
1010.0,1.0161286799122113,0.0,0.402841193,0.0,0.0,0.0,1.0161286799122113,0.0,0.0,0.0,0.312299523313185,0.0,0.0,0.0,0.0,0.0,0.5359851632394366,0.0,1.05e-08
1011.0,0.9793788207795311,0.0,0.398346297,0.0,0.0,0.0,0.9793788207795311,0.0,0.0,0.0,0.3122952692627683,0.0,0.0,0.0,0.0,0.0,0.555416559349079,0.0,1.05e-08
1012.0,0.9351770615313789,0.0,0.381664278,0.0,0.0,0.0,0.9351770615313789,0.0,0.0,0.0,0.312291015270299,0.0,0.0,0.0,0.0,0.0,0.5353438772750926,0.0,1.05e-08
1013.0,0.8987548290417064,0.0,0.363133413,0.0,0.0,0.0,0.8987548290417064,0.0,0.0,0.0,0.3122867613357763,0.0,0.0,0.0,0.0,0.0,0.5003682175137749,0.0,1.05e-08
1014.0,0.8726924507930262,0.0,0.348071122,0.0,0.0,0.0,0.8726924507930262,0.0,0.0,0.0,0.3122825074591994,0.0,0.0,0.0,0.0,0.0,0.4683968326396294,0.0,1.05e-08
1015.0,0.8581976485281904,0.0,0.335504507,0.0,0.0,0.0,0.8581976485281904,0.0,0.0,0.0,0.31227825364056755,0.0,0.0,0.0,0.0,0.0,0.4344735052742683,0.0,1.05e-08
1016.0,0.8540776899586019,0.0,0.319602305,0.0,0.0,0.0,0.8540776899586019,0.0,0.0,0.0,0.31227399987987997,0.0,0.0,0.0,0.0,0.0,0.3773235930121669,0.0,1.05e-08
1017.0,0.8599835349351741,0.0,0.297829737,0.0,0.0,0.0,0.8599835349351741,0.0,0.0,0.0,0.3122697461771358,0.0,0.0,0.0,0.0,0.0,0.28752984188057407,0.0,1.05e-08
1018.0,0.8970181936987043,0.0,0.27650563,0.0,0.0,0.0,0.8970181936987042,0.0,0.0,0.0,0.31226549253233427,0.0,0.0,0.0,0.0,0.0,0.16833516015348648,0.0,1.05e-08
1019.0,0.9684921942889969,0.0,0.258355217,0.0,0.0,0.0,0.9684921942889969,0.0,0.0,0.0,0.3122612389454747,0.0,0.0,0.0,0.0,0.0,0.0269291174440065,0.0,1.05e-08
1020.0,1.0377370488964717,0.0,0.24194369,0.0,0.0,0.0,0.9321890537450348,0.0,0.0,0.1055479951514369,0.31225698541655617,0.0,0.0,0.0,0.0,0.0,-1.1102230246251565e-16,0.0,1.1113381641864482e-08
1021.0,1.0711506837820528,0.000617706,0.224047447,0.0,0.0,0.0012124550156589517,0.863236307642166,0.0,0.0,0.20670192112422786,0.20670473679414106,0.0,0.0,0.0,0.0,0.0,0.0,0.0,1.1113533027077317e-08
1022.0,1.087195823887004,0.176254205,0.197639806,0.0,0.0,0.34595793934854296,0.7412378845384611,0.0,0.0,0.0,0.0,0.0,0.0,0.0,0.0,0.0,0.020251963522847083,0.0,1.05e-08
1023.0,1.0918768163158608,0.440916194,0.206397091,0.0,0.0,0.8654457798702867,0.22643103644557397,0.0,0.0,0.0,0.0,0.0,0.0,0.0,0.0,1.1102230246251565e-16,0.5687999073951926,0.0,1.05e-08
1024.0,1.0846026483008442,0.563174746,0.224899382,0.0,0.0,1.0846026483008442,0.0,0.0,0.0,0.0,0.0,0.0,0.0,0.0,0.0,0.02081650819133185,0.8665187428298837,0.0,1e-08
1025.0,1.0682405883059245,0.583117583,0.233634099,0.0,0.0,1.0682405883059245,0.0,0.0,0.0,0.0,0.0,0.0,0.0,0.0,0.0,0.07632306855878968,0.9001728859693914,0.0,1e-08
1026.0,1.047932019140656,0.572597941,0.245456688,0.0,0.0,1.047932019140656,0.0,0.0,0.0,0.0,0.0,0.0,0.0,0.0,0.0,0.07598331521167112,0.94572434487591,0.0,1e-08
1027.0,1.029717690869908,0.56238557,0.258094684,0.0,0.0,1.029717690869908,0.0,0.0,0.0,0.0,0.0,0.0,0.0,0.0,0.0,0.07415244327274007,0.9944174996032498,0.0,1e-08
1028.0,1.017976665486824,0.558909673,0.270550605,0.0,0.0,1.017976665486824,0.0,0.0,0.0,0.0,0.0,0.0,0.0,0.0,0.0,0.07907085603499153,1.0424091343944397,0.0,1e-08
1029.0,1.0168995661310531,0.546437502,0.284495402,0.0,0.0,1.0168995661310531,0.0,0.0,0.0,0.0,0.0,0.0,0.0,0.0,0.0,0.055667140431694184,1.0961372854369267,0.0,1e-08
1030.0,1.0346792002283989,0.485139242,0.303234596,0.0,0.0,0.9522483305259816,0.08243086970241736,0.0,0.0,0.0,0.0,0.0,0.0,0.0,0.0,0.0,1.0859069824151473,0.0,1.05e-08
1031.0,1.0744911907303678,0.303450119,0.357599502,0.0,0.0,0.5956225433844835,0.4788686473458843,0.0,0.0,0.0,0.0,0.0,0.0,0.0,0.0,0.0,0.8989326972110896,0.0,1.05e-08
1032.0,1.1036028522446895,0.055154359,0.433195689,0.0,0.0,0.10825891152911651,0.995343940715573,0.0,0.0,0.0,0.0,0.0,0.0,0.0,0.0,0.0,0.6737232683335176,0.0,1.05e-08
1033.0,1.1088598679870696,3.54e-06,0.447890567,0.0,0.0,6.948436238975643e-06,1.1088529195508305,0.0,0.0,0.0,0.0,0.0,0.0,0.0,0.0,8.470329472543003e-22,0.6168324406793004,0.0,1.05e-08
1034.0,1.0914613942979292,0.0,0.430722453,0.0,0.0,0.0,1.0914613942979292,0.0,0.0,0.0,0.0,0.0,0.0,0.0,0.0,0.0,0.5680766407250557,0.0,1.05e-08
1035.0,1.0487050467101058,0.0,0.409980531,0.0,0.0,0.0,1.0487050467101058,0.0,0.0,0.0,0.0,0.0,0.0,0.0,0.0,0.0,0.5309160760675822,0.0,1.05e-08
1036.0,0.9972548156542318,0.0,0.390797464,0.0,0.0,0.0,0.9972548156542318,0.0,0.0,0.0,0.0,0.0,0.0,0.0,0.0,0.0,0.5084555344363999,0.0,1.05e-08
1037.0,0.9533014530765954,0.0,0.375966516,0.0,0.0,0.0,0.9533014530765954,0.0,0.0,0.0,0.0,0.0,0.0,0.0,0.0,0.0,0.4952664793619709,0.0,1.05e-08
1038.0,0.9248407621470737,0.0,0.370407321,0.0,0.0,0.0,0.9248407621470738,0.0,0.0,0.0,0.0,0.0,0.0,0.0,0.0,0.0,0.5023080511293683,0.0,1.05e-08
1039.0,0.9077335121406069,0.0,0.368754058,0.0,0.0,0.0,0.9077335121406069,0.0,0.0,0.0,0.0,0.0,0.0,0.0,0.0,0.0,0.5130454153514126,0.0,1.05e-08
1040.0,0.8998019494889667,0.0,0.367625034,0.0,0.0,0.0,0.8998019494889667,0.0,0.0,0.0,0.0,0.0,0.0,0.0,0.0,0.0,0.5166269417850576,0.0,1.05e-08
1041.0,0.9065493452544414,0.0,0.366464729,0.0,0.0,0.0,0.9065493452544414,0.0,0.0,0.0,0.0,0.0,0.0,0.0,0.0,0.0,0.5054089866923045,0.0,1.05e-08
1042.0,0.9384747414675361,0.0,0.366167709,0.0,0.0,0.0,0.938474741467536,0.0,0.0,0.0,0.0,0.0,0.0,0.0,0.0,0.0,0.4723391969521734,0.0,1.05e-08
1043.0,1.006012939640519,0.0,0.370628074,0.0,0.0,0.0,1.006012939640519,0.0,0.0,0.0,0.0,0.0,0.0,0.0,0.0,0.0,0.42198641671138537,0.0,1.05e-08
1044.0,1.064606716324328,0.0,0.374287978,0.0,0.0,0.0,1.064606716324328,0.0,0.0,0.0,0.0,0.0,0.0,0.0,0.0,0.0,0.3774939478424557,0.0,1.05e-08
1045.0,1.0828124791926446,0.000741818,0.358005494,0.0,0.0,0.0014560664050633993,1.0813564127875812,0.0,0.0,0.0,0.0,0.0,0.0,0.0,0.0,2.168404344971009e-19,0.298009185411668,0.0,1.05e-08
1046.0,1.0874763408166381,0.186993881,0.28796358,0.0,0.0,0.3670381523183896,0.7204381884982486,0.0,0.0,0.0,0.0,0.0,0.0,0.0,0.0,0.0,0.38906170031155096,0.0,1.05e-08
1047.0,1.0804334386672743,0.548486865,0.282273238,0.0,0.0,1.0765892681830909,0.0038441704841834716,0.0,0.0,0.0,0.0,0.0,0.0,0.0,0.0,0.0,1.0837313006048415,0.0,1.05e-08
1048.0,1.0616602178878658,0.685258547,0.315035557,0.0,0.0,1.0616602178878658,0.0,0.0,0.0,0.0,0.0,0.0,0.0,0.0,0.0,0.2833893078303813,1.2138059801264913,0.0,1e-08
1049.0,1.0412081782318683,0.675666098,0.339682514,0.0,0.0,1.0412081782318683,0.0,0.0,0.0,0.0,0.0,0.0,0.0,0.0,0.0,0.2850129519349307,1.30876866968258,0.0,1e-08
1050.0,1.0234478162899936,0.648201724,0.354280557,0.0,0.0,1.0234478162899936,0.0,0.0,0.0,0.0,0.0,0.0,0.0,0.0,0.0,0.2488652767066415,1.3650137236069015,0.0,1e-08
1051.0,1.0103812948806232,0.631861919,0.363579741,0.0,0.0,1.0103812948806232,0.0,0.0,0.0,0.0,0.0,0.0,0.0,0.0,0.0,0.22985945540420527,1.4008427114741238,0.0,1e-08
1052.0,1.0018244578514781,0.641438186,0.36909395,0.0,0.0,1.0018244578514781,0.0,0.0,0.0,0.0,0.0,0.0,0.0,0.0,0.0,0.2572129253872788,1.4220885032939572,0.0,1e-08
1053.0,1.0033940678470645,0.649320974,0.36095303,0.0,0.0,1.0033940678470645,0.0,0.0,0.0,0.0,0.0,0.0,0.0,0.0,0.0,0.27111592833049536,1.390722210949594,0.0,1e-08
1054.0,1.0212657800205496,0.595900536,0.393672338,0.0,0.0,1.0212657800205496,0.0,0.0,0.0,0.0,0.0,0.0,0.0,0.0,0.0,0.14838870561996176,1.5167870021566403,0.0,1e-08
1055.0,1.0533239399713337,0.397281382,0.48674495,0.0,0.0,0.7797978394799792,0.2735261004913545,0.0,0.0,0.0,0.0,0.0,0.0,0.0,0.0,0.0,1.6018619881819822,0.0,1.05e-08
1056.0,1.0747203152454123,0.0720277,0.570446829,0.0,0.0,0.1413784974265723,0.9333418178188401,0.0,0.0,0.0,0.0,0.0,0.0,0.0,0.0,2.7755575615628914e-17,1.264542697116704,0.0,1.05e-08
1057.0,1.0754612225557438,5.87e-06,0.619549403,0.0,0.0,1.152184201208673e-05,1.0754497007137316,0.0,0.0,0.0,0.0,0.0,0.0,0.0,0.0,0.0,1.3116229761181015,0.0,1.05e-08
1058.0,1.0553132546860673,0.0,0.647807687,0.0,0.0,0.0,1.0553132546860673,0.0,0.0,0.0,0.0,0.0,0.0,0.0,0.0,0.0,1.4406362563480486,0.0,1.05e-08
1059.0,1.0104605248531153,0.0,0.661991642,0.0,0.0,0.0,1.0104605248531153,0.0,0.0,0.0,0.0,0.0,0.0,0.0,0.0,0.0,1.5401385932437521,0.0,1.05e-08
1060.0,0.9587597557761178,0.0,0.663924872,0.0,0.0,0.0,0.9587597557761178,0.0,0.0,0.0,0.0,0.0,0.0,0.0,0.0,0.0,1.5992879378317353,0.0,1.05e-08
1061.0,0.9111211288022955,0.0,0.655650017,0.0,0.0,0.0,0.9111211288022955,0.0,0.0,0.0,0.0,0.0,0.0,0.0,0.0,0.0,1.6150442319688243,0.0,1.05e-08
1062.0,0.877735331474617,0.0,0.638579165,0.0,0.0,0.0,0.877735331474617,0.0,0.0,0.0,0.0,0.0,0.0,0.0,0.0,0.0,1.5826574465418068,0.0,1.05e-08
1063.0,0.8570755808096537,0.0,0.617114953,0.0,0.0,0.0,0.8570755808096537,0.0,0.0,0.0,0.0,0.0,0.0,0.0,0.0,0.0,1.520617361250466,0.0,1.05e-08
1064.0,0.8472403574675957,0.0,0.596535944,0.0,0.0,0.0,0.8472403574675957,0.0,0.0,0.0,0.0,0.0,0.0,0.0,0.0,0.0,1.4511633626801008,0.0,1.05e-08
1065.0,0.8491525835604452,0.0,0.575294252,0.0,0.0,0.0,0.8491525835604452,0.0,0.0,0.0,0.0,0.0,0.0,0.0,0.0,0.0,1.3674086518114612,0.0,1.05e-08
1066.0,0.8772770824445276,0.0,0.551124367,0.0,0.0,0.0,0.8772770824445276,0.0,0.0,0.0,0.0,0.0,0.0,0.0,0.0,0.0,1.2461595823825702,0.0,1.05e-08
1067.0,0.9408516406422985,0.0,0.528643191,0.0,0.0,0.0,0.9408516406422985,0.0,0.0,0.0,0.0,0.0,0.0,0.0,0.0,0.0,1.0959669099346794,0.0,1.05e-08
1068.0,0.9965653007584899,0.0,0.513642183,0.0,0.0,0.0,0.9965653007584898,0.0,0.0,0.0,0.0,0.0,0.0,0.0,0.0,0.0,0.9824556050328701,0.0,1.05e-08
1069.0,1.0130237215307647,0.000846297,0.48773524,0.0,0.0,0.0016611414530328728,1.0113625800777317,0.0,0.0,0.0,0.0,0.0,0.0,0.0,0.0,2.168404344971009e-19,0.8678410141706137,0.0,1.05e-08
1070.0,1.0166126251495955,0.145676374,0.41503323,0.0,0.0,0.28593869950965234,0.7306739256399432,0.0,0.0,0.0,0.0,0.0,0.0,0.0,0.0,0.0,0.8684148290469237,0.0,1.05e-08
1071.0,1.012310651778336,0.449718617,0.334457442,0.0,0.0,0.8827234846623752,0.12958716711596094,0.0,0.0,0.0,0.0,0.0,0.0,0.0,0.0,0.0,1.1590497317259343,0.0,1.05e-08
1072.0,0.9999315039140996,0.557505533,0.354704171,0.0,0.0,0.9999315039140996,0.0,0.0,0.0,0.0,0.0,0.0,0.0,0.0,0.0,0.09435992233636148,1.3666458733596525,0.0,1e-08
1073.0,0.9824645070055066,0.569189302,0.449852041,0.0,0.0,0.9824645070055066,0.0,0.0,0.0,0.0,0.0,0.0,0.0,0.0,0.0,0.13476023108885837,1.7332427575402465,0.0,1e-08
1074.0,0.970027542674857,0.555884508,0.540584748,0.0,0.0,0.970027542674857,0.0,0.0,0.0,0.0,0.0,0.0,0.0,0.0,0.0,0.12108207881450639,2.0828283833610954,0.0,1e-08
1075.0,0.9596719711350807,0.540374108,0.600239779,0.0,0.0,0.9596719711350807,0.0,0.0,0.0,0.0,0.0,0.0,0.0,0.0,0.0,0.1009932928850712,2.3126742904770063,0.0,1e-08
1076.0,0.9553121812974081,0.525262265,0.621765841,0.0,0.0,0.9553121812974081,0.0,0.0,0.0,0.0,0.0,0.0,0.0,0.0,0.0,0.07569102692079177,2.3956124293746854,0.0,1e-08
1077.0,0.956104481022329,0.493159847,0.643539768,0.0,0.0,0.956104481022329,0.0,0.0,0.0,0.0,0.0,0.0,0.0,0.0,0.0,0.011886974486847168,2.4795055716444567,0.0,1e-08
1078.0,0.969747025745223,0.425284595,0.707963332,0.0,0.0,0.834763528750305,0.13498349699491796,0.0,0.0,0.0,0.0,0.0,0.0,0.0,0.0,0.0,2.5927407455478892,0.0,1.05e-08
1079.0,0.9922461965823673,0.274180859,0.754584792,0.0,0.0,0.5381718126296812,0.4540743839526862,0.0,0.0,0.0,0.0,0.0,0.0,0.0,0.0,0.0,2.453278493177004,0.0,1.05e-08
1080.0,1.0040022114197065,0.061679194,0.77754441,0.0,0.0,0.12106608666113251,0.882936124758574,0.0,0.0,0.0,0.0,0.0,0.0,0.0,0.0,0.0,2.112878264129358,0.0,1.05e-08
1081.0,1.0008993943888678,1.28e-05,0.772002714,0.0,0.0,2.5124289225674645e-05,1.000874270099642,0.0,0.0,0.0,0.0,0.0,0.0,0.0,0.0,-3.3881317890172014e-21,1.9735884218278008,0.0,1.05e-08
1082.0,0.9799120170808967,0.0,0.752869738,0.0,0.0,0.0,0.9799120170808967,0.0,0.0,0.0,0.0,0.0,0.0,0.0,0.0,0.0,1.920832898645123,0.0,1.05e-08
1083.0,0.9372370408161732,0.0,0.73581501,0.0,0.0,0.0,0.9372370408161732,0.0,0.0,0.0,0.0,0.0,0.0,0.0,0.0,0.0,1.8977974165953566,0.0,1.05e-08
1084.0,0.8875641307648514,0.0,0.717324354,0.0,0.0,0.0,0.8875641307648514,0.0,0.0,0.0,0.0,0.0,0.0,0.0,0.0,0.0,1.876227356351545,0.0,1.05e-08
1085.0,0.8425486582856995,0.0,0.699716869,0.0,0.0,0.0,0.8425486582856995,0.0,0.0,0.0,0.0,0.0,0.0,0.0,0.0,0.0,1.8534026434512807,0.0,1.05e-08
1086.0,0.8075204450417662,0.0,0.681537842,0.0,0.0,0.0,0.8075204450417662,0.0,0.0,0.0,0.0,0.0,0.0,0.0,0.0,0.0,1.8183885671974576,0.0,1.05e-08
1087.0,0.7856508312833427,0.0,0.669196755,0.0,0.0,0.0,0.7856508312833427,0.0,0.0,0.0,0.0,0.0,0.0,0.0,0.0,0.0,1.7927089920817463,0.0,1.05e-08
1088.0,0.7731903120960064,0.0,0.658989844,0.0,0.0,0.0,0.7731903120960064,0.0,0.0,0.0,0.0,0.0,0.0,0.0,0.0,0.0,1.7658431262463954,0.0,1.05e-08
1089.0,0.7730661137607485,0.0,0.658069899,0.0,0.0,0.0,0.7730661137607485,0.0,0.0,0.0,0.0,0.0,0.0,0.0,0.0,0.0,1.7624228524813579,0.0,1.05e-08
1090.0,0.7937258644257118,0.0,0.654687795,0.0,0.0,0.0,0.7937258644257118,0.0,0.0,0.0,0.0,0.0,0.0,0.0,0.0,0.0,1.7287321344560667,0.0,1.05e-08
1091.0,0.850330326394787,0.0,0.653933462,0.0,0.0,0.0,0.850330326394787,0.0,0.0,0.0,0.0,0.0,0.0,0.0,0.0,0.0,1.6692212897436403,0.0,1.05e-08
1092.0,0.9071532061258676,0.0,0.651122907,0.0,0.0,0.0,0.9071532061258676,0.0,0.0,0.0,0.0,0.0,0.0,0.0,0.0,0.0,1.6015695737409943,0.0,1.05e-08
1093.0,0.9330592657801716,0.000852573,0.619465064,0.0,0.0,0.0016734602060938365,0.9313858055740778,0.0,0.0,0.0,0.0,0.0,0.0,0.0,0.0,2.168404344971009e-19,1.4553619200569043,0.0,1.05e-08
1094.0,0.9481750597212968,0.111529696,0.501336903,0.0,0.0,0.21891440152777877,0.7292606581935179,0.0,0.0,0.0,0.0,0.0,0.0,0.0,0.0,0.0,1.202349020137156,0.0,1.05e-08
1095.0,0.9559096181170106,0.400762004,0.502058843,0.0,0.0,0.7866297264966389,0.16927989162037171,0.0,0.0,0.0,0.0,0.0,0.0,0.0,0.0,1.1102230246251565e-16,1.7651113619002181,0.0,1.05e-08
1096.0,0.9534513476191481,0.545543013,0.543610877,0.0,0.0,0.9534513476191481,0.0,0.0,0.0,0.0,0.0,0.0,0.0,0.0,0.0,0.11735962454163185,2.0944878084488936,0.0,1e-08
1097.0,0.9508667374354197,0.575789769,0.561641031,0.0,0.0,0.9508667374354197,0.0,0.0,0.0,0.0,0.0,0.0,0.0,0.0,0.0,0.17931362893492342,2.163956502574114,0.0,1e-08
1098.0,0.9482628550962204,0.572960805,0.57740462,0.0,0.0,0.9482628550962204,0.0,0.0,0.0,0.0,0.0,0.0,0.0,0.0,0.0,0.17636472145029303,2.2246923089658233,0.0,1e-08
1099.0,0.9454191414889369,0.567227308,0.593745593,0.0,0.0,0.9454191414889369,0.0,0.0,0.0,0.0,0.0,0.0,0.0,0.0,0.0,0.16795452592456572,2.2876527282193413,0.0,1e-08
1100.0,0.9426567992047534,0.568742172,0.608245433,0.0,0.0,0.9426567992047534,0.0,0.0,0.0,0.0,0.0,0.0,0.0,0.0,0.0,0.1736902964332463,2.343519414095937,0.0,1e-08
1101.0,0.944849542227237,0.563115075,0.629763926,0.0,0.0,0.944849542227237,0.0,0.0,0.0,0.0,0.0,0.0,0.0,0.0,0.0,0.16045248993194028,2.4264283902617922,0.0,1e-08
1102.0,0.9535905354086612,0.518010476,0.664386994,0.0,0.0,0.9535905354086612,0.0,0.0,0.0,0.0,0.0,0.0,0.0,0.0,0.0,0.06317860685332277,2.5598282115039583,0.0,1e-08
1103.0,0.9744066046680007,0.366967052,0.702768719,0.0,0.0,0.7202958086516553,0.25411079601634534,0.0,0.0,0.0,0.0,0.0,0.0,0.0,0.0,-1.1102230246251565e-16,2.453599031696956,0.0,1.05e-08
1104.0,0.9899035590173311,0.077235407,0.706273409,0.0,0.0,0.15160036749458564,0.8383031915227454,0.0,0.0,0.0,0.0,0.0,0.0,0.0,0.0,0.0,1.8829099172836465,0.0,1.05e-08
1105.0,0.9884088962930209,1.65e-05,0.684981,0.0,0.0,3.238677907997122e-05,0.988376509513941,0.0,0.0,0.0,0.0,0.0,0.0,0.0,0.0,0.0,1.650798706104733,0.0,1.05e-08
1106.0,0.9655264236970634,0.0,0.670601581,0.0,0.0,0.0,0.9655264236970634,0.0,0.0,0.0,0.0,0.0,0.0,0.0,0.0,0.0,1.6182460782116008,0.0,1.05e-08
1107.0,0.9223803502986032,0.0,0.661831851,0.0,0.0,0.0,0.9223803502986033,0.0,0.0,0.0,0.0,0.0,0.0,0.0,0.0,0.0,1.6276031062735221,0.0,1.05e-08
1108.0,0.873302735716276,0.0,0.655178962,0.0,0.0,0.0,0.873302735716276,0.0,0.0,0.0,0.0,0.0,0.0,0.0,0.0,0.0,1.6510476890475774,0.0,1.05e-08
1109.0,0.827764773688798,0.0,0.64436306,0.0,0.0,0.0,0.827764773688798,0.0,0.0,0.0,0.0,0.0,0.0,0.0,0.0,0.0,1.6549128740302024,0.0,1.05e-08
1110.0,0.7944175206720616,0.0,0.631667605,0.0,0.0,0.0,0.7944175206720616,0.0,0.0,0.0,0.0,0.0,0.0,0.0,0.0,0.0,1.6393455875385405,0.0,1.05e-08
1111.0,0.7703080541777808,0.0,0.621053233,0.0,0.0,0.0,0.7703080541777808,0.0,0.0,0.0,0.0,0.0,0.0,0.0,0.0,0.0,1.6225587554321934,0.0,1.05e-08
1112.0,0.7591858791203783,0.0,0.60847827,0.0,0.0,0.0,0.7591858791203783,0.0,0.0,0.0,0.0,0.0,0.0,0.0,0.0,0.0,1.5852306367049187,0.0,1.05e-08
1113.0,0.7623250991115512,0.0,0.596751291,0.0,0.0,0.0,0.7623250991115512,0.0,0.0,0.0,0.0,0.0,0.0,0.0,0.0,0.0,1.5369083352401276,0.0,1.05e-08
1114.0,0.7829484468161803,0.0,0.589600579,0.0,0.0,0.0,0.7829484468161803,0.0,0.0,0.0,0.0,0.0,0.0,0.0,0.0,0.0,1.4887338848269165,0.0,1.05e-08
1115.0,0.8374715159943824,0.0,0.579921794,0.0,0.0,0.0,0.8374715159943824,0.0,0.0,0.0,0.0,0.0,0.0,0.0,0.0,0.0,1.3969192564823991,0.0,1.05e-08
1116.0,0.896538531162536,0.0,0.566237803,0.0,0.0,0.0,0.896538531162536,0.0,0.0,0.0,0.0,0.0,0.0,0.0,0.0,0.0,1.2851289542479638,0.0,1.05e-08
1117.0,0.9322434111985639,0.001078437,0.542981329,0.0,0.0,0.002116793992161632,0.9301266172064023,0.0,0.0,0.0,0.0,0.0,0.0,0.0,0.0,0.0,1.1619355947972725,0.0,1.05e-08
1118.0,0.9579246290390391,0.114498201,0.508020696,0.0,0.0,0.22474108732370546,0.7331835417153336,0.0,0.0,0.0,0.0,0.0,0.0,0.0,0.0,-2.7755575615628914e-17,1.2241782389830345,0.0,1.05e-08
1119.0,0.9731838934708931,0.453893667,0.455727674,0.0,0.0,0.8909184193289105,0.08226547414198254,0.0,0.0,0.0,0.0,0.0,0.0,0.0,0.0,1.1102230246251565e-16,1.6736156120375565,0.0,1.05e-08
1120.0,0.9763145480596345,0.552979994,0.430180914,0.0,0.0,0.9763145480596345,0.0,0.0,0.0,0.0,0.0,0.0,0.0,0.0,0.0,0.10909399141441467,1.6574515299854864,0.0,1e-08
1121.0,0.9750511512009769,0.564849782,0.421409884,0.0,0.0,0.9750511512009769,0.0,0.0,0.0,0.0,0.0,0.0,0.0,0.0,0.0,0.13365582473865378,1.6236574758563238,0.0,1e-08
1122.0,0.9729590516570642,0.548979586,0.415830773,0.0,0.0,0.9729590516570642,0.0,0.0,0.0,0.0,0.0,0.0,0.0,0.0,0.0,0.10459734659724262,1.6021616219912012,0.0,1e-08
1123.0,0.9688069728283574,0.525069246,0.407547273,0.0,0.0,0.9688069728283574,0.0,0.0,0.0,0.0,0.0,0.0,0.0,0.0,0.0,0.06181737092249506,1.5702459806835192,0.0,1e-08
1124.0,0.9653808118557267,0.50135553,0.400500118,0.0,0.0,0.9653808118557267,0.0,0.0,0.0,0.0,0.0,0.0,0.0,0.0,0.0,0.018697417879539047,1.5430938745424392,0.0,1e-08
1125.0,0.9640360436739691,0.471514552,0.390301549,0.0,0.0,0.9255053108251879,0.03853073284878113,0.0,0.0,0.0,0.0,0.0,0.0,0.0,0.0,0.0,1.465268897707946,0.0,1.05e-08
1126.0,0.9712266990152778,0.429358351,0.377098577,0.0,0.0,0.842759639998651,0.12846705901662683,0.0,0.0,0.0,0.0,0.0,0.0,0.0,0.0,0.0,1.3244626109500879,0.0,1.05e-08
1127.0,0.9859913114567084,0.30839091,0.419208511,0.0,0.0,0.605320501360078,0.3806708100966304,0.0,0.0,0.0,0.0,0.0,0.0,0.0,0.0,1.1102230246251565e-16,1.234504957417517,0.0,1.05e-08
1128.0,0.9976402587636528,0.084256353,0.464182624,0.0,0.0,0.16538132670879213,0.8322589320548607,0.0,0.0,0.0,0.0,0.0,0.0,0.0,0.0,2.7755575615628914e-17,0.9561983781211033,0.0,1.05e-08
1129.0,0.9935609858556144,2.21e-05,0.467698744,0.0,0.0,4.3378655616203874e-05,0.9935176071999982,0.0,0.0,0.0,0.0,0.0,0.0,0.0,0.0,0.0,0.8084870229149731,0.0,1.05e-08
1130.0,0.9764323223430686,0.0,0.456048219,0.0,0.0,0.0,0.9764323223430686,0.0,0.0,0.0,0.0,0.0,0.0,0.0,0.0,0.0,0.7806837972454124,0.0,1.05e-08
1131.0,0.9430229701587033,0.0,0.452922914,0.0,0.0,0.0,0.9430229701587033,0.0,0.0,0.0,0.0,0.0,0.0,0.0,0.0,0.0,0.8020516074056209,0.0,1.05e-08
1132.0,0.9017484371915426,0.0,0.452019276,0.0,0.0,0.0,0.9017484371915426,0.0,0.0,0.0,0.0,0.0,0.0,0.0,0.0,0.0,0.8398444977965768,0.0,1.05e-08
1133.0,0.8642533880473151,0.0,0.448688359,0.0,0.0,0.0,0.8642533880473151,0.0,0.0,0.0,0.0,0.0,0.0,0.0,0.0,0.0,0.8645057988635831,0.0,1.05e-08
1134.0,0.8359961254255432,0.0,0.443007756,0.0,0.0,0.0,0.8359961254255432,0.0,0.0,0.0,0.0,0.0,0.0,0.0,0.0,0.0,0.8708761673271681,0.0,1.05e-08
1135.0,0.8157303832724325,0.0,0.432877938,0.0,0.0,0.0,0.8157303832724325,0.0,0.0,0.0,0.0,0.0,0.0,0.0,0.0,0.0,0.8521125574189401,0.0,1.05e-08
1136.0,0.8041735140416275,0.0,0.425338925,0.0,0.0,0.0,0.8041735140416275,0.0,0.0,0.0,0.0,0.0,0.0,0.0,0.0,0.0,0.8346222322606642,0.0,1.05e-08
1137.0,0.8012420050594204,0.0,0.415034682,0.0,0.0,0.0,0.8012420050594204,0.0,0.0,0.0,0.0,0.0,0.0,0.0,0.0,0.0,0.7978523440635157,0.0,1.05e-08
1138.0,0.8080879029528582,0.0,0.408056679,0.0,0.0,0.0,0.8080879029528582,0.0,0.0,0.0,0.0,0.0,0.0,0.0,0.0,0.0,0.7641207769732493,0.0,1.05e-08
1139.0,0.8297412402998843,0.0,0.408935201,0.0,0.0,0.0,0.8297412402998843,0.0,0.0,0.0,0.0,0.0,0.0,0.0,0.0,0.0,0.7458523123289345,0.0,1.05e-08
1140.0,0.8614246638942868,0.0,0.412517845,0.0,0.0,0.0,0.8614246638942868,0.0,0.0,0.0,0.0,0.0,0.0,0.0,0.0,0.0,0.7279725201508558,0.0,1.05e-08
1141.0,0.8933136571470474,0.001658211,0.393737921,0.0,0.0,0.0032547947469683727,0.890058862400079,0.0,0.0,0.0,0.0,0.0,0.0,0.0,0.0,4.336808689942018e-19,0.6269808256386015,0.0,1.05e-08
1142.0,0.9221405190305191,0.19607405,0.295039528,0.0,0.0,0.3848610267069837,0.5372794923235353,0.0,0.0,0.0,0.0,0.0,0.0,0.0,0.0,0.0,0.5994834396781288,0.0,1.05e-08
1143.0,0.9387124313850123,0.66566472,0.286938975,0.0,0.0,0.9387124313850123,0.0,0.0,0.0,0.0,0.0,0.0,0.0,0.0,0.0,0.3678776430374665,1.1055521703741071,0.0,1e-08
1144.0,0.9426739300096165,0.738516241,0.375972662,0.0,0.0,0.9426739300096165,0.0,0.0,0.0,0.0,0.0,0.0,0.0,0.0,0.0,0.5069116666108553,1.4485916124689253,0.0,1e-08
1145.0,0.9390743196377463,0.729921672,0.409501159,0.0,0.0,0.9390743196377463,0.0,0.0,0.0,0.0,0.0,0.0,0.0,0.0,0.0,0.49364155531663034,1.5777741420563811,0.0,1e-08
1146.0,0.9348001838243896,0.702367011,0.417271871,0.0,0.0,0.9348001838243896,0.0,0.0,0.0,0.0,0.0,0.0,0.0,0.0,0.0,0.44383043546753265,1.6077140535548178,0.0,1e-08
1147.0,0.9293161849175725,0.685131406,0.41462515,0.0,0.0,0.9293161849175725,0.0,0.0,0.0,0.0,0.0,0.0,0.0,0.0,0.0,0.41548378398376495,1.5975164561530542,0.0,1e-08
1148.0,0.924894295912271,0.688673319,0.395579689,0.0,0.0,0.924894295912271,0.0,0.0,0.0,0.0,0.0,0.0,0.0,0.0,0.0,0.42685786413158033,1.524135868018154,0.0,1e-08
1149.0,0.9259756779692576,0.689313764,0.35773055,0.0,0.0,0.9259756779692576,0.0,0.0,0.0,0.0,0.0,0.0,0.0,0.0,0.0,0.427033569997495,1.3783062616768011,0.0,1e-08
1150.0,0.9361449520061471,0.63905352,0.330806925,0.0,0.0,0.9361449520061471,0.0,0.0,0.0,0.0,0.0,0.0,0.0,0.0,0.0,0.31821172511615425,1.2745717583626779,0.0,1e-08
1151.0,0.9516697439133801,0.435019686,0.368893398,0.0,0.0,0.8538719070254818,0.09779783688789831,0.0,0.0,0.0,0.0,0.0,0.0,0.0,0.0,1.1102230246251565e-16,1.3235179561150543,0.0,1.05e-08
1152.0,0.9654728899318661,0.089298843,0.426803354,0.0,0.0,0.17527890305078997,0.7901939868810762,0.0,0.0,0.0,0.0,0.0,0.0,0.0,0.0,0.0,0.8542440834007613,0.0,1.05e-08
1153.0,0.9634450309061903,2.83e-05,0.462040058,0.0,0.0,5.554823320989003e-05,0.9633894826729805,0.0,0.0,0.0,0.0,0.0,0.0,0.0,0.0,6.776263578034403e-21,0.8168126976745249,0.0,1.05e-08
1154.0,0.9485390893246388,0.0,0.474441802,0.0,0.0,0.0,0.9485390893246388,0.0,0.0,0.0,0.0,0.0,0.0,0.0,0.0,0.0,0.8794459863079152,0.0,1.05e-08
1155.0,0.9190312779478567,0.0,0.482792007,0.0,0.0,0.0,0.9190312779478567,0.0,0.0,0.0,0.0,0.0,0.0,0.0,0.0,0.0,0.9411264478477457,0.0,1.05e-08
1156.0,0.8832236130826498,0.0,0.500409704,0.0,0.0,0.0,0.8832236130826498,0.0,0.0,0.0,0.0,0.0,0.0,0.0,0.0,0.0,1.0448136440848874,0.0,1.05e-08
1157.0,0.8475615600587798,0.0,0.517304447,0.0,0.0,0.0,0.8475615600587798,0.0,0.0,0.0,0.0,0.0,0.0,0.0,0.0,0.0,1.1455697464325303,0.0,1.05e-08
1158.0,0.820820373667397,0.0,0.529269933,0.0,0.0,0.0,0.820820373667397,0.0,0.0,0.0,0.0,0.0,0.0,0.0,0.0,0.0,1.2184129620685669,0.0,1.05e-08
1159.0,0.8025739251375306,0.0,0.535783889,0.0,0.0,0.0,0.8025739251375306,0.0,0.0,0.0,0.0,0.0,0.0,0.0,0.0,0.0,1.2617571450331553,0.0,1.05e-08
1160.0,0.7921262755216147,0.0,0.540700964,0.0,0.0,0.0,0.7921262755216147,0.0,0.0,0.0,0.0,0.0,0.0,0.0,0.0,0.0,1.291149878488387,0.0,1.05e-08
1161.0,0.7895202518318075,0.0,0.542411438,0.0,0.0,0.0,0.7895202518318075,0.0,0.0,0.0,0.0,0.0,0.0,0.0,0.0,0.0,1.3003462172201594,0.0,1.05e-08
1162.0,0.7967301793285874,0.0,0.548097776,0.0,0.0,0.0,0.7967301793285874,0.0,0.0,0.0,0.0,0.0,0.0,0.0,0.0,0.0,1.3150452803628725,0.0,1.05e-08
1163.0,0.8147046763312512,0.0,0.550952069,0.0,0.0,0.0,0.8147046763312512,0.0,0.0,0.0,0.0,0.0,0.0,0.0,0.0,0.0,1.3080681385331459,0.0,1.05e-08
1164.0,0.8385379085971136,0.0,0.546193631,0.0,0.0,0.0,0.8385379085971136,0.0,0.0,0.0,0.0,0.0,0.0,0.0,0.0,0.0,1.2659010376860262,0.0,1.05e-08
1165.0,0.8665681880544488,0.001211105,0.520765547,0.0,0.0,0.0023771993986453667,0.8641909886558035,0.0,0.0,0.0,0.0,0.0,0.0,0.0,0.0,0.0,1.1422756502590012,0.0,1.05e-08
1166.0,0.8878489303957013,0.168614108,0.473528451,0.0,0.0,0.3309616888219642,0.556887241573737,0.0,0.0,0.0,0.0,0.0,0.0,0.0,0.0,-5.551115123125783e-17,1.267578768095877,0.0,1.05e-08
1167.0,0.8912408297586057,0.58970895,0.502035718,0.0,0.0,0.8912408297586057,0.0,0.0,0.0,0.0,0.0,0.0,0.0,0.0,0.0,0.26626059358271525,1.9343021548056456,0.0,1e-08
1168.0,0.887167980902391,0.690045513,0.584932327,0.0,0.0,0.887167980902391,0.0,0.0,0.0,0.0,0.0,0.0,0.0,0.0,0.0,0.46727756968284606,2.253695942270746,0.0,1e-08
1169.0,0.8814056064165476,0.687293706,0.624074852,0.0,0.0,0.8814056064165476,0.0,0.0,0.0,0.0,0.0,0.0,0.0,0.0,0.0,0.46763860081234254,2.4045088580402845,0.0,1e-08
1170.0,0.8778252682001486,0.663582635,0.643410326,0.0,0.0,0.8778252682001486,0.0,0.0,0.0,0.0,0.0,0.0,0.0,0.0,0.0,0.42467801671198346,2.4790068423099787,0.0,1e-08
1171.0,0.8722449085159762,0.643408362,0.661368015,0.0,0.0,0.8722449085159762,0.0,0.0,0.0,0.0,0.0,0.0,0.0,0.0,0.0,0.39065960532039634,2.5481963347755916,0.0,1e-08
1172.0,0.868688125156264,0.645526469,0.680851681,0.0,0.0,0.868688125156264,0.0,0.0,0.0,0.0,0.0,0.0,0.0,0.0,0.0,0.3983738834362748,2.62326529058107,0.0,1e-08
1173.0,0.8740479257278232,0.651680106,0.69232616,0.0,0.0,0.8740479257278232,0.0,0.0,0.0,0.0,0.0,0.0,0.0,0.0,0.0,0.40509265753485735,2.667475510410433,0.0,1e-08
1174.0,0.8922665366997871,0.610461981,0.726699246,0.0,0.0,0.8922665366997871,0.0,0.0,0.0,0.0,0.0,0.0,0.0,0.0,0.0,0.30596966423164274,2.799912171654364,0.0,1e-08
1175.0,0.9264681886090732,0.417054813,0.763952214,0.0,0.0,0.8186098238102856,0.10785836479878771,0.0,0.0,0.0,0.0,0.0,0.0,0.0,0.0,-1.1102230246251565e-16,2.83558641557587,0.0,1.05e-08
1176.0,0.9538239426249217,0.08549455,0.775758393,0.0,0.0,0.16781170323585173,0.7860122393890698,0.0,0.0,0.0,0.0,0.0,0.0,0.0,0.0,0.0,2.2029207735175236,0.0,1.05e-08
1177.0,0.958858257904081,3.16e-05,0.769672241,0.0,0.0,6.202558902588428e-05,0.9587962323150551,0.0,0.0,0.0,0.0,0.0,0.0,0.0,0.0,0.0,2.0066873396334852,0.0,1.05e-08
1178.0,0.9452392680378738,0.0,0.763637942,0.0,0.0,0.0,0.9452392680378737,0.0,0.0,0.0,0.0,0.0,0.0,0.0,0.0,0.0,1.996994648278711,0.0,1.05e-08
1179.0,0.9128020890294924,0.0,0.75738076,0.0,0.0,0.0,0.9128020890294924,0.0,0.0,0.0,0.0,0.0,0.0,0.0,0.0,0.0,2.0053234218656057,0.0,1.05e-08
1180.0,0.8723434106439394,0.0,0.746667595,0.0,0.0,0.0,0.8723434106439393,0.0,0.0,0.0,0.0,0.0,0.0,0.0,0.0,0.0,2.0045051603815374,0.0,1.05e-08
1181.0,0.8359939840749354,0.0,0.732473387,0.0,0.0,0.0,0.8359939840749354,0.0,0.0,0.0,0.0,0.0,0.0,0.0,0.0,0.0,1.9861654759256564,0.0,1.05e-08
1182.0,0.8104669434782286,0.0,0.716581426,0.0,0.0,0.0,0.8104669434782286,0.0,0.0,0.0,0.0,0.0,0.0,0.0,0.0,0.0,1.9504621034177976,0.0,1.05e-08
1183.0,0.7915395454550518,0.0,0.696213794,0.0,0.0,0.0,0.7915395454550518,0.0,0.0,0.0,0.0,0.0,0.0,0.0,0.0,0.0,1.8909146976504438,0.0,1.05e-08
1184.0,0.7823574340484014,0.0,0.67158116,0.0,0.0,0.0,0.7823574340484014,0.0,0.0,0.0,0.0,0.0,0.0,0.0,0.0,0.0,1.805189304836968,0.0,1.05e-08
1185.0,0.7828028349748435,0.0,0.655223126,0.0,0.0,0.0,0.7828028349748435,0.0,0.0,0.0,0.0,0.0,0.0,0.0,0.0,0.0,1.7417177500331957,0.0,1.05e-08
1186.0,0.8040685878618408,0.0,0.640721133,0.0,0.0,0.0,0.8040685878618408,0.0,0.0,0.0,0.0,0.0,0.0,0.0,0.0,0.0,1.6645770159384343,0.0,1.05e-08
1187.0,0.8522254216827734,0.0,0.625516608,0.0,0.0,0.0,0.8522254216827733,0.0,0.0,0.0,0.0,0.0,0.0,0.0,0.0,0.0,1.5578384031407788,0.0,1.05e-08
1188.0,0.9018233844628188,0.0,0.612294492,0.0,0.0,0.0,0.9018233844628188,0.0,0.0,0.0,0.0,0.0,0.0,0.0,0.0,0.0,1.4572967195199582,0.0,1.05e-08
1189.0,0.9338065971423267,0.00165663,0.587898484,0.0,0.0,0.0032516915046819834,0.9305549056376448,0.0,0.0,0.0,0.0,0.0,0.0,0.0,0.0,0.0,1.334569394558407,0.0,1.05e-08
1190.0,0.956669797582813,0.179745849,0.525840228,0.0,0.0,0.35281146073362823,0.6038583368491848,0.0,0.0,0.0,0.0,0.0,0.0,0.0,0.0,5.551115123125783e-17,1.4221606288051514,0.0,1.05e-08
1191.0,0.9748027545304612,0.464885716,0.546590619,0.0,0.0,0.9124939988803783,0.062308755650082884,0.0,0.0,0.0,0.0,0.0,0.0,0.0,0.0,0.0,2.0436597526070366,0.0,1.05e-08
1192.0,0.9844902246805745,0.558878139,0.5655335,0.0,0.0,0.9844902246805745,0.0,0.0,0.0,0.0,0.0,0.0,0.0,0.0,0.0,0.11249540079933151,2.1789538641248205,0.0,1e-08
1193.0,0.9875245184919605,0.560520129,0.563338438,0.0,0.0,0.9875245184919605,0.0,0.0,0.0,0.0,0.0,0.0,0.0,0.0,0.0,0.1126840625868255,2.1704964715443746,0.0,1e-08
1194.0,0.9834602350381774,0.546021127,0.56142718,0.0,0.0,0.9834602350381774,0.0,0.0,0.0,0.0,0.0,0.0,0.0,0.0,0.0,0.08828919606157482,2.1631325523345675,0.0,1e-08
1195.0,0.9815737051526225,0.534597982,0.563660795,0.0,0.0,0.9815737051526225,0.0,0.0,0.0,0.0,0.0,0.0,0.0,0.0,0.0,0.06775397603722166,2.1717384864396507,0.0,1e-08
1196.0,0.9785051497315103,0.526817238,0.557309441,0.0,0.0,0.9785051497315103,0.0,0.0,0.0,0.0,0.0,0.0,0.0,0.0,0.0,0.05555021406404248,2.1472672440804894,0.0,1e-08
1197.0,0.979924865184544,0.511044866,0.55334317,0.0,0.0,0.979924865184544,0.0,0.0,0.0,0.0,0.0,0.0,0.0,0.0,0.0,0.02317193330609202,2.131985529519608,0.0,1e-08
1198.0,0.9889913436583682,0.467136193,0.551019042,0.0,0.0,0.9169113141181695,0.07208002954019861,0.0,0.0,0.0,0.0,0.0,0.0,0.0,0.0,1.1102230246251565e-16,2.0509508267614294,0.0,1.05e-08
1199.0,1.0081778451051002,0.323048483,0.564305463,0.0,0.0,0.6340909000630811,0.37408694504201917,0.0,0.0,0.0,0.0,0.0,0.0,0.0,0.0,0.0,1.800135393953983,0.0,1.05e-08
1200.0,1.0233279006559517,0.079514938,0.570991105,0.0,0.0,0.15607471094324898,0.8672531897127026,0.0,0.0,0.0,0.0,0.0,0.0,0.0,0.0,2.7755575615628914e-17,1.3327283756952726,0.0,1.05e-08
1201.0,1.020462773542589,3.48e-05,0.564192289,0.0,0.0,6.830666133230295e-05,1.0203944668812568,0.0,0.0,0.0,0.0,0.0,0.0,0.0,0.0,-1.3552527156068805e-20,1.1533918220405792,0.0,1.05e-08
1202.0,0.9954004060277954,0.0,0.554374297,0.0,0.0,0.0,0.9954004060277954,0.0,0.0,0.0,0.0,0.0,0.0,0.0,0.0,0.0,1.140557970654807,0.0,1.05e-08
1203.0,0.9514363366971196,0.0,0.541188554,0.0,0.0,0.0,0.9514363366971196,0.0,0.0,0.0,0.0,0.0,0.0,0.0,0.0,0.0,1.1337184613094067,0.0,1.05e-08
1204.0,0.8987120020295486,0.0,0.527203307,0.0,0.0,0.0,0.8987120020295486,0.0,0.0,0.0,0.0,0.0,0.0,0.0,0.0,0.0,1.13255879442554,0.0,1.05e-08
1205.0,0.853024145459518,0.0,0.517040519,0.0,0.0,0.0,0.853024145459518,0.0,0.0,0.0,0.0,0.0,0.0,0.0,0.0,0.0,1.1390902682474553,0.0,1.05e-08
1206.0,0.8187625357332108,0.0,0.514506786,0.0,0.0,0.0,0.8187625357332108,0.0,0.0,0.0,0.0,0.0,0.0,0.0,0.0,0.0,1.163589614003528,0.0,1.05e-08
1207.0,0.7956166770124823,0.0,0.515975364,0.0,0.0,0.0,0.7956166770124823,0.0,0.0,0.0,0.0,0.0,0.0,0.0,0.0,0.0,1.1923937824581072,0.0,1.05e-08
1208.0,0.7852546814208823,0.0,0.523785057,0.0,0.0,0.0,0.7852546814208823,0.0,0.0,0.0,0.0,0.0,0.0,0.0,0.0,0.0,1.23284588012143,0.0,1.05e-08
1209.0,0.785727919905227,0.0,0.537752,0.0,0.0,0.0,0.785727919905227,0.0,0.0,0.0,0.0,0.0,0.0,0.0,0.0,0.0,1.2861861193883788,0.0,1.05e-08
1210.0,0.8079144535536187,0.0,0.550521597,0.0,0.0,0.0,0.8079144535536187,0.0,0.0,0.0,0.0,0.0,0.0,0.0,0.0,0.0,1.313199788250478,0.0,1.05e-08
1211.0,0.8645274809251255,0.0,0.554825192,0.0,0.0,0.0,0.8645274809251254,0.0,0.0,0.0,0.0,0.0,0.0,0.0,0.0,0.0,1.2731681569498994,0.0,1.05e-08
1212.0,0.9211619218027114,0.0,0.548756968,0.0,0.0,0.0,0.9211619218027114,0.0,0.0,0.0,0.0,0.0,0.0,0.0,0.0,0.0,1.1931533502174612,0.0,1.05e-08
1213.0,0.9520915899831353,0.001866227,0.527210856,0.0,0.0,0.0036630958522471187,0.9484284941308881,0.0,0.0,0.0,0.0,0.0,0.0,0.0,0.0,-4.336808689942018e-19,1.0828713879976757,0.0,1.05e-08
1214.0,0.9717406231611724,0.200274712,0.48947714,0.0,0.0,0.39310623350599155,0.5786343896551808,0.0,0.0,0.0,0.0,0.0,0.0,0.0,0.0,5.551115123125783e-17,1.3072806014174359,0.0,1.05e-08
1215.0,0.9827535893375723,0.649020745,0.509630733,0.0,0.0,0.9827535893375723,0.0,0.0,0.0,0.0,0.0,0.0,0.0,0.0,0.0,0.29116710682202385,1.9635651202751285,0.0,1e-08
1216.0,0.9826058361456276,0.731309735,0.505204779,0.0,0.0,0.9826058361456276,0.0,0.0,0.0,0.0,0.0,0.0,0.0,0.0,0.0,0.4528345775802691,1.946512285083688,0.0,1e-08
1217.0,0.9783531138383498,0.727897081,0.506200088,0.0,0.0,0.9783531138383498,0.0,0.0,0.0,0.0,0.0,0.0,0.0,0.0,0.0,0.45038882284667536,1.9503471284511424,0.0,1e-08
1218.0,0.9774237676745237,0.710889173,0.514686829,0.0,0.0,0.9774237676745237,0.0,0.0,0.0,0.0,0.0,0.0,0.0,0.0,0.0,0.41793445028271514,1.9830458405447255,0.0,1e-08
1219.0,0.9752010457435295,0.70033592,0.526159288,0.0,0.0,0.9752010457435295,0.0,0.0,0.0,0.0,0.0,0.0,0.0,0.0,0.0,0.39944287685091895,2.027248277480935,0.0,1e-08
1220.0,0.973205306976972,0.708764315,0.530489779,0.0,0.0,0.973205306976972,0.0,0.0,0.0,0.0,0.0,0.0,0.0,0.0,0.0,0.4179821651243695,2.043933301618334,0.0,1e-08
1221.0,0.974642153234869,0.717862081,0.515717259,0.0,0.0,0.974642153234869,0.0,0.0,0.0,0.0,0.0,0.0,0.0,0.0,0.0,0.4344027332642466,1.9870160022242902,0.0,1e-08
1222.0,0.9827771441942591,0.675602603,0.503974144,0.0,0.0,0.9827771441942591,0.0,0.0,0.0,0.0,0.0,0.0,0.0,0.0,0.0,0.343319355758135,1.941770750075457,0.0,1e-08
1223.0,1.0075140264166529,0.483538658,0.475908068,0.0,0.0,0.9491066480770763,0.058407378339576536,0.0,0.0,0.0,0.0,0.0,0.0,0.0,0.0,0.0,1.7752270990817924,0.0,1.05e-08
1224.0,1.0273365089939295,0.092620103,0.448904123,0.0,0.0,0.18179798874091999,0.8455385202530096,0.0,0.0,0.0,0.0,0.0,0.0,0.0,0.0,0.0,0.884051987528428,0.0,1.05e-08
1225.0,1.0289382392486344,3.32e-05,0.441536638,0.0,0.0,6.51661251790936e-05,1.0288730731234552,0.0,0.0,0.0,0.0,0.0,0.0,0.0,0.0,0.0,0.6723311234852016,0.0,1.05e-08
1226.0,1.0067923912617927,0.0,0.445252904,0.0,0.0,0.0,1.0067923912617927,0.0,0.0,0.0,0.0,0.0,0.0,0.0,0.0,0.0,0.7087302712924108,0.0,1.05e-08
1227.0,0.964179514164698,0.0,0.447233113,0.0,0.0,0.0,0.964179514164698,0.0,0.0,0.0,0.0,0.0,0.0,0.0,0.0,0.0,0.7589727301071663,0.0,1.05e-08
1228.0,0.9145430070737104,0.0,0.448683283,0.0,0.0,0.0,0.9145430070737105,0.0,0.0,0.0,0.0,0.0,0.0,0.0,0.0,0.0,0.8141966224284504,0.0,1.05e-08
1229.0,0.8718744548608106,0.0,0.441393951,0.0,0.0,0.0,0.8718744548608107,0.0,0.0,0.0,0.0,0.0,0.0,0.0,0.0,0.0,0.8287799805223656,0.0,1.05e-08
1230.0,0.8359147541024433,0.0,0.4346585,0.0,0.0,0.0,0.8359147541024433,0.0,0.0,0.0,0.0,0.0,0.0,0.0,0.0,0.0,0.8387885449058351,0.0,1.05e-08
1231.0,0.8142250137950829,0.0,0.430706315,0.0,0.0,0.0,0.8142250137950828,0.0,0.0,0.0,0.0,0.0,0.0,0.0,0.0,0.0,0.8452508428468526,0.0,1.05e-08
1232.0,0.8041156975752144,0.0,0.425692728,0.0,0.0,0.0,0.8041156975752144,0.0,0.0,0.0,0.0,0.0,0.0,0.0,0.0,0.0,0.8360432224630081,0.0,1.05e-08
1233.0,0.8080750548492108,0.0,0.408884149,0.0,0.0,0.0,0.8080750548492108,0.0,0.0,0.0,0.0,0.0,0.0,0.0,0.0,0.0,0.7673217986403502,0.0,1.05e-08
1234.0,0.8326898800869547,0.0,0.395002343,0.0,0.0,0.0,0.8326898800869547,0.0,0.0,0.0,0.0,0.0,0.0,0.0,0.0,0.0,0.6892215214802515,0.0,1.05e-08
1235.0,0.8901316101437166,0.0,0.386698128,0.0,0.0,0.0,0.8901316101437166,0.0,0.0,0.0,0.0,0.0,0.0,0.0,0.0,0.0,0.5997843369318047,0.0,1.05e-08
1236.0,0.9478195955203863,0.0,0.369075231,0.0,0.0,0.0,0.9478195955203863,0.0,0.0,0.0,0.0,0.0,0.0,0.0,0.0,0.0,0.47419678501270446,0.0,1.05e-08
1237.0,0.9821668592710093,0.00225926,0.343268329,0.0,0.0,0.00443455481843732,0.9777323044525719,0.0,0.0,0.0,0.0,0.0,0.0,0.0,0.0,0.0,0.34485221424741686,0.0,1.05e-08
1238.0,1.0044947220595222,0.1982391,0.305208053,0.0,0.0,0.3891106628310499,0.6153840592284724,0.0,0.0,0.0,0.0,0.0,0.0,0.0,0.0,0.0,0.560557359708448,0.0,1.05e-08
1239.0,1.01555051524808,0.546257161,0.260818564,0.0,0.0,1.01555051524808,0.0,0.0,0.0,0.0,0.0,0.0,0.0,0.0,0.0,0.056662211670663876,1.0049123842589107,0.0,1e-08
1240.0,1.0167710850945795,0.6582795,0.225949856,0.0,0.0,1.0167710850945795,0.0,0.0,0.0,0.0,0.0,0.0,0.0,0.0,0.0,0.2753230203220216,0.8705661323858741,0.0,1e-08
1241.0,1.0150108948948906,0.675374077,0.210147348,0.0,0.0,1.113649653187776,0.0,0.0,0.09863875829288518,0.0,0.0,0.0,0.0,0.0,0.0,0.21199828791152542,0.8096803743017581,0.0,1e-08
1242.0,1.013259270097633,0.6589618,0.207188872,0.0,0.0,1.2934333478024354,0.0,0.0,0.28017407770480224,0.0,0.08877488246359666,0.0,0.0,0.0,0.0,-2.220446049250313e-16,0.7982816106350248,0.0,1.0000136218855531e-08
1243.0,1.0110922232824442,0.639125305,0.210699015,0.0,0.0,1.25449757923965,0.0,0.0,0.2434053559572057,0.0,0.3409303431331022,0.0,0.0,0.0,0.0,0.0,0.8118059016867143,0.0,1.000027243956662e-08
1244.0,1.0093705773936972,0.63289146,0.218841255,0.0,0.0,1.242261569492148,0.0,0.0,0.2328909920984508,0.0,0.5599905194437323,0.0,0.0,0.0,0.0,0.0,0.8431772798820497,0.0,1.0000408662133296e-08
1245.0,1.0132699768506725,0.620764264,0.229117474,0.0,0.0,1.2184578835702382,0.0,0.0,0.20518790671956566,0.0,0.7695847843094794,0.0,0.0,0.0,0.0,0.0,0.8827707029041039,0.0,1.0000544886555574e-08
1246.0,1.0228246832630965,0.558282568,0.235602985,0.0,0.0,1.0958166178190916,0.0,0.0,0.072991934555995,0.0,0.9542434173040321,0.0,0.0,0.0,0.0,0.0,0.9077588411032981,0.0,1.0000681112833488e-08
1247.0,1.0446921556709121,0.377685825,0.244993818,0.0,0.0,0.7413349924794952,0.30335716319141687,0.0,0.0,0.0,1.01992315998687,0.0,0.0,0.0,0.0,0.0,0.6405837818061701,0.0,1.05e-08
1248.0,1.0592918841155348,0.086266837,0.282882269,0.0,0.0,0.16932757526344772,0.889964308852087,0.0,0.0,0.0,1.0199092668995617,0.0,0.0,0.0,0.0,0.0,0.1999577083757993,0.0,1.05e-08
1249.0,1.0570648794833248,5.15e-05,0.307888778,0.0,0.0,0.00010108600743142532,1.0569637934758935,0.0,0.0,0.0,1.0198953740015009,0.0,0.0,0.0,0.0,0.0,0.12930623746616177,0.0,1.05e-08
1250.0,1.034330160079312,0.0,0.308851097,0.0,0.0,0.0,1.034330160079312,0.0,0.0,0.0,1.0198814812926849,0.0,0.0,0.0,0.0,0.0,0.15564760648507314,0.0,1.05e-08
1251.0,0.9871390753825396,0.0,0.296240694,0.0,0.0,0.0,0.9871390753825396,0.0,0.0,0.0,1.019867588773111,0.0,0.0,0.0,0.0,0.0,0.15425185000440644,0.0,1.05e-08
1252.0,0.9339693397885266,0.0,0.278555176,0.0,0.0,0.0,0.9339693397885266,0.0,0.0,0.0,1.0198536964427771,0.0,0.0,0.0,0.0,0.0,0.13928074551529612,0.0,1.05e-08
1253.0,0.8892579390956957,0.0,0.258507284,0.0,0.0,0.0,0.8892579390956957,0.0,0.0,0.0,1.0198398043016803,0.0,0.0,0.0,0.0,0.0,0.10674927422802838,0.0,1.05e-08
1254.0,0.8597180074597952,0.0,0.236948772,0.0,0.0,0.0,0.8597180074597952,0.0,0.0,0.0,1.0198259123498181,0.0,0.0,0.0,0.0,0.0,0.05322603979652296,0.0,1.05e-08
1255.0,0.8381974338504585,0.0,0.219848023,0.0,0.0,0.0,0.8381974338504585,0.0,0.0,0.0,1.019812020587188,0.0,0.0,0.0,0.0,0.0,0.008858839979566269,0.0,1.05e-08
1256.0,0.827580617536519,0.0,0.209037063,0.0,0.0,0.0,0.8054025379029774,0.0,0.0,0.022178079633541625,1.0197981290137872,0.0,0.0,0.0,0.0,0.0,0.0,0.0,1.1113381641864482e-08
1257.0,0.8302765779518578,0.0,0.200063665,0.0,0.0,0.0,0.7708287765848063,0.0,0.0,0.059447801367051516,0.9976061579960716,0.0,0.0,0.0,0.0,0.0,0.0,0.0,1.1113533027077317e-08
1258.0,0.8533646202061731,0.0,0.194163821,0.0,0.0,0.0,0.7480971649622699,0.0,0.0,0.1052674552439032,0.9381447675372176,0.0,0.0,0.0,0.0,0.0,1.1102230246251565e-16,0.0,1.1113684414352305e-08
1259.0,0.9093395250965275,0.0,0.193572581,0.0,0.0,0.0,0.7458191660769252,0.0,0.0,0.1635203590196023,0.8328645331667345,0.0,0.0,0.0,0.0,0.0,-1.1102230246251565e-16,0.0,1.111383580368947e-08
1260.0,0.9705778697810858,0.0,0.19082336,0.0,0.0,0.0,0.7352266446413549,0.0,0.0,0.23535122513973095,0.6693328291163207,0.0,0.0,0.0,0.0,0.0,-1.1102230246251565e-16,0.0,1.1113987195088845e-08
1261.0,1.0029036985578568,0.002827372,0.174080648,0.0,0.0,0.005549664990357357,0.6707183582032765,0.0,0.0,0.32663567536422294,0.43397248652559156,0.0,0.0,0.0,0.0,0.0,0.0,0.0,1.1114138588550456e-08
1262.0,1.0249874473770697,0.187819131,0.142489436,0.0,0.0,0.36865798198116206,0.5490000277068755,0.0,0.0,0.10732943768903216,0.10733089971834886,0.0,0.0,0.0,0.0,0.0,0.0,0.0,1.1114289984074332e-08
1263.0,1.0361695802514932,0.502860223,0.136601442,0.0,0.0,0.9870316939640038,0.04913788628748938,0.0,0.0,0.0,0.0,0.0,0.0,0.0,0.0,0.0,0.47717618686807517,0.0,1.05e-08
1264.0,1.035383704578396,0.606012809,0.152185079,0.0,0.0,1.035383704578396,0.0,0.0,0.0,0.0,0.0,0.0,0.0,0.0,0.0,0.15411950540437935,0.5863565393547704,0.0,1e-08
1265.0,1.0293772161232528,0.630068073,0.163998019,0.0,0.0,1.0293772161232528,0.0,0.0,0.0,0.0,0.0,0.0,0.0,0.0,0.0,0.2073425102763944,0.6318708214612674,0.0,1e-08
1266.0,1.0261030910437825,0.630623375,0.175187474,0.0,0.0,1.0261030910437825,0.0,0.0,0.0,0.0,0.0,0.0,0.0,0.0,0.0,0.21170660161020827,0.6749828673607602,0.0,1e-08
1267.0,1.021113744127389,0.625653919,0.188567106,0.0,0.0,1.021113744127389,0.0,0.0,0.0,0.0,0.0,0.0,0.0,0.0,0.0,0.20694172588298732,0.7265334843391852,0.0,1e-08
1268.0,1.0172807265392585,0.627422792,0.206744555,0.0,0.0,1.179094169563386,0.0,0.0,0.1618134430241275,0.0,0.0,0.0,0.0,0.0,0.0,0.052433306451324935,0.7965696939332797,0.0,1e-08
1269.0,1.018927425156729,0.615832889,0.221105074,0.0,0.0,1.2087784076499053,0.0,0.0,0.18985098249317614,0.0,0.14563209872171476,0.0,0.0,0.0,0.0,0.0,0.851899587504373,0.0,1.0000136218855531e-08
1270.0,1.0255613293399852,0.552626334,0.229458034,0.0,0.0,1.0847143632140843,0.0,0.0,0.059153033874099,0.0,0.31649599920881416,0.0,0.0,0.0,0.0,0.0,0.8840828524548667,0.0,1.000027243956662e-08
1271.0,1.040544359543421,0.373116618,0.255657642,0.0,0.0,0.732366392620122,0.30817796692329885,0.0,0.0,0.0,0.3697294184819508,0.0,0.0,0.0,0.0,0.0,0.6768498111463292,0.0,1.05e-08
1272.0,1.055681566990625,0.0786797,0.280495118,0.0,0.0,0.1544352764835401,0.9012462905070849,0.0,0.0,0.0,0.3697243821387311,0.0,0.0,0.0,0.0,0.0,0.17947823108933225,0.0,1.05e-08
1273.0,1.051111924793379,4.52e-05,0.27372593,0.0,0.0,8.87201463281636e-05,1.0510232046470507,0.0,0.0,0.0,0.3697193458641149,0.0,0.0,0.0,0.0,0.0,0.0036201947000438217,0.0,1.05e-08
1274.0,1.0307605286159525,0.0,0.256444533,0.0,0.0,0.0,0.9880596040977854,0.0,0.0,0.042700924518167115,0.36971430965810137,0.0,0.0,0.0,0.0,0.0,0.0,0.0,1.1112019267741177e-08
1275.0,0.9860662587279846,0.0,0.242903738,0.0,0.0,0.0,0.9358880393919422,0.0,0.0,0.05017821933604236,0.3270083490025224,0.0,0.0,0.0,0.0,0.0,0.0,0.0,1.1112170634395909e-08
1276.0,0.9330314282222689,0.0,0.233678786,0.0,0.0,0.0,0.9003450612893789,0.0,0.0,0.03268636693289002,0.2768256752568524,0.0,0.0,0.0,0.0,0.0,0.0,0.0,1.1112322003112537e-08
1277.0,0.8865105862657675,0.0,0.229036833,0.0,0.0,0.0,0.8824599997918092,0.0,0.0,0.004050586473958252,0.24413553748766173,0.0,0.0,0.0,0.0,0.0,0.0,0.0,1.1112473373891095e-08
1278.0,0.8507543138151501,0.0,0.226285915,0.0,0.0,0.0,0.8507543138151501,0.0,0.0,0.0,0.2400816254726525,0.0,0.0,0.0,0.0,0.0,0.021106626140255935,0.0,1.05e-08
1279.0,0.8299018415954764,0.0,0.218534994,0.0,0.0,0.0,0.8299018415954764,0.0,0.0,0.0,0.2400783551527748,0.0,0.0,0.0,0.0,0.0,0.012095439949815656,0.0,1.05e-08
1280.0,0.8199017342566105,0.0,0.211208546,0.0,0.0,0.0,0.8137690825439782,0.0,0.0,0.006132651712632324,0.24007508487744442,0.0,0.0,0.0,0.0,0.0,-1.1102230246251565e-16,0.0,1.111292749859861e-08
1281.0,0.8211244454537181,0.0,0.216823864,0.0,0.0,0.0,0.8211244454537181,0.0,0.0,0.0,0.23393916293402844,0.0,0.0,0.0,0.0,0.0,0.014279993535792679,0.0,1.05e-08
1282.0,0.8425101139747574,0.0,0.222576507,0.0,0.0,0.0,0.8425101139747574,0.0,0.0,0.0,0.2339359762849327,0.0,0.0,0.0,0.0,0.0,0.015058783342651982,0.0,1.05e-08
1283.0,0.8996691857512773,0.0,0.230645003,0.0,0.0,0.0,0.8886561459717783,0.0,0.0,0.011013039779499023,0.23393278967924458,0.0,0.0,0.0,0.0,0.0,0.0,0.0,1.1113381641864482e-08
1284.0,0.9564106941592578,0.0,0.234399807,0.0,0.0,0.0,0.9031230956482013,0.0,0.0,0.05328759851105652,0.22291656333746437,0.0,0.0,0.0,0.0,0.0,1.1102230246251565e-16,0.0,1.1113533027077317e-08
1285.0,0.9880363012872473,0.003362619,0.210700706,0.0,0.0,0.006600266586855378,0.8118124169700427,0.0,0.0,0.1696236177303492,0.16962592832385706,0.0,0.0,0.0,0.0,0.0,0.0,0.0,1.1113684414352303e-08
1286.0,1.0094455246649736,0.228062237,0.170256043,0.0,0.0,0.44764856280018417,0.5617969618647896,0.0,0.0,0.0,0.0,0.0,0.0,0.0,0.0,0.0,0.0941855091744177,0.0,1.05e-08
1287.0,1.019274323955208,0.576387359,0.182214635,0.0,0.0,1.019274323955208,0.0,0.0,0.0,0.0,0.0,0.0,0.0,0.0,0.0,0.112079013040008,0.7020579382712849,0.0,1e-08
1288.0,1.0172914332922978,0.664251736,0.190177079,0.0,0.0,1.0172914332922978,0.0,0.0,0.0,0.0,0.0,0.0,0.0,0.0,0.0,0.2865251865452396,0.7327365773292319,0.0,1e-08
1289.0,1.010830978508281,0.667654062,0.205311441,0.0,0.0,1.010830978508281,0.0,0.0,0.0,0.0,0.0,0.0,0.0,0.0,0.0,0.2996638462092589,0.7910480240622086,0.0,1e-08
1290.0,1.005021494309064,0.650825919,0.228315879,0.0,0.0,1.005021494309064,0.0,0.0,0.0,0.0,0.0,0.0,0.0,0.0,0.0,0.272442460731678,0.8796822235784527,0.0,1e-08
1291.0,0.9977259127879685,0.643222292,0.249280786,0.0,0.0,0.9977259127879685,0.0,0.0,0.0,0.0,0.0,0.0,0.0,0.0,0.0,0.264813376322137,0.9604582786108558,0.0,1e-08
1292.0,0.9905031371875415,0.645472852,0.268061309,0.0,0.0,0.9905031371875415,0.0,0.0,0.0,0.0,0.0,0.0,0.0,0.0,0.0,0.27645363007566837,1.032818082514842,0.0,1e-08
1293.0,0.9886551516129287,0.642088729,0.276382572,0.0,0.0,0.9886551516129287,0.0,0.0,0.0,0.0,0.0,0.0,0.0,0.0,0.0,0.2716591402575266,1.0648792215424132,0.0,1e-08
1294.0,0.9897579471759942,0.590604764,0.2833536,0.0,0.0,0.9897579471759942,0.0,0.0,0.0,0.0,0.0,0.0,0.0,0.0,0.0,0.16950181132379594,1.0917380166403556,0.0,1e-08
1295.0,0.997231260797545,0.436660353,0.306227557,0.0,0.0,0.8570922657935302,0.14013899500401478,0.0,0.0,0.0,0.0,0.0,0.0,0.0,0.0,1.1102230246251565e-16,1.0397304886369252,0.0,1.05e-08
1296.0,1.0052698909795799,0.114677829,0.366880483,0.0,0.0,0.22509366746628587,0.780176223513294,0.0,0.0,0.0,0.0,0.0,0.0,0.0,0.0,0.0,0.6333839742554154,0.0,1.05e-08
1297.0,0.9993447738475366,9.81e-05,0.390322567,0.0,0.0,0.00019255412289364708,0.999152219724643,0.0,0.0,0.0,0.0,0.0,0.0,0.0,0.0,0.0,0.5047283914500602,0.0,1.05e-08
1298.0,0.9813852662991279,0.0,0.395538442,0.0,0.0,0.0,0.9813852662991279,0.0,0.0,0.0,0.0,0.0,0.0,0.0,0.0,0.0,0.5425916804349048,0.0,1.05e-08
1299.0,0.9460572639700894,0.0,0.393273217,0.0,0.0,0.0,0.9460572639700894,0.0,0.0,0.0,0.0,0.0,0.0,0.0,0.0,0.0,0.5691919579397514,0.0,1.05e-08
1300.0,0.9048319820669103,0.0,0.383003246,0.0,0.0,0.0,0.9048319820669103,0.0,0.0,0.0,0.0,0.0,0.0,0.0,0.0,0.0,0.5708478898488102,0.0,1.05e-08
1301.0,0.8607779760107028,0.0,0.371120503,0.0,0.0,0.0,0.8607779760107028,0.0,0.0,0.0,0.0,0.0,0.0,0.0,0.0,0.0,0.5691186686050396,0.0,1.05e-08
1302.0,0.826428570909472,0.0,0.359985031,0.0,0.0,0.0,0.826428570909472,0.0,0.0,0.0,0.0,0.0,0.0,0.0,0.0,0.0,0.5605640198469434,0.0,1.05e-08
1303.0,0.8050814466993746,0.0,0.351397401,0.0,0.0,0.0,0.8050814466993746,0.0,0.0,0.0,0.0,0.0,0.0,0.0,0.0,0.0,0.5488237149795868,0.0,1.05e-08
1304.0,0.7900898510935074,0.0,0.350178021,0.0,0.0,0.0,0.7900898510935074,0.0,0.0,0.0,0.0,0.0,0.0,0.0,0.0,0.0,0.5591171401625942,0.0,1.05e-08
1305.0,0.7862696816090241,0.0,0.358375559,0.0,0.0,0.0,0.786269681609024,0.0,0.0,0.0,0.0,0.0,0.0,0.0,0.0,0.0,0.5945217464689634,0.0,1.05e-08
1306.0,0.7927772461064146,0.0,0.366127687,0.0,0.0,0.0,0.7927772461064146,0.0,0.0,0.0,0.0,0.0,0.0,0.0,0.0,0.0,0.6178824908529921,0.0,1.05e-08
1307.0,0.8106061312677417,0.0,0.382854561,0.0,0.0,0.0,0.8106061312677417,0.0,0.0,0.0,0.0,0.0,0.0,0.0,0.0,0.0,0.6645008696239147,0.0,1.05e-08
1308.0,0.8367391740864826,0.0,0.396520175,0.0,0.0,0.0,0.8367391740864826,0.0,0.0,0.0,0.0,0.0,0.0,0.0,0.0,0.0,0.6910203088083412,0.0,1.05e-08
1309.0,0.869882998795469,0.005348621,0.385651728,0.0,0.0,0.010498461012696652,0.8593845377827724,0.0,0.0,0.0,0.0,0.0,0.0,0.0,0.0,0.0,0.6264997165222584,0.0,1.05e-08
1310.0,0.9031745766964001,0.245023896,0.360130102,0.0,0.0,0.4809415023676269,0.4222330743287733,0.0,0.0,0.0,0.0,0.0,0.0,0.0,0.0,0.0,0.9653184630082114,0.0,1.05e-08
1311.0,0.9253204246832419,0.696284334,0.424481931,0.0,0.0,0.9253204246832419,0.0,0.0,0.0,0.0,0.0,0.0,0.0,0.0,0.0,0.4413709027169336,1.6354938192054322,0.0,1e-08
1312.0,0.936795922590947,0.748762609,0.459367024,0.0,0.0,0.936795922590947,0.0,0.0,0.0,0.0,0.0,0.0,0.0,0.0,0.0,0.5329016047439543,1.769903201130117,0.0,1e-08
1313.0,0.938556112790636,0.74619333,0.498084635,0.0,0.0,0.938556112790636,0.0,0.0,0.0,0.0,0.0,0.0,0.0,0.0,0.0,0.5260983435522769,1.9190789583542809,0.0,1e-08
1314.0,0.9333569135146689,0.723407078,0.530258466,0.0,0.0,0.9333569135146689,0.0,0.0,0.0,0.0,0.0,0.0,0.0,0.0,0.0,0.4865718877019076,2.0430420717350954,0.0,1e-08
1315.0,0.9223889157010348,0.708944852,0.552612962,0.0,0.0,0.9223889157010348,0.0,0.0,0.0,0.0,0.0,0.0,0.0,0.0,0.0,0.46915292075998916,2.1291720984086044,0.0,1e-08
1316.0,0.9130462029987924,0.707068855,0.568200434,0.0,0.0,0.9130462029987924,0.0,0.0,0.0,0.0,0.0,0.0,0.0,0.0,0.0,0.47481336071109903,2.1892293405460506,0.0,1e-08
1317.0,0.9103009915194721,0.697483971,0.590509986,0.0,0.0,0.9103009915194721,0.0,0.0,0.0,0.0,0.0,0.0,0.0,0.0,0.0,0.45874502548647056,2.2751862016997997,0.0,1e-08
1318.0,0.9147871210430104,0.629157678,0.594645871,0.0,0.0,0.9147871210430104,0.0,0.0,0.0,0.0,0.0,0.0,0.0,0.0,0.0,0.32014565009963614,2.291121424993072,0.0,1e-08
1319.0,0.927200530516973,0.41615394,0.597228404,0.0,0.0,0.8168415586690665,0.1103589718479065,0.0,0.0,0.0,0.0,0.0,0.0,0.0,0.0,1.1102230246251565e-16,2.190712739484666,0.0,1.05e-08
1320.0,0.9398409231553725,0.095375385,0.621362696,0.0,0.0,0.18720615294922427,0.7526347702061482,0.0,0.0,0.0,0.0,0.0,0.0,0.0,0.0,2.7755575615628914e-17,1.6414243747821082,0.0,1.05e-08
1321.0,0.9394983070581094,0.000107441,0.615902346,0.0,0.0,0.0002108889655231023,0.9392874180925864,0.0,0.0,0.0,0.0,0.0,0.0,0.0,0.0,0.0,1.4337334493542437,0.0,1.05e-08
1322.0,0.9277786951811045,0.0,0.619882466,0.0,0.0,0.0,0.9277786951811045,0.0,0.0,0.0,0.0,0.0,0.0,0.0,0.0,0.0,1.460577245879721,0.0,1.05e-08
1323.0,0.8993180042515827,0.0,0.640829888,0.0,0.0,0.0,0.8993180042515828,0.0,0.0,0.0,0.0,0.0,0.0,0.0,0.0,0.0,1.5697466235808544,0.0,1.05e-08
1324.0,0.8664782513289172,0.0,0.659558533,0.0,0.0,0.0,0.8664782513289172,0.0,0.0,0.0,0.0,0.0,0.0,0.0,0.0,0.0,1.6747462987584742,0.0,1.05e-08
1325.0,0.8312915781399997,0.0,0.662728904,0.0,0.0,0.0,0.8312915781399997,0.0,0.0,0.0,0.0,0.0,0.0,0.0,0.0,0.0,1.7221481495472317,0.0,1.05e-08
1326.0,0.8040792946148803,0.0,0.654796776,0.0,0.0,0.0,0.8040792946148803,0.0,0.0,0.0,0.0,0.0,0.0,0.0,0.0,0.0,1.7187985990583932,0.0,1.05e-08
1327.0,0.7830812105538697,0.0,0.644521661,0.0,0.0,0.0,0.7830812105538697,0.0,0.0,0.0,0.0,0.0,0.0,0.0,0.0,0.0,1.7002075137181625,0.0,1.05e-08
1328.0,0.7709461766589333,0.0,0.637859964,0.0,0.0,0.0,0.7709461766589333,0.0,0.0,0.0,0.0,0.0,0.0,0.0,0.0,0.0,1.6866755793083414,0.0,1.05e-08
1329.0,0.765911861379774,0.0,0.632256732,0.0,0.0,0.0,0.765911861379774,0.0,0.0,0.0,0.0,0.0,0.0,0.0,0.0,0.0,1.6701211045017004,0.0,1.05e-08
1330.0,0.7702609444644071,0.0,0.619689414,0.0,0.0,0.0,0.7702609444644071,0.0,0.0,0.0,0.0,0.0,0.0,0.0,0.0,0.0,1.6173511831859364,0.0,1.05e-08
1331.0,0.7822096808564567,0.0,0.610644074,0.0,0.0,0.0,0.7822096808564567,0.0,0.0,0.0,0.0,0.0,0.0,0.0,0.0,0.0,1.5705514988919094,0.0,1.05e-08
1332.0,0.8034454548349436,0.0,0.598651741,0.0,0.0,0.0,0.8034454548349436,0.0,0.0,0.0,0.0,0.0,0.0,0.0,0.0,0.0,1.5031102563952508,0.0,1.05e-08
1333.0,0.8387284888012163,0.007763058,0.558028185,0.0,0.0,0.015237602692788075,0.8234908861084282,0.0,0.0,0.0,0.0,0.0,0.0,0.0,0.0,0.0,1.326545619237957,0.0,1.05e-08
1334.0,0.8688423024000325,0.27582141,0.442404981,0.0,0.0,0.5413919437088585,0.327450358691174,0.0,0.0,0.0,0.0,0.0,0.0,0.0,0.0,0.0,1.377099491773949,0.0,1.05e-08
1335.0,0.8856861662817281,0.713540048,0.424138694,0.0,0.0,0.8856861662817281,0.0,0.0,0.0,0.0,0.0,0.0,0.0,0.0,0.0,0.5148752821599727,1.6341713553947814,0.0,1e-08
1336.0,0.8918896589927977,0.783851533,0.498038896,0.0,0.0,0.8918896589927977,0.0,0.0,0.0,0.0,0.0,0.0,0.0,0.0,0.0,0.6466816398416128,1.9189027297651855,0.0,1e-08
1337.0,0.8906455342896111,0.777162252,0.545124226,0.0,0.0,0.8906455342896111,0.0,0.0,0.0,0.0,0.0,0.0,0.0,0.0,0.0,0.6347958090326267,2.1003186171477934,0.0,1e-08
1338.0,0.885669035476865,0.760495699,0.571726338,0.0,0.0,0.885669035476865,0.0,0.0,0.0,0.0,0.0,0.0,0.0,0.0,0.0,0.6070586126916981,2.2028143574289283,0.0,1e-08
1339.0,0.8778295509013644,0.754394302,0.584098172,0.0,0.0,0.8778295509013644,0.0,0.0,0.0,0.0,0.0,0.0,0.0,0.0,0.0,0.6029220611024594,2.2504820119544533,0.0,1e-08
1340.0,0.8720543283118737,0.769545012,0.578210395,0.0,0.0,0.8720543283118737,0.0,0.0,0.0,0.0,0.0,0.0,0.0,0.0,0.0,0.6384356290055689,2.2277968934862193,0.0,1e-08
1341.0,0.8749537170349625,0.784099723,0.55051425,0.0,0.0,0.8749537170349625,0.0,0.0,0.0,0.0,0.0,0.0,0.0,0.0,0.0,0.6641047378418635,2.121085934419937,0.0,1e-08
1342.0,0.8885876963554248,0.736685071,0.515537809,0.0,0.0,0.8885876963554248,0.0,0.0,0.0,0.0,0.0,0.0,0.0,0.0,0.0,0.5574036155227519,1.9863245961963236,0.0,1e-08
1343.0,0.916453091815952,0.499888095,0.529946302,0.0,0.0,0.916453091815952,0.0,0.0,0.0,0.0,0.0,0.0,0.0,0.0,0.0,0.06474480500057322,2.041839329626908,0.0,1e-08
1344.0,0.9439630230755689,0.13863586,0.547445037,0.0,0.0,0.27211933153829204,0.6718436915372769,0.0,0.0,0.0,0.0,0.0,0.0,0.0,0.0,0.0,1.4374168187014718,0.0,1.05e-08
1345.0,0.9503206930304068,0.000134017,0.560259798,0.0,0.0,0.0002630532710279093,0.9500576397593787,0.0,0.0,0.0,0.0,0.0,0.0,0.0,0.0,0.0,1.2085770861514493,0.0,1.05e-08
1346.0,0.9363312495090339,0.0,0.568010784,0.0,0.0,0.0,0.9363312495090339,0.0,0.0,0.0,0.0,0.0,0.0,0.0,0.0,0.0,1.2521673852515396,0.0,1.05e-08
1347.0,0.9006220867717902,0.0,0.571890302,0.0,0.0,0.0,0.9006220867717902,0.0,0.0,0.0,0.0,0.0,0.0,0.0,0.0,0.0,1.3028240104062025,0.0,1.05e-08
1348.0,0.8601591256850214,0.0,0.572357376,0.0,0.0,0.0,0.8601591256850214,0.0,0.0,0.0,0.0,0.0,0.0,0.0,0.0,0.0,1.3450865690360563,0.0,1.05e-08
1349.0,0.8247154904231566,0.0,0.569912415,0.0,0.0,0.0,0.8247154904231566,0.0,0.0,0.0,0.0,0.0,0.0,0.0,0.0,0.0,1.3711099715113853,0.0,1.05e-08
1350.0,0.7973104853433266,0.0,0.56522709,0.0,0.0,0.0,0.7973104853433267,0.0,0.0,0.0,0.0,0.0,0.0,0.0,0.0,0.0,1.3804628063600428,0.0,1.05e-08
1351.0,0.7804516320073756,0.0,0.555018354,0.0,0.0,0.0,0.7804516320073757,0.0,0.0,0.0,0.0,0.0,0.0,0.0,0.0,0.0,1.357988243099046,0.0,1.05e-08
1352.0,0.7749569263475191,0.0,0.541692226,0.0,0.0,0.0,0.7749569263475191,0.0,0.0,0.0,0.0,0.0,0.0,0.0,0.0,0.0,1.3121384782732068,0.0,1.05e-08
1353.0,0.7832910629134433,0.0,0.521867989,0.0,0.0,0.0,0.7832910629134434,0.0,0.0,0.0,0.0,0.0,0.0,0.0,0.0,0.0,1.2274231939689502,0.0,1.05e-08
1354.0,0.81331279843612,0.0,0.496859184,0.0,0.0,0.0,0.81331279843612,0.0,0.0,0.0,0.0,0.0,0.0,0.0,0.0,0.0,1.1010445984337474,0.0,1.05e-08
1355.0,0.8811293721881294,0.0,0.477860519,0.0,0.0,0.0,0.8811293721881294,0.0,0.0,0.0,0.0,0.0,0.0,0.0,0.0,0.0,0.9600277376696281,0.0,1.05e-08
1356.0,0.9437510293653874,0.0,0.466530599,0.0,0.0,0.0,0.9437510293653874,0.0,0.0,0.0,0.0,0.0,0.0,0.0,0.0,0.0,0.8537528345498661,0.0,1.05e-08
1357.0,0.972903376541259,0.007761925,0.423266595,0.0,0.0,0.015235378800624583,0.9576679977406344,0.0,0.0,0.0,0.0,0.0,0.0,0.0,0.0,0.0,0.6731432322399156,0.0,1.05e-08
1358.0,0.984196859647293,0.343621017,0.292691749,0.0,0.0,0.6744713918069112,0.30972546784038185,0.0,0.0,0.0,0.0,0.0,0.0,0.0,0.0,0.0,0.8179916655938038,0.0,1.05e-08
1359.0,0.9839034946140115,0.661893603,0.205140196,0.0,0.0,0.9839034946140115,0.0,0.0,0.0,0.0,0.0,0.0,0.0,0.0,0.0,0.3152844990106658,0.7903882312215332,0.0,1e-08
1360.0,0.9752931238196689,0.717002276,0.248702027,0.0,0.0,0.9752931238196689,0.0,0.0,0.0,0.0,0.0,0.0,0.0,0.0,0.0,0.43206410724994027,0.9582283679876177,0.0,1e-08
1361.0,0.9633272566227561,0.714054358,0.322369843,0.0,0.0,0.9633272566227561,0.0,0.0,0.0,0.0,0.0,0.0,0.0,0.0,0.0,0.4382436975370426,1.2420643782944099,0.0,1e-08
1362.0,0.952622644933893,0.695894313,0.379736107,0.0,0.0,0.952622644933893,0.0,0.0,0.0,0.0,0.0,0.0,0.0,0.0,0.0,0.4133031355594008,1.4630918552046275,0.0,1e-08
1363.0,0.9402627692251276,0.681395939,0.413223829,0.0,0.0,0.9402627692251276,0.0,0.0,0.0,0.0,0.0,0.0,0.0,0.0,0.0,0.39720509394957204,1.5921172820849763,0.0,1e-08
1364.0,0.9316224195222745,0.678108089,0.427029813,0.0,0.0,0.9316224195222745,0.0,0.0,0.0,0.0,0.0,0.0,0.0,0.0,0.0,0.3993919362828443,1.6453105981040015,0.0,1e-08
1365.0,0.9312519658671089,0.665722688,0.415931617,0.0,0.0,0.9312519658671089,0.0,0.0,0.0,0.0,0.0,0.0,0.0,0.0,0.0,0.37545189018020075,1.6025501655937884,0.0,1e-08
1366.0,0.9387509756959543,0.606603991,0.435509814,0.0,0.0,0.9387509756959543,0.0,0.0,0.0,0.0,0.0,0.0,0.0,0.0,0.0,0.2519126270644002,1.6779833415342889,0.0,1e-08
1367.0,0.965412932114845,0.396608544,0.487165629,0.0,0.0,0.7784771694398209,0.18693576267502404,0.0,0.0,0.0,0.0,0.0,0.0,0.0,0.0,0.0,1.6900731674384857,0.0,1.05e-08
1368.0,0.9937858276694432,0.070780809,0.566891942,0.0,0.0,0.1389310560111902,0.8548547716582531,0.0,0.0,0.0,0.0,0.0,0.0,0.0,0.0,2.7755575615628914e-17,1.329333057289322,0.0,1.05e-08
1369.0,1.0011884767209336,0.000132156,0.611445347,0.0,0.0,0.00025940043491470767,1.000929076286019,0.0,0.0,0.0,0.0,0.0,0.0,0.0,0.0,0.0,1.3549193421485946,0.0,1.05e-08
1370.0,0.986565193419624,0.0,0.631213325,0.0,0.0,0.0,0.986565193419624,0.0,0.0,0.0,0.0,0.0,0.0,0.0,0.0,0.0,1.4454476114731474,0.0,1.05e-08
1371.0,0.9473313675817865,0.0,0.633209686,0.0,0.0,0.0,0.9473313675817865,0.0,0.0,0.0,0.0,0.0,0.0,0.0,0.0,0.0,1.4923732513505388,0.0,1.05e-08
1372.0,0.9044358322044498,0.0,0.627974323,0.0,0.0,0.0,0.9044358322044498,0.0,0.0,0.0,0.0,0.0,0.0,0.0,0.0,0.0,1.5150973655141966,0.0,1.05e-08
1373.0,0.8654332722322648,0.0,0.621803095,0.0,0.0,0.0,0.8654332722322648,0.0,0.0,0.0,0.0,0.0,0.0,0.0,0.0,0.0,1.5303226937273513,0.0,1.05e-08
1374.0,0.8385871596610952,0.0,0.616300452,0.0,0.0,0.0,0.8385871596610952,0.0,0.0,0.0,0.0,0.0,0.0,0.0,0.0,0.0,1.5359675773213708,0.0,1.05e-08
1375.0,0.8210966078958154,0.0,0.613310185,0.0,0.0,0.0,0.8210966078958154,0.0,0.0,0.0,0.0,0.0,0.0,0.0,0.0,0.0,1.5419368773227586,0.0,1.05e-08
1376.0,0.813940214164233,0.0,0.608528533,0.0,0.0,0.0,0.813940214164233,0.0,0.0,0.0,0.0,0.0,0.0,0.0,0.0,0.0,1.5306699608484906,0.0,1.05e-08
1377.0,0.8218032535964205,0.0,0.586479885,0.0,0.0,0.0,0.8218032535964205,0.0,0.0,0.0,0.0,0.0,0.0,0.0,0.0,0.0,1.4378553018246647,0.0,1.05e-08
1378.0,0.8511418982751789,0.0,0.548183018,0.0,0.0,0.0,0.8511418982751789,0.0,0.0,0.0,0.0,0.0,0.0,0.0,0.0,0.0,1.2609619918015467,0.0,1.05e-08
1379.0,0.9187657504724778,0.0,0.507066817,0.0,0.0,0.0,0.9187657504724778,0.0,0.0,0.0,0.0,0.0,0.0,0.0,0.0,0.0,1.034920813226442,0.0,1.05e-08
1380.0,0.9712352644177094,0.0,0.466275141,0.0,0.0,0.0,0.9712352644177094,0.0,0.0,0.0,0.0,0.0,0.0,0.0,0.0,0.0,0.8252843409236106,0.0,1.05e-08
1381.0,0.9839977140407589,0.006141204,0.360128897,0.0,0.0,0.012054170741396095,0.9719435432993628,0.0,0.0,0.0,0.0,0.0,0.0,0.0,0.0,0.0,0.4156033512721513,0.0,1.05e-08
1382.0,0.9818242431737462,0.258138249,0.254063142,0.0,0.0,0.5066828146941577,0.47514142847958857,0.0,0.0,0.0,0.0,0.0,0.0,0.0,0.0,0.0,0.5037428727909692,0.0,1.05e-08
1383.0,0.9692630805078388,0.565757414,0.225946059,0.0,0.0,0.9692630805078388,0.0,0.0,0.0,0.0,0.0,0.0,0.0,0.0,0.0,0.14122542737542276,0.8705515028584949,0.0,1e-08
1384.0,0.9562629409673131,0.648820902,0.312320335,0.0,0.0,0.9562629409673131,0.0,0.0,0.0,0.0,0.0,0.0,0.0,0.0,0.0,0.31726549633824175,1.2033444540297054,0.0,1e-08
1385.0,0.945781029741671,0.661197795,0.366131588,0.0,0.0,0.945781029741671,0.0,0.0,0.0,0.0,0.0,0.0,0.0,0.0,0.0,0.35204120752069856,1.410674767190196,0.0,1e-08
1386.0,0.9344297301692239,0.647232162,0.403277207,0.0,0.0,0.9344297301692239,0.0,0.0,0.0,0.0,0.0,0.0,0.0,0.0,0.0,0.3359802725062999,1.553793769080196,0.0,1e-08
1387.0,0.9292241068414331,0.634498492,0.423113833,0.0,0.0,0.9292241068414331,0.0,0.0,0.0,0.0,0.0,0.0,0.0,0.0,0.0,0.31619180146031756,1.6302226506122341,0.0,1e-08
1388.0,0.9233460994227635,0.63241588,0.431732684,0.0,0.0,0.9233460994227635,0.0,0.0,0.0,0.0,0.0,0.0,0.0,0.0,0.0,0.3179819849545452,1.6634303716239267,0.0,1e-08
1389.0,0.9232518799960161,0.621844566,0.434936693,0.0,0.0,0.9232518799960161,0.0,0.0,0.0,0.0,0.0,0.0,0.0,0.0,0.0,0.2973264582538375,1.6757751536593688,0.0,1e-08
1390.0,0.9336224409900478,0.572270542,0.459599127,0.0,0.0,0.9336224409900478,0.0,0.0,0.0,0.0,0.0,0.0,0.0,0.0,0.0,0.18965026311476407,1.7707974748181037,0.0,1e-08
1391.0,0.963290853662422,0.392225634,0.505432713,0.0,0.0,0.7698742398702817,0.19341661379214026,0.0,0.0,0.0,0.0,0.0,0.0,0.0,0.0,0.0,1.7539738821668813,0.0,1.05e-08
1392.0,0.9908607427390598,0.116476132,0.567393688,0.0,0.0,0.22862343970748886,0.7622373030315709,0.0,0.0,0.0,0.0,0.0,0.0,0.0,0.0,2.7755575615628914e-17,1.423883711811286,0.0,1.05e-08
1393.0,0.9970856489562082,0.000224675,0.613757078,0.0,0.0,0.00044099997513894146,0.9966446489810693,0.0,0.0,0.0,0.0,0.0,0.0,0.0,0.0,0.0,1.3681106780544798,0.0,1.05e-08
1394.0,0.9814152452076385,0.0,0.627898702,0.0,0.0,0.0,0.9814152452076385,0.0,0.0,0.0,0.0,0.0,0.0,0.0,0.0,0.0,1.4378265910440762,0.0,1.05e-08
1395.0,0.9414555015137247,0.0,0.62520437,0.0,0.0,0.0,0.9414555015137247,0.0,0.0,0.0,0.0,0.0,0.0,0.0,0.0,0.0,1.4674052960857522,0.0,1.05e-08
1396.0,0.8927440578853475,0.0,0.612557221,0.0,0.0,0.0,0.8927440578853475,0.0,0.0,0.0,0.0,0.0,0.0,0.0,0.0,0.0,1.4673883192338,0.0,1.05e-08
1397.0,0.8477264440555877,0.0,0.591093095,0.0,0.0,0.0,0.8477264440555877,0.0,0.0,0.0,0.0,0.0,0.0,0.0,0.0,0.0,1.4297064284581529,0.0,1.05e-08
1398.0,0.8144841172186381,0.0,0.565539859,0.0,0.0,0.0,0.8144841172186381,0.0,0.0,0.0,0.0,0.0,0.0,0.0,0.0,0.0,1.364494247607948,0.0,1.05e-08
1399.0,0.792811507716141,0.0,0.533533678,0.0,0.0,0.0,0.792811507716141,0.0,0.0,0.0,0.0,0.0,0.0,0.0,0.0,0.0,1.2628496853322417,0.0,1.05e-08
1400.0,0.7835737211936853,0.0,0.502517878,0.0,0.0,0.0,0.7835737211936853,0.0,0.0,0.0,0.0,0.0,0.0,0.0,0.0,0.0,1.1525861562669868,0.0,1.05e-08
1401.0,0.7869741859590214,0.0,0.482586425,0.0,0.0,0.0,0.7869741859590214,0.0,0.0,0.0,0.0,0.0,0.0,0.0,0.0,0.0,1.0723914493710391,0.0,1.05e-08
1402.0,0.8129744650400728,0.0,0.465248231,0.0,0.0,0.0,0.8129744650400728,0.0,0.0,0.0,0.0,0.0,0.0,0.0,0.0,0.0,0.979588540890941,0.0,1.05e-08
1403.0,0.8729858158263077,0.0,0.449741701,0.0,0.0,0.0,0.8729858158263077,0.0,0.0,0.0,0.0,0.0,0.0,0.0,0.0,0.0,0.8598318108076928,0.0,1.05e-08
1404.0,0.926189813030047,0.0,0.432946025,0.0,0.0,0.0,0.926189813030047,0.0,0.0,0.0,0.0,0.0,0.0,0.0,0.0,0.0,0.741915461248543,0.0,1.05e-08
1405.0,0.9488046168000176,0.006975331,0.366275417,0.0,0.0,0.013691424491313622,0.9351131923087039,0.0,0.0,0.0,0.0,0.0,0.0,0.0,0.0,-1.734723475976807e-18,0.4761157361386468,0.0,1.05e-08
1406.0,0.9597319289521018,0.234263205,0.245496589,0.0,0.0,0.459820040418243,0.4999118885338588,0.0,0.0,0.0,0.0,0.0,0.0,0.0,0.0,5.551115123125783e-17,0.4459661915993478,0.0,1.05e-08
1407.0,0.9620081846482933,0.59987761,0.213204236,0.0,0.0,0.9620081846482933,0.0,0.0,0.0,0.0,0.0,0.0,0.0,0.0,0.0,0.21545264141783593,0.8214583112759546,0.0,1e-08
1408.0,0.9542051030331268,0.698964185,0.231049442,0.0,0.0,0.9542051030331268,0.0,0.0,0.0,0.0,0.0,0.0,0.0,0.0,0.0,0.41774632996124506,0.890214416033327,0.0,1e-08
1409.0,0.9491793531563991,0.700128757,0.254856226,0.0,0.0,0.9491793531563991,0.0,0.0,0.0,0.0,0.0,0.0,0.0,0.0,0.0,0.4250579426311073,0.981939988416192,0.0,1e-08
1410.0,0.9472949646214522,0.685693575,0.269407726,0.0,0.0,0.9472949646214522,0.0,0.0,0.0,0.0,0.0,0.0,0.0,0.0,0.0,0.39860844932283135,1.038005716005826,0.0,1e-08
1411.0,0.9436953542495821,0.67471057,0.280523955,0.0,0.0,0.9436953542495821,0.0,0.0,0.0,0.0,0.0,0.0,0.0,0.0,0.0,0.38065023202383963,1.0808356281755673,0.0,1e-08
1412.0,0.9430872106769401,0.673462179,0.291003148,0.0,0.0,0.94308721067694,0.0,0.0,0.0,0.0,0.0,0.0,0.0,0.0,0.0,0.3788079899284561,1.1212110932545762,0.0,1e-08
1413.0,0.9460615466713052,0.659137945,0.303332977,0.0,0.0,0.9460615466713052,0.0,0.0,0.0,0.0,0.0,0.0,0.0,0.0,0.0,0.3477175447190719,1.1687169059845883,0.0,1e-08
1414.0,0.9578518231183707,0.605628394,0.327715269,0.0,0.0,0.9578518231183707,0.0,0.0,0.0,0.0,0.0,0.0,0.0,0.0,0.0,0.23089684361106977,1.2626598631562143,0.0,1e-08
1415.0,0.9806443589887965,0.443955856,0.395282801,0.0,0.0,0.8714121351231221,0.10923222386567444,0.0,0.0,0.0,0.0,0.0,0.0,0.0,0.0,0.0,1.4137597592105402,0.0,1.05e-08
1416.0,0.995044941826885,0.136186478,0.47151218,0.0,0.0,0.26731159858577946,0.7277333432411056,0.0,0.0,0.0,0.0,0.0,0.0,0.0,0.0,0.0,1.0889641408034607,0.0,1.05e-08
1417.0,0.995935743679769,0.000188674,0.485815824,0.0,0.0,0.00037033594885663574,0.9955654077309124,0.0,0.0,0.0,0.0,0.0,0.0,0.0,0.0,5.421010862427522e-20,0.876242835207452,0.0,1.05e-08
1418.0,0.9773252655465605,0.0,0.485763845,0.0,0.0,0.0,0.9773252655465605,0.0,0.0,0.0,0.0,0.0,0.0,0.0,0.0,0.0,0.894282706598114,0.0,1.05e-08
1419.0,0.9343590655991634,0.0,0.485137292,0.0,0.0,0.0,0.9343590655991634,0.0,0.0,0.0,0.0,0.0,0.0,0.0,0.0,0.0,0.9348348495879144,0.0,1.05e-08
1420.0,0.8844698791364443,0.0,0.486950717,0.0,0.0,0.0,0.8844698791364443,0.0,0.0,0.0,0.0,0.0,0.0,0.0,0.0,0.0,0.9917110127921536,0.0,1.05e-08
1421.0,0.8397220754832792,0.0,0.49757307,0.0,0.0,0.0,0.8397220754832792,0.0,0.0,0.0,0.0,0.0,0.0,0.0,0.0,0.0,1.0773858651797403,0.0,1.05e-08
1422.0,0.8040064886942118,0.0,0.506104085,0.0,0.0,0.0,0.8040064886942118,0.0,0.0,0.0,0.0,0.0,0.0,0.0,0.0,0.0,1.1459707481274912,0.0,1.05e-08
1423.0,0.7818949023170962,0.0,0.5046425,0.0,0.0,0.0,0.7818949023170962,0.0,0.0,0.0,0.0,0.0,0.0,0.0,0.0,0.0,1.1624509682221549,0.0,1.05e-08
1424.0,0.7707748686103018,0.0,0.498444854,0.0,0.0,0.0,0.7707748686103018,0.0,0.0,0.0,0.0,0.0,0.0,0.0,0.0,0.0,1.1496919837979673,0.0,1.05e-08
1425.0,0.7748091731555744,0.0,0.482403251,0.0,0.0,0.0,0.7748091731555745,0.0,0.0,0.0,0.0,0.0,0.0,0.0,0.0,0.0,1.0838507078821102,0.0,1.05e-08
1426.0,0.8003940302186943,0.0,0.462147539,0.0,0.0,0.0,0.8003940302186943,0.0,0.0,0.0,0.0,0.0,0.0,0.0,0.0,0.0,0.9802222655442023,0.0,1.05e-08
1427.0,0.8579535345588905,0.0,0.448314228,0.0,0.0,0.0,0.8579535345588905,0.0,0.0,0.0,0.0,0.0,0.0,0.0,0.0,0.0,0.8693641565111092,0.0,1.05e-08
1428.0,0.913823513269458,0.0,0.444499017,0.0,0.0,0.0,0.913823513269458,0.0,0.0,0.0,0.0,0.0,0.0,0.0,0.0,0.0,0.7987944849425562,0.0,1.05e-08
1429.0,0.9416632125226905,0.014418501,0.388901107,0.0,0.0,0.028301139790990554,0.9133620727316998,0.0,0.0,0.0,0.0,0.0,0.0,0.0,0.0,0.0,0.5850417704713469,0.0,1.05e-08
1430.0,0.9582800932399494,0.341666084,0.344015286,0.0,0.0,0.67063418070466,0.28764591253528954,0.0,0.0,0.0,0.0,0.0,0.0,0.0,0.0,0.0,1.0378165697892856,0.0,1.05e-08
1431.0,0.9676763397073892,0.615361812,0.326751835,0.0,0.0,0.9676763397073892,0.0,0.0,0.0,0.0,0.0,0.0,0.0,0.0,0.0,0.2401774214741127,1.2589478315309803,0.0,1e-08
1432.0,0.9643979319267032,0.681648041,0.320036298,0.0,0.0,0.9643979319267032,0.0,0.0,0.0,0.0,0.0,0.0,0.0,0.0,0.0,0.3735647659013067,1.2330734221532456,0.0,1e-08
1433.0,0.9653765291545109,0.701808679,0.330063971,0.0,0.0,0.9653765291545109,0.0,0.0,0.0,0.0,0.0,0.0,0.0,0.0,0.0,0.4121581764927278,1.2717092179664558,0.0,1e-08
1434.0,0.9613914756732198,0.698748757,0.347048604,0.0,0.0,0.9613914756732198,0.0,0.0,0.0,0.0,0.0,0.0,0.0,0.0,0.0,0.4101371076821436,1.3371496060355832,0.0,1e-08
1435.0,0.9579074982341759,0.694231561,0.36435641,0.0,0.0,0.9579074982341759,0.0,0.0,0.0,0.0,0.0,0.0,0.0,0.0,0.0,0.4047545742779798,1.403835152980588,0.0,1e-08
1436.0,0.9530808939639823,0.696510733,0.379436081,0.0,0.0,0.9530808939639823,0.0,0.0,0.0,0.0,0.0,0.0,0.0,0.0,0.0,0.41405481733903704,1.4619358798078774,0.0,1e-08
1437.0,0.9531408517810034,0.691391417,0.38678056,0.0,0.0,0.9531408517810034,0.0,0.0,0.0,0.0,0.0,0.0,0.0,0.0,0.0,0.40394648641095166,1.4902335507628848,0.0,1e-08
1438.0,0.9595841757601571,0.64044824,0.381191644,0.0,0.0,0.9595841757601571,0.0,0.0,0.0,0.0,0.0,0.0,0.0,0.0,0.0,0.2975101067268968,1.4686999190426258,0.0,1e-08
1439.0,0.975655012072403,0.458512563,0.450310334,0.0,0.0,0.8999845505013567,0.07567046157104639,0.0,0.0,0.0,0.0,0.0,0.0,0.0,0.0,0.0,1.6593380610445694,0.0,1.05e-08
1440.0,0.9933404267430013,0.13239651,0.551400435,0.0,0.0,0.2598725163835879,0.7334679103594133,0.0,0.0,0.0,0.0,0.0,0.0,0.0,0.0,0.0,1.3910324216692938,0.0,1.05e-08
1441.0,0.9978822313823449,0.000286911,0.598114181,0.0,0.0,0.0005631589801584014,0.9973190724021864,0.0,0.0,0.0,0.0,0.0,0.0,0.0,0.0,0.0,1.3071654645488557,0.0,1.05e-08
1442.0,0.9819248866523173,0.0,0.596319309,0.0,0.0,0.0,0.9819248866523173,0.0,0.0,0.0,0.0,0.0,0.0,0.0,0.0,0.0,1.3156441567337822,0.0,1.05e-08
1443.0,0.9418388032725378,0.0,0.589042615,0.0,0.0,0.0,0.9418388032725378,0.0,0.0,0.0,0.0,0.0,0.0,0.0,0.0,0.0,1.3276937391647163,0.0,1.05e-08
1444.0,0.895506400169531,0.0,0.57945044,0.0,0.0,0.0,0.895506400169531,0.0,0.0,0.0,0.0,0.0,0.0,0.0,0.0,0.0,1.3370682842776809,0.0,1.05e-08
1445.0,0.8554866986585963,0.0,0.563855053,0.0,0.0,0.0,0.8554866986585963,0.0,0.0,0.0,0.0,0.0,0.0,0.0,0.0,0.0,1.3170002478099248,0.0,1.05e-08
1446.0,0.8248803744199644,0.0,0.546593031,0.0,0.0,0.0,0.8248803744199644,0.0,0.0,0.0,0.0,0.0,0.0,0.0,0.0,0.0,1.2810974270739306,0.0,1.05e-08
1447.0,0.8070065208958715,0.0,0.530293139,0.0,0.0,0.0,0.8070065208958715,0.0,0.0,0.0,0.0,0.0,0.0,0.0,0.0,0.0,1.2361691430443376,0.0,1.05e-08
1448.0,0.8003726167126154,0.0,0.520716844,0.0,0.0,0.0,0.8003726167126154,0.0,0.0,0.0,0.0,0.0,0.0,0.0,0.0,0.0,1.2059063735659112,0.0,1.05e-08
1449.0,0.8074369323680584,0.0,0.502613689,0.0,0.0,0.0,0.8074369323680584,0.0,0.0,0.0,0.0,0.0,0.0,0.0,0.0,0.0,1.1290920969619118,0.0,1.05e-08
1450.0,0.8359019059987959,0.0,0.486976204,0.0,0.0,0.0,0.8359019059987959,0.0,0.0,0.0,0.0,0.0,0.0,0.0,0.0,0.0,1.0403771852356525,0.0,1.05e-08
1451.0,0.9000846077692088,0.0,0.473948362,0.0,0.0,0.0,0.9000846077692088,0.0,0.0,0.0,0.0,0.0,0.0,0.0,0.0,0.0,0.9259992843000127,0.0,1.05e-08
1452.0,0.9592843866750519,0.0,0.456546057,0.0,0.0,0.0,0.9592843866750519,0.0,0.0,0.0,0.0,0.0,0.0,0.0,0.0,0.0,0.7997498616074997,0.0,1.05e-08
1453.0,0.9854816700120295,0.013934084,0.391327015,0.0,0.0,0.0273503091024098,0.9581313609096196,0.0,0.0,0.0,0.0,0.0,0.0,0.0,0.0,0.0,0.5496193054446838,0.0,1.05e-08
1454.0,0.9944218087999878,0.364906949,0.296295756,0.0,0.0,0.7162521661823833,0.2781696426176045,0.0,0.0,0.0,0.0,0.0,0.0,0.0,0.0,0.0,0.8634334321073851,0.0,1.05e-08
1455.0,0.9936809014896564,0.681810086,0.324131697,0.0,0.0,0.9936809014896564,0.0,0.0,0.0,0.0,0.0,0.0,0.0,0.0,0.0,0.3445998639514454,1.2488526562325404,0.0,1e-08
1456.0,0.9835394650106695,0.737479739,0.395830411,0.0,0.0,0.9835394650106695,0.0,0.0,0.0,0.0,0.0,0.0,0.0,0.0,0.0,0.46401164910738113,1.5251018791752669,0.0,1e-08
1457.0,0.9702373950344307,0.741919446,0.414823069,0.0,0.0,0.9702373950344307,0.0,0.0,0.0,0.0,0.0,0.0,0.0,0.0,0.0,0.4860281317980928,1.5982790217125367,0.0,1e-08
1458.0,0.9585670342214073,0.725769821,0.429474798,0.0,0.0,0.9585670342214073,0.0,0.0,0.0,0.0,0.0,0.0,0.0,0.0,0.0,0.4659994418778205,1.6547309233605554,0.0,1e-08
1459.0,0.9488474438121756,0.712834711,0.444820213,0.0,0.0,0.9488474438121756,0.0,0.0,0.0,0.0,0.0,0.0,0.0,0.0,0.0,0.4503295444115899,1.7138555398701856,0.0,1e-08
1460.0,0.940217800862362,0.718982899,0.45786205,0.0,0.0,0.940217800862362,0.0,0.0,0.0,0.0,0.0,0.0,0.0,0.0,0.0,0.47102706654310855,1.764104660614467,0.0,1e-08
1461.0,0.9353462282294026,0.722734386,0.469341747,0.0,0.0,0.9353462282294026,0.0,0.0,0.0,0.0,0.0,0.0,0.0,0.0,0.0,0.48326218952093936,1.8083349849668386,0.0,1e-08
1462.0,0.9388644672781727,0.681889818,0.489578025,0.0,0.0,0.9388644672781727,0.0,0.0,0.0,0.0,0.0,0.0,0.0,0.0,0.0,0.399572798930784,1.8863036926448173,0.0,1e-08
1463.0,0.9546997550235504,0.486506003,0.590062169,0.0,0.0,0.9546997550235504,0.0,0.0,0.0,0.0,0.0,0.0,0.0,0.0,0.0,0.00023130196074150344,2.2734607997871437,0.0,1e-08
1464.0,0.9732202964312273,0.127020338,0.682683412,0.0,0.0,0.24931997730116812,0.7239003191300593,0.0,0.0,0.0,0.0,0.0,0.0,0.0,0.0,0.0,1.9064224796985103,0.0,1.05e-08
1465.0,0.975959083858724,0.000280287,0.729302426,0.0,0.0,0.0005501571604841147,0.9754089266982399,0.0,0.0,0.0,0.0,0.0,0.0,0.0,0.0,0.0,1.834533082481244,0.0,1.05e-08
1466.0,0.9631966342356746,0.0,0.746027217,0.0,0.0,0.0,0.9631966342356746,0.0,0.0,0.0,0.0,0.0,0.0,0.0,0.0,0.0,1.9111846132491088,0.0,1.05e-08
1467.0,0.9343697723522029,0.0,0.748270657,0.0,0.0,0.0,0.9343697723522029,0.0,0.0,0.0,0.0,0.0,0.0,0.0,0.0,0.0,1.948655264151148,0.0,1.05e-08
1468.0,0.8964871387479465,0.0,0.740039317,0.0,0.0,0.0,0.8964871387479465,0.0,0.0,0.0,0.0,0.0,0.0,0.0,0.0,0.0,1.9548232246194628,0.0,1.05e-08
1469.0,0.8617201702781763,0.0,0.720602051,0.0,0.0,0.0,0.8617201702781763,0.0,0.0,0.0,0.0,0.0,0.0,0.0,0.0,0.0,1.9147000126512534,0.0,1.05e-08
1470.0,0.8338247959091385,0.0,0.694547158,0.0,0.0,0.0,0.8338247959091386,0.0,0.0,0.0,0.0,0.0,0.0,0.0,0.0,0.0,1.8422080363475044,0.0,1.05e-08
1471.0,0.817381364591119,0.0,0.666549353,0.0,0.0,0.0,0.817381364591119,0.0,0.0,0.0,0.0,0.0,0.0,0.0,0.0,0.0,1.750778237535455,0.0,1.05e-08
1472.0,0.8099037682683524,0.0,0.637669883,0.0,0.0,0.0,0.8099037682683524,0.0,0.0,0.0,0.0,0.0,0.0,0.0,0.0,0.0,1.6469856213060443,0.0,1.05e-08
1473.0,0.8105590215543681,0.0,0.607128171,0.0,0.0,0.0,0.810559021554368,0.0,0.0,0.0,0.0,0.0,0.0,0.0,0.0,0.0,1.5286556743380677,0.0,1.05e-08
1474.0,0.8213428632157233,0.0,0.577511113,0.0,0.0,0.0,0.8213428632157233,0.0,0.0,0.0,0.0,0.0,0.0,0.0,0.0,0.0,1.4037597544830969,0.0,1.05e-08
1475.0,0.847133289937201,0.0,0.550398848,0.0,0.0,0.0,0.847133289937201,0.0,0.0,0.0,0.0,0.0,0.0,0.0,0.0,0.0,1.273508010108596,0.0,1.05e-08
1476.0,0.8761271771680885,0.0,0.519677436,0.0,0.0,0.0,0.8761271771680885,0.0,0.0,0.0,0.0,0.0,0.0,0.0,0.0,0.0,1.1261470599384298,0.0,1.05e-08
1477.0,0.899998953744893,0.016554864,0.434320671,0.0,0.0,0.032494468064664765,0.8675044856802283,0.0,0.0,0.0,0.0,0.0,0.0,0.0,0.0,0.0,0.8058971860947146,0.0,1.05e-08
1478.0,0.910200348040901,0.346680319,0.351382267,0.0,0.0,0.6804762971410272,0.22972405089987377,0.0,0.0,0.0,0.0,0.0,0.0,0.0,0.0,1.1102230246251565e-16,1.1241228007271111,0.0,1.05e-08
1479.0,0.9070996723606702,0.633853194,0.362094808,0.0,0.0,0.9070996723606702,0.0,0.0,0.0,0.0,0.0,0.0,0.0,0.0,0.0,0.33704962237945935,1.395121387276147,0.0,1e-08
1480.0,0.894898256596889,0.701993021,0.396569989,0.0,0.0,0.894898256596889,0.0,0.0,0.0,0.0,0.0,0.0,0.0,0.0,0.0,0.48299828199757155,1.5279514121223368,0.0,1e-08
1481.0,0.8803006695028743,0.707680963,0.410268377,0.0,0.0,0.8803006695028744,0.0,0.0,0.0,0.0,0.0,0.0,0.0,0.0,0.0,0.5087603612718098,1.5807301696404696,0.0,1e-08
1482.0,0.8666388526245092,0.692161837,0.418976834,0.0,0.0,0.8666388526245092,0.0,0.0,0.0,0.0,0.0,0.0,0.0,0.0,0.0,0.491960692981918,1.6142831351689748,0.0,1e-08
1483.0,0.8537757595228889,0.680991109,0.438090833,0.0,0.0,0.8537757595228889,0.0,0.0,0.0,0.0,0.0,0.0,0.0,0.0,0.0,0.4828974891199961,1.6879277945568412,0.0,1e-08
1484.0,0.8461696821636486,0.68418175,0.46522932,0.0,0.0,0.8461696821636486,0.0,0.0,0.0,0.0,0.0,0.0,0.0,0.0,0.0,0.4967662686119938,1.7924901434100058,0.0,1e-08
1485.0,0.8466386379467774,0.681995514,0.494229512,0.0,0.0,0.8466386379467775,0.0,0.0,0.0,0.0,0.0,0.0,0.0,0.0,0.0,0.4920060920804602,1.9042254878569072,0.0,1e-08
1486.0,0.8574053488032695,0.63550913,0.529800889,0.0,0.0,0.8574053488032695,0.0,0.0,0.0,0.0,0.0,0.0,0.0,0.0,0.0,0.38999427523398567,2.041279065348587,0.0,1e-08
1487.0,0.8789344878150378,0.460202626,0.624143954,0.0,0.0,0.8789344878150378,0.0,0.0,0.0,0.0,0.0,0.0,0.0,0.0,0.0,0.02436737765675734,2.4047751023386663,0.0,1e-08
1488.0,0.9073502103817939,0.124791833,0.715626495,0.0,0.0,0.24494578947610074,0.6624044209056931,0.0,0.0,0.0,0.0,0.0,0.0,0.0,0.0,2.7755575615628914e-17,2.094845355721777,0.0,1.05e-08
1489.0,0.9166029863585047,0.000427564,0.740495915,0.0,0.0,0.0008392376248817464,0.9157637487336229,0.0,0.0,0.0,0.0,0.0,0.0,0.0,0.0,0.0,1.937305849014158,0.0,1.05e-08
1490.0,0.9128149371331398,0.0,0.735957481,0.0,0.0,0.0,0.9128149371331398,0.0,0.0,0.0,0.0,0.0,0.0,0.0,0.0,0.0,1.9227684492737114,0.0,1.05e-08
1491.0,0.8909645955301874,0.0,0.720213656,0.0,0.0,0.0,0.8909645955301874,0.0,0.0,0.0,0.0,0.0,0.0,0.0,0.0,0.0,1.8839591335445078,0.0,1.05e-08
1492.0,0.8617801280951973,0.0,0.698356844,0.0,0.0,0.0,0.8617801280951974,0.0,0.0,0.0,0.0,0.0,0.0,0.0,0.0,0.0,1.828931109650779,0.0,1.05e-08
1493.0,0.830921124484834,0.0,0.670448422,0.0,0.0,0.0,0.830921124484834,0.0,0.0,0.0,0.0,0.0,0.0,0.0,0.0,0.0,1.7522612684473056,0.0,1.05e-08
1494.0,0.8054818792630509,0.0,0.648546271,0.0,0.0,0.0,0.8054818792630509,0.0,0.0,0.0,0.0,0.0,0.0,0.0,0.0,0.0,1.6933133349182359,0.0,1.05e-08
1495.0,0.7907279735746598,0.0,0.628241723,0.0,0.0,0.0,0.7907279735746597,0.0,0.0,0.0,0.0,0.0,0.0,0.0,0.0,0.0,1.6298354942575466,0.0,1.05e-08
1496.0,0.7845159154611588,0.0,0.611450363,0.0,0.0,0.0,0.7845159154611588,0.0,0.0,0.0,0.0,0.0,0.0,0.0,0.0,0.0,1.5713518292071482,0.0,1.05e-08
1497.0,0.7851882995520376,0.0,0.599564335,0.0,0.0,0.0,0.7851882995520376,0.0,0.0,0.0,0.0,0.0,0.0,0.0,0.0,0.0,1.5248835609826221,0.0,1.05e-08
1498.0,0.7939656956937959,0.0,0.588922019,0.0,0.0,0.0,0.7939656956937959,0.0,0.0,0.0,0.0,0.0,0.0,0.0,0.0,0.0,1.4751022003163268,0.0,1.05e-08
1499.0,0.8137731888168173,0.0,0.583814362,0.0,0.0,0.0,0.8137731888168173,0.0,0.0,0.0,0.0,0.0,0.0,0.0,0.0,0.0,1.435615326649493,0.0,1.05e-08
1500.0,0.8390818116515188,0.0,0.573357874,0.0,0.0,0.0,0.8390818116515188,0.0,0.0,0.0,0.0,0.0,0.0,0.0,0.0,0.0,1.3700187192254176,0.0,1.05e-08
1501.0,0.8611569950683001,0.016587955,0.523826386,0.0,0.0,0.032559420240818426,0.8285975748274816,0.0,0.0,0.0,0.0,0.0,0.0,0.0,0.0,0.0,1.1896622239381787,0.0,1.05e-08
1502.0,0.872615362171142,0.321155462,0.482594572,0.0,0.0,0.6303752120072783,0.24224015016386366,0.0,0.0,0.0,0.0,0.0,0.0,0.0,0.0,0.0,1.617156874884279,0.0,1.05e-08
1503.0,0.872270604723271,0.663415701,0.516503722,0.0,0.0,0.872270604723271,0.0,0.0,0.0,0.0,0.0,0.0,0.0,0.0,0.0,0.4299050162749861,1.9900461792037996,0.0,1e-08
1504.0,0.8667673336609829,0.7454557,0.57638051,0.0,0.0,0.8667673336609829,0.0,0.0,0.0,0.0,0.0,0.0,0.0,0.0,0.0,0.5964392766302478,2.2207464977242455,0.0,1e-08
1505.0,0.8595488407617716,0.745604334,0.606098913,0.0,0.0,0.8595488407617716,0.0,0.0,0.0,0.0,0.0,0.0,0.0,0.0,0.0,0.6039495135610814,2.3352490498320666,0.0,1e-08
1506.0,0.8492339548835453,0.73081318,0.620408227,0.0,0.0,0.8492339548835453,0.0,0.0,0.0,0.0,0.0,0.0,0.0,0.0,0.0,0.5852318032613784,2.39038165476754,0.0,1e-08
1507.0,0.8401567696566817,0.721790445,0.635607681,0.0,0.0,0.8401567696566817,0.0,0.0,0.0,0.0,0.0,0.0,0.0,0.0,0.0,0.5765988475705376,2.448943895600112,0.0,1e-08
1508.0,0.835394405904725,0.730700911,0.654053638,0.0,0.0,0.835394405904725,0.0,0.0,0.0,0.0,0.0,0.0,0.0,0.0,0.0,0.5988509867068333,2.5200146443402494,0.0,1e-08
1509.0,0.8413216643873761,0.735630509,0.66828078,0.0,0.0,0.8413216643873761,0.0,0.0,0.0,0.0,0.0,0.0,0.0,0.0,0.0,0.6025997161865501,2.5748306473468836,0.0,1e-08
1510.0,0.8604803282762056,0.699316529,0.69279713,0.0,0.0,0.8604803282762056,0.0,0.0,0.0,0.0,0.0,0.0,0.0,0.0,0.0,0.5121626978871451,2.66929011891972,0.0,1e-08
1511.0,0.8983372656731672,0.539974362,0.750895911,0.0,0.0,0.8983372656731672,0.0,0.0,0.0,0.0,0.0,0.0,0.0,0.0,0.0,0.161543362868797,2.8931399233272246,0.0,1e-08
1512.0,0.9360443085275761,0.190030022,0.800244545,0.0,0.0,0.3729975964288528,0.5630467120987234,0.0,0.0,0.0,0.0,0.0,0.0,0.0,0.0,0.0,2.52022942198097,0.0,1.05e-08
1513.0,0.9483099648095941,0.000953395,0.811234508,0.0,0.0,0.001871357166118131,0.946438607643476,0.0,0.0,0.0,0.0,0.0,0.0,0.0,0.0,2.168404344971009e-19,2.1791809461371527,0.0,1.05e-08
1514.0,0.9390122204701175,0.0,0.812793031,0.0,0.0,0.0,0.9390122204701175,0.0,0.0,0.0,0.0,0.0,0.0,0.0,0.0,0.0,2.1926121937001746,0.0,1.05e-08
1515.0,0.9089326684810276,0.0,0.808275375,0.0,0.0,0.0,0.9089326684810276,0.0,0.0,0.0,0.0,0.0,0.0,0.0,0.0,0.0,2.2052855902661346,0.0,1.05e-08
1516.0,0.8710735897334582,0.0,0.799043067,0.0,0.0,0.0,0.8710735897334582,0.0,0.0,0.0,0.0,0.0,0.0,0.0,0.0,0.0,2.2075733488507243,0.0,1.05e-08
1517.0,0.8407691959305394,0.0,0.786687716,0.0,0.0,0.0,0.8407691959305394,0.0,0.0,0.0,0.0,0.0,0.0,0.0,0.0,0.0,2.190273595765672,0.0,1.05e-08
1518.0,0.8167860691221244,0.0,0.78283383,0.0,0.0,0.0,0.8167860691221244,0.0,0.0,0.0,0.0,0.0,0.0,0.0,0.0,0.0,2.19940801813554,0.0,1.05e-08
1519.0,0.8035717945208093,0.0,0.782577452,0.0,0.0,0.0,0.8035717945208093,0.0,0.0,0.0,0.0,0.0,0.0,0.0,0.0,0.0,2.2116344894789113,0.0,1.05e-08
1520.0,0.8026510137594147,0.0,0.786273369,0.0,0.0,0.0,0.8026510137594147,0.0,0.0,0.0,0.0,0.0,0.0,0.0,0.0,0.0,2.226795333169619,0.0,1.05e-08
1521.0,0.8135590537560279,0.0,0.780384636,0.0,0.0,0.0,0.8135590537560279,0.0,0.0,0.0,0.0,0.0,0.0,0.0,0.0,0.0,2.193198491315734,0.0,1.05e-08
1522.0,0.8515551789425025,0.0,0.776548898,0.0,0.0,0.0,0.8515551789425025,0.0,0.0,0.0,0.0,0.0,0.0,0.0,0.0,0.0,2.140423584435743,0.0,1.05e-08
1523.0,0.9189177863656383,0.0,0.764546228,0.0,0.0,0.0,0.9189177863656383,0.0,0.0,0.0,0.0,0.0,0.0,0.0,0.0,0.0,2.0268156808872404,0.0,1.05e-08
1524.0,0.9732095896781878,0.0,0.743336216,0.0,0.0,0.0,0.9732095896781878,0.0,0.0,0.0,0.0,0.0,0.0,0.0,0.0,0.0,1.8908034532222273,0.0,1.05e-08
1525.0,0.9920234961191463,0.022662401,0.705958277,0.0,0.0,0.04448255603689205,0.9475409400822543,0.0,0.0,0.0,0.0,0.0,0.0,0.0,0.0,0.0,1.772457991157098,0.0,1.05e-08
1526.0,0.9947986865069772,0.345560987,0.704006787,0.0,0.0,0.6782792330076246,0.31651945349935257,0.0,0.0,0.0,0.0,0.0,0.0,0.0,0.0,0.0,2.3959605479572352,0.0,1.05e-08
1527.0,0.9915523989854096,0.754460793,0.752156525,0.0,0.0,0.9915523989854096,0.0,0.0,0.0,0.0,0.0,0.0,0.0,0.0,0.0,0.489329723886766,2.89799696494628,0.0,1e-08
1528.0,0.9790576181883469,0.802422865,0.746716868,0.0,0.0,0.9790576181883469,0.0,0.0,0.0,0.0,0.0,0.0,0.0,0.0,0.0,0.5959661428705968,2.877038415824674,0.0,1e-08
1529.0,0.9679204536766892,0.802128271,0.720801264,0.0,0.0,0.9679204536766892,0.0,0.0,0.0,0.0,0.0,0.0,0.0,0.0,0.0,0.6065250679400553,2.7771877341640323,0.0,1e-08
1530.0,0.9581858738132022,0.782728018,0.695298627,0.0,0.0,0.9581858738132022,0.0,0.0,0.0,0.0,0.0,0.0,0.0,0.0,0.0,0.5781801503486,2.6789281802445517,0.0,1e-08
1531.0,0.9494727181896806,0.771272595,0.677571289,0.0,0.0,0.9494727181896805,0.0,0.0,0.0,0.0,0.0,0.0,0.0,0.0,0.0,0.5644081996709933,2.6106262111556346,0.0,1e-08
1532.0,0.9455155022662921,0.774929155,0.660933324,0.0,0.0,0.9455155022662921,0.0,0.0,0.0,0.0,0.0,0.0,0.0,0.0,0.0,0.5755426398921187,2.546521506256768,0.0,1e-08
1533.0,0.9471921797922733,0.774525083,0.646145831,0.0,0.0,0.9471921797922733,0.0,0.0,0.0,0.0,0.0,0.0,0.0,0.0,0.0,0.573072835663325,2.4895465171304494,0.0,1e-08
1534.0,0.9603315071223121,0.730268087,0.641944515,0.0,0.0,0.9603315071223122,0.0,0.0,0.0,0.0,0.0,0.0,0.0,0.0,0.0,0.47306432335176085,2.473359193598582,0.0,1e-08
1535.0,0.9882932633601946,0.547520824,0.65385569,0.0,0.0,0.9882932633601946,0.0,0.0,0.0,0.0,0.0,0.0,0.0,0.0,0.0,0.08639982564415716,2.519251967046162,0.0,1e-08
1536.0,1.0120986580681544,0.200564055,0.681253387,0.0,0.0,0.39367416610110284,0.6184244919670515,0.0,0.0,0.0,0.0,0.0,0.0,0.0,0.0,0.0,2.0063885386523044,0.0,1.05e-08
1537.0,1.0172978573441216,0.001141761,0.67296727,0.0,0.0,0.002241088561765274,1.0150567687823564,0.0,0.0,0.0,0.0,0.0,0.0,0.0,0.0,0.0,1.5778305374444739,0.0,1.05e-08
1538.0,0.9969764400752056,0.0,0.645499525,0.0,0.0,0.0,0.9969764400752056,0.0,0.0,0.0,0.0,0.0,0.0,0.0,0.0,0.0,1.4900799134201859,0.0,1.05e-08
1539.0,0.953714733743919,0.0,0.621236493,0.0,0.0,0.0,0.953714733743919,0.0,0.0,0.0,0.0,0.0,0.0,0.0,0.0,0.0,1.4398581615093269,0.0,1.05e-08
1540.0,0.907043997244865,0.0,0.603100649,0.0,0.0,0.0,0.907043997244865,0.0,0.0,0.0,0.0,0.0,0.0,0.0,0.0,0.0,1.4166529890428385,0.0,1.05e-08
1541.0,0.8668936733468486,0.0,0.58744693,0.0,0.0,0.0,0.8668936733468486,0.0,0.0,0.0,0.0,0.0,0.0,0.0,0.0,0.0,1.3964908265842126,0.0,1.05e-08
1542.0,0.8388826660449846,0.0,0.578973055,0.0,0.0,0.0,0.8388826660449846,0.0,0.0,0.0,0.0,0.0,0.0,0.0,0.0,0.0,1.3918526934278,0.0,1.05e-08
1543.0,0.8222807747819809,0.0,0.572457894,0.0,0.0,0.0,0.8222807747819809,0.0,0.0,0.0,0.0,0.0,0.0,0.0,0.0,0.0,1.3833522074906108,0.0,1.05e-08
1544.0,0.8149980413645327,0.0,0.57305888,0.0,0.0,0.0,0.8149980413645327,0.0,0.0,0.0,0.0,0.0,0.0,0.0,0.0,0.0,1.3929504903264136,0.0,1.05e-08
1545.0,0.8202100887441472,0.0,0.57477636,0.0,0.0,0.0,0.8202100887441472,0.0,0.0,0.0,0.0,0.0,0.0,0.0,0.0,0.0,1.3943557515280889,0.0,1.05e-08
1546.0,0.8532554113251706,0.0,0.578892397,0.0,0.0,0.0,0.8532554113251706,0.0,0.0,0.0,0.0,0.0,0.0,0.0,0.0,0.0,1.3771691795357235,0.0,1.05e-08
1547.0,0.916656520123702,0.0,0.584884057,0.0,0.0,0.0,0.916656520123702,0.0,0.0,0.0,0.0,0.0,0.0,0.0,0.0,0.0,1.3368534418240015,0.0,1.05e-08
1548.0,0.9705243360158885,0.0,0.582710928,0.0,0.0,0.0,0.9705243360158885,0.0,0.0,0.0,0.0,0.0,0.0,0.0,0.0,0.0,1.2746127393887692,0.0,1.05e-08
1549.0,0.9884581473570024,0.023631694,0.520635381,0.0,0.0,0.04638511835536251,0.9420730290016399,0.0,0.0,0.0,0.0,0.0,0.0,0.0,0.0,0.0,1.0638920910664869,0.0,1.05e-08
1550.0,0.9891476622527444,0.339154267,0.453882451,0.0,0.0,0.6657038981429438,0.3234437641098005,0.0,0.0,0.0,0.0,0.0,0.0,0.0,0.0,0.0,1.425327830260638,0.0,1.05e-08
1551.0,0.9817771334603725,0.675973838,0.519697947,0.0,0.0,0.9817771334603725,0.0,0.0,0.0,0.0,0.0,0.0,0.0,0.0,0.0,0.3450480395787944,2.0023532642953707,0.0,1e-08
1552.0,0.9668048100099763,0.76587535,0.52648123,0.0,0.0,0.9668048100099763,0.0,0.0,0.0,0.0,0.0,0.0,0.0,0.0,0.0,0.5364822059443047,2.028488693415489,0.0,1e-08
1553.0,0.9534020965551665,0.788277966,0.514380811,0.0,0.0,0.9534020965551665,0.0,0.0,0.0,0.0,0.0,0.0,0.0,0.0,0.0,0.5938575603206556,1.9818667784668969,0.0,1e-08
1554.0,0.9447574641510976,0.776206782,0.508822496,0.0,0.0,0.9447574641510976,0.0,0.0,0.0,0.0,0.0,0.0,0.0,0.0,0.0,0.5788084491221983,1.9604510498720868,0.0,1e-08
1555.0,0.939729572923762,0.766033572,0.511620862,0.0,0.0,0.9397295729237621,0.0,0.0,0.0,0.0,0.0,0.0,0.0,0.0,0.0,0.5638680067250396,1.9712329229334273,0.0,1e-08
1556.0,0.9380207751386624,0.771142881,0.519272526,0.0,0.0,0.9380207751386624,0.0,0.0,0.0,0.0,0.0,0.0,0.0,0.0,0.0,0.5756055355304004,2.0007141523208722,0.0,1e-08
1557.0,0.942160005863722,0.773521609,0.520746815,0.0,0.0,0.942160005863722,0.0,0.0,0.0,0.0,0.0,0.0,0.0,0.0,0.0,0.576135355606998,2.006394466066012,0.0,1e-08
1558.0,0.9550402297702055,0.739524788,0.511768292,0.0,0.0,0.9550402297702055,0.0,0.0,0.0,0.0,0.0,0.0,0.0,0.0,0.0,0.49652497829758546,1.9718009585461502,0.0,1e-08
1559.0,0.9801754032056677,0.564472956,0.512869936,0.0,0.0,0.9801754032056677,0.0,0.0,0.0,0.0,0.0,0.0,0.0,0.0,0.0,0.1277919254361698,1.9760455018856518,0.0,1e-08
1560.0,1.0024368841253357,0.203206837,0.56084948,0.0,0.0,0.3988615113611346,0.603575372764201,0.0,0.0,0.0,0.0,0.0,0.0,0.0,0.0,5.551115123125783e-17,1.5573313491866578,0.0,1.05e-08
1561.0,1.0107346177309258,0.001587021,0.582404685,0.0,0.0,0.003115060516501516,1.0076195572144244,0.0,0.0,0.0,0.0,0.0,0.0,0.0,0.0,0.0,1.2363375892059887,0.0,1.05e-08
1562.0,0.9958415242530216,0.0,0.574460838,0.0,0.0,0.0,0.9958415242530216,0.0,0.0,0.0,0.0,0.0,0.0,0.0,0.0,0.0,1.217508635814388,0.0,1.05e-08
1563.0,0.9584321291331099,0.0,0.548339823,0.0,0.0,0.0,0.9584321291331099,0.0,0.0,0.0,0.0,0.0,0.0,0.0,0.0,0.0,1.1542759176569917,0.0,1.05e-08
1564.0,0.9131596945810108,0.0,0.517946342,0.0,0.0,0.0,0.9131596945810108,0.0,0.0,0.0,0.0,0.0,0.0,0.0,0.0,0.0,1.0824447803266926,0.0,1.05e-08
1565.0,0.8740586324808627,0.0,0.487311745,0.0,0.0,0.0,0.8740586324808627,0.0,0.0,0.0,0.0,0.0,0.0,0.0,0.0,0.0,1.0035132705119025,0.0,1.05e-08
1566.0,0.8435443863183704,0.0,0.460795511,0.0,0.0,0.0,0.8435443863183704,0.0,0.0,0.0,0.0,0.0,0.0,0.0,0.0,0.0,0.931862657233994,0.0,1.05e-08
1567.0,0.826933929652935,0.0,0.442267584,0.0,0.0,0.0,0.8269339296529349,0.0,0.0,0.0,0.0,0.0,0.0,0.0,0.0,0.0,0.8770865415197694,0.0,1.05e-08
1568.0,0.8227347411108545,0.0,0.436521494,0.0,0.0,0.0,0.8227347411108545,0.0,0.0,0.0,0.0,0.0,0.0,0.0,0.0,0.0,0.859146519901693,0.0,1.05e-08
1569.0,0.8315571056153785,0.0,0.427468814,0.0,0.0,0.0,0.8315571056153785,0.0,0.0,0.0,0.0,0.0,0.0,0.0,0.0,0.0,0.8154449270814537,0.0,1.05e-08
1570.0,0.8616602124611553,0.0,0.415197351,0.0,0.0,0.0,0.8616602124611553,0.0,0.0,0.0,0.0,0.0,0.0,0.0,0.0,0.0,0.7380608868828079,0.0,1.05e-08
1571.0,0.9253140006314182,0.0,0.403028103,0.0,0.0,0.0,0.9253140006314182,0.0,0.0,0.0,0.0,0.0,0.0,0.0,0.0,0.0,0.6275199913120231,0.0,1.05e-08
1572.0,0.9833488848065669,0.0,0.38797489,0.0,0.0,0.0,0.9833488848065669,0.0,0.0,0.0,0.0,0.0,0.0,0.0,0.0,0.0,0.5114863207982331,0.0,1.05e-08
1573.0,1.012893099143683,0.02831103,0.337247158,0.0,0.0,0.05556988328099623,0.9573232158626869,0.0,0.0,0.0,0.0,0.0,0.0,0.0,0.0,-6.938893903907228e-18,0.34206222830501265,0.0,1.05e-08
1574.0,1.0195612649366657,0.361547386,0.32635391,0.0,0.0,0.7096578980195807,0.309903366917085,0.0,0.0,0.0,0.0,0.0,0.0,0.0,0.0,0.0,0.94751129245631,0.0,1.05e-08
1575.0,1.0177261274657003,0.637831228,0.312809714,0.0,0.0,1.0177261274657003,0.0,0.0,0.0,0.0,0.0,0.0,0.0,0.0,0.0,0.23423139202173937,1.205229990895464,0.0,1e-08
1576.0,1.007391969432003,0.676931896,0.309156501,0.0,0.0,1.007391969432003,0.0,0.0,0.0,0.0,0.0,0.0,0.0,0.0,0.0,0.3213137134733337,1.1911544629509283,0.0,1e-08
1577.0,0.9934924626361618,0.671045186,0.312618663,0.0,0.0,0.9934924626361618,0.0,0.0,0.0,0.0,0.0,0.0,0.0,0.0,0.0,0.32365857928263797,1.2044938871727051,0.0,1e-08
1578.0,0.9793980929350021,0.659612313,0.324853083,0.0,0.0,0.9793980929350021,0.0,0.0,0.0,0.0,0.0,0.0,0.0,0.0,0.0,0.31531210461407855,1.251632096906215,0.0,1e-08
1579.0,0.9669975315646868,0.651580876,0.336927942,0.0,0.0,0.9669975315646868,0.0,0.0,0.0,0.0,0.0,0.0,0.0,0.0,0.0,0.3119482795714419,1.2981555312859863,0.0,1e-08
1580.0,0.9585391966635047,0.642566323,0.344117251,0.0,0.0,0.9585391966635047,0.0,0.0,0.0,0.0,0.0,0.0,0.0,0.0,0.0,0.30271253347167304,1.3258553450475714,0.0,1e-08
1581.0,0.9578261269110759,0.616281979,0.339325399,0.0,0.0,0.9578261269110759,0.0,0.0,0.0,0.0,0.0,0.0,0.0,0.0,0.0,0.2518337703519826,1.3073927350842107,0.0,1e-08
1582.0,0.9724065832002275,0.548931411,0.31581269,0.0,0.0,0.9724065832002275,0.0,0.0,0.0,0.0,0.0,0.0,0.0,0.0,0.0,0.10505525547334127,1.2168002093866306,0.0,1e-08
1583.0,0.9981648896625869,0.382578266,0.296545262,0.0,0.0,0.75093804737821,0.24722684228437694,0.0,0.0,0.0,0.0,0.0,0.0,0.0,0.0,0.0,0.8953375584501634,0.0,1.05e-08
1584.0,1.0241202003808725,0.128233706,0.327543389,0.0,0.0,0.25170161859563517,0.7724185817852373,0.0,0.0,0.0,0.0,0.0,0.0,0.0,0.0,0.0,0.4895790419277509,0.0,1.05e-08
1585.0,1.034409390051804,0.001307369,0.361103879,0.0,0.0,0.002566149756303206,1.031843240295501,0.0,0.0,0.0,0.0,0.0,0.0,0.0,0.0,0.0,0.35946017939141695,0.0,1.05e-08
1586.0,1.0221415924191781,0.0,0.379283448,0.0,0.0,0.0,1.0221415924191781,0.0,0.0,0.0,0.0,0.0,0.0,0.0,0.0,0.0,0.4392062050467287,0.0,1.05e-08
1587.0,0.9845844441073218,0.0,0.371995426,0.0,0.0,0.0,0.9845844441073218,0.0,0.0,0.0,0.0,0.0,0.0,0.0,0.0,0.0,0.44868320656139826,0.0,1.05e-08
1588.0,0.9442820843161451,0.0,0.353504352,0.0,0.0,0.0,0.9442820843161451,0.0,0.0,0.0,0.0,0.0,0.0,0.0,0.0,0.0,0.41774098553796735,0.0,1.05e-08
1589.0,0.9055900201821048,0.0,0.340440457,0.0,0.0,0.0,0.9055900201821048,0.0,0.0,0.0,0.0,0.0,0.0,0.0,0.0,0.0,0.4060989412756508,0.0,1.05e-08
1590.0,0.8778616711604827,0.0,0.334269588,0.0,0.0,0.0,0.8778616711604827,0.0,0.0,0.0,0.0,0.0,0.0,0.0,0.0,0.0,0.41005144173559094,0.0,1.05e-08
1591.0,0.8649514683454886,0.0,0.32870648,0.0,0.0,0.0,0.8649514683454886,0.0,0.0,0.0,0.0,0.0,0.0,0.0,0.0,0.0,0.40152744892266257,0.0,1.05e-08
1592.0,0.8627330291157103,0.0,0.321906001,0.0,0.0,0.0,0.8627330291157103,0.0,0.0,0.0,0.0,0.0,0.0,0.0,0.0,0.0,0.37754420426466107,0.0,1.05e-08
1593.0,0.8720479042600501,0.0,0.309510687,0.0,0.0,0.0,0.8720479042600501,0.0,0.0,0.0,0.0,0.0,0.0,0.0,0.0,0.0,0.3204712080941744,0.0,1.05e-08
1594.0,0.9023180364532425,0.0,0.295285445,0.0,0.0,0.0,0.9023180364532424,0.0,0.0,0.0,0.0,0.0,0.0,0.0,0.0,0.0,0.23539239343741314,0.0,1.05e-08
1595.0,0.9691774264835231,0.0,0.284840719,0.0,0.0,0.0,0.9691774264835231,0.0,0.0,0.0,0.0,0.0,0.0,0.0,0.0,0.0,0.12829033683225233,0.0,1.05e-08
1596.0,1.0217154636482073,0.0,0.277378874,0.0,0.0,0.0,1.0217154636482073,0.0,0.0,0.0,0.0,0.0,0.0,0.0,0.0,0.0,0.04700242720864134,0.0,1.05e-08
1597.0,1.0353087573071196,0.016008606,0.261685473,0.0,0.0,0.03142225369092738,1.0038865036161924,0.0,0.0,0.0,0.0,0.0,0.0,0.0,0.0,0.0,0.004366009415628591,0.0,1.05e-08
1598.0,1.0298675854124606,0.284324028,0.204644301,0.0,0.0,0.5580811807250637,0.47178640468739685,0.0,0.0,0.0,0.0,0.0,0.0,0.0,0.0,0.0,0.3166911840585799,0.0,1.05e-08
1599.0,1.0162935639090191,0.629398865,0.19559505,0.0,0.0,1.0162935639090191,0.0,0.0,0.0,0.0,0.0,0.0,0.0,0.0,0.0,0.21911261754186762,0.7536115720840364,0.0,1e-08
1600.0,1.0003726221393259,0.697636414,0.216770923,0.0,0.0,1.0003726221393259,0.0,0.0,0.0,0.0,0.0,0.0,0.0,0.0,0.0,0.3689726153371191,0.835200461689279,0.0,1e-08
1601.0,0.9847964378175034,0.709400595,0.233748251,0.0,0.0,0.9847964378175034,0.0,0.0,0.0,0.0,0.0,0.0,0.0,0.0,0.0,0.40763994699856543,0.9006127041967776,0.0,1e-08
1602.0,0.9736207289949035,0.701407688,0.248850977,0.0,0.0,0.9736207289949035,0.0,0.0,0.0,0.0,0.0,0.0,0.0,0.0,0.0,0.40312689744445285,0.9588022600347933,0.0,1e-08
1603.0,0.9639054212868875,0.692637237,0.262388557,0.0,0.0,0.9639054212868875,0.0,0.0,0.0,0.0,0.0,0.0,0.0,0.0,0.0,0.39562725612406224,1.0109614376111862,0.0,1e-08
1604.0,0.9556076876812976,0.695646699,0.26938876,0.0,0.0,0.9556076876812976,0.0,0.0,0.0,0.0,0.0,0.0,0.0,0.0,0.0,0.4098320673625955,1.0379326415743608,0.0,1e-08
1605.0,0.9584942283007389,0.687174831,0.268738097,0.0,0.0,0.9584942283007389,0.0,0.0,0.0,0.0,0.0,0.0,0.0,0.0,0.0,0.3903166469061434,1.035425690778178,0.0,1e-08
1606.0,0.9720189987401987,0.643021187,0.261258367,0.0,0.0,0.9720189987401987,0.0,0.0,0.0,0.0,0.0,0.0,0.0,0.0,0.0,0.2901255544179747,1.0066069088914986,0.0,1e-08
1607.0,1.0022120423115068,0.480813214,0.300815527,0.0,0.0,0.9437570509423592,0.0584549913691477,0.0,0.0,0.0,0.0,0.0,0.0,0.0,0.0,0.0,1.1005623876992794,0.0,1.05e-08
1608.0,1.0347691369539302,0.167763869,0.384972833,0.0,0.0,0.3292928098729838,0.7054763270809465,0.0,0.0,0.0,0.0,0.0,0.0,0.0,0.0,0.0,0.7777922008637803,0.0,1.05e-08
1609.0,1.046272472419538,0.0019193,0.438688815,0.0,0.0,0.003767269399284168,1.0425052030202537,0.0,0.0,0.0,0.0,0.0,0.0,0.0,0.0,-4.336808689942018e-19,0.6477265667910632,0.0,1.05e-08
1610.0,1.0349854133653276,0.0,0.466031855,0.0,0.0,0.0,1.0349854133653276,0.0,0.0,0.0,0.0,0.0,0.0,0.0,0.0,0.0,0.760596831112688,0.0,1.05e-08
1611.0,0.9977751638519501,0.0,0.47096808,0.0,0.0,0.0,0.9977751638519501,0.0,0.0,0.0,0.0,0.0,0.0,0.0,0.0,0.0,0.8168259478336486,0.0,1.05e-08
1612.0,0.9529716850829798,0.0,0.472676813,0.0,0.0,0.0,0.9529716850829799,0.0,0.0,0.0,0.0,0.0,0.0,0.0,0.0,0.0,0.8682130337153848,0.0,1.05e-08
1613.0,0.9194959510297698,0.0,0.470651537,0.0,0.0,0.0,0.9194959510297698,0.0,0.0,0.0,0.0,0.0,0.0,0.0,0.0,0.0,0.8938855466223337,0.0,1.05e-08
1614.0,0.8964742906442992,0.0,0.466421831,0.0,0.0,0.0,0.8964742906442992,0.0,0.0,0.0,0.0,0.0,0.0,0.0,0.0,0.0,0.9006104991508658,0.0,1.05e-08
1615.0,0.8840223368593944,0.0,0.46229692,0.0,0.0,0.0,0.8840223368593945,0.0,0.0,0.0,0.0,0.0,0.0,0.0,0.0,0.0,0.8971695115580784,0.0,1.05e-08
1616.0,0.8811593510966399,0.0,0.460847057,0.0,0.0,0.0,0.8811593510966399,0.0,0.0,0.0,0.0,0.0,0.0,0.0,0.0,0.0,0.8944462949361792,0.0,1.05e-08
1617.0,0.8894420952479746,0.0,0.454600867,0.0,0.0,0.0,0.8894420952479746,0.0,0.0,0.0,0.0,0.0,0.0,0.0,0.0,0.0,0.8620974966314517,0.0,1.05e-08
1618.0,0.9237315425321845,0.0,0.441835097,0.0,0.0,0.0,0.9237315425321845,0.0,0.0,0.0,0.0,0.0,0.0,0.0,0.0,0.0,0.7786225919516522,0.0,1.05e-08
1619.0,0.9891712171094312,0.0,0.427511957,0.0,0.0,0.0,0.9891712171094312,0.0,0.0,0.0,0.0,0.0,0.0,0.0,0.0,0.0,0.6579970420029183,0.0,1.05e-08
1620.0,1.0349875547159355,0.0,0.409547353,0.0,0.0,0.0,1.0349875547159355,0.0,0.0,0.0,0.0,0.0,0.0,0.0,0.0,0.0,0.5429645690069593,0.0,1.05e-08
1621.0,1.0433088431782125,0.031107353,0.356770598,0.0,0.0,0.061058604204465454,0.9822502389737471,0.0,0.0,0.0,0.0,0.0,0.0,0.0,0.0,0.0,0.39235740693621723,0.0,1.05e-08
1622.0,1.0289318151968108,0.309266895,0.272301379,0.0,0.0,0.6070399154614338,0.42189189973537705,0.0,0.0,0.0,0.0,0.0,0.0,0.0,0.0,-1.1102230246251565e-16,0.6272628222723682,0.0,1.05e-08
1623.0,1.008383414763458,0.566989589,0.269730951,0.0,0.0,1.008383414763458,0.0,0.0,0.0,0.0,0.0,0.0,0.0,0.0,0.0,0.10452364945391657,1.039251075233408,0.0,1e-08
1624.0,0.9866015963799581,0.661844795,0.308697983,0.0,0.0,0.9866015963799581,0.0,0.0,0.0,0.0,0.0,0.0,0.0,0.0,0.0,0.3124905951893657,1.1893878309691435,0.0,1e-08
1625.0,0.9617769187826407,0.680522979,0.317813385,0.0,0.0,0.9617769187826407,0.0,0.0,0.0,0.0,0.0,0.0,0.0,0.0,0.0,0.37397746786686803,1.2245087219702089,0.0,1e-08
1626.0,0.9453120739585422,0.672136565,0.316668133,0.0,0.0,0.9453120739585422,0.0,0.0,0.0,0.0,0.0,0.0,0.0,0.0,0.0,0.3739811649642285,1.220096160608598,0.0,1e-08
1627.0,0.9316652465344325,0.662438584,0.314168547,0.0,0.0,0.9316652465344325,0.0,0.0,0.0,0.0,0.0,0.0,0.0,0.0,0.0,0.36859245492356496,1.2104654622089235,0.0,1e-08
1628.0,0.9243268380011791,0.66242909,0.311183584,0.0,0.0,0.9243268380011791,0.0,0.0,0.0,0.0,0.0,0.0,0.0,0.0,0.0,0.3759122283004195,1.1989646463189372,0.0,1e-08
1629.0,0.920806457601801,0.650924076,0.302670468,0.0,0.0,0.920806457601801,0.0,0.0,0.0,0.0,0.0,0.0,0.0,0.0,0.0,0.35685016344343523,1.1661643135288497,0.0,1e-08
1630.0,0.927648072794023,0.579176845,0.297987936,0.0,0.0,0.927648072794023,0.0,0.0,0.0,0.0,0.0,0.0,0.0,0.0,0.0,0.2091805652211124,1.1481229044959842,0.0,1e-08
1631.0,0.9514170645416485,0.400617234,0.361602822,0.0,0.0,0.7863455668598263,0.16507149768182228,0.0,0.0,0.0,0.0,0.0,0.0,0.0,0.0,1.1102230246251565e-16,1.2281543081728965,0.0,1.05e-08
1632.0,0.9725736085476433,0.118618522,0.464097167,0.0,0.0,0.23282859798828523,0.7397450105593582,0.0,0.0,0.0,0.0,0.0,0.0,0.0,0.0,0.0,1.0483830408540982,0.0,1.05e-08
1633.0,0.9789484093073443,0.001672561,0.507621691,0.0,0.0,0.0032829614305924693,0.9756654478767517,0.0,0.0,0.0,0.0,0.0,0.0,0.0,0.0,0.0,0.9801589995132358,0.0,1.05e-08
1634.0,0.9705800111316938,0.0,0.50819991,0.0,0.0,0.0,0.9705800111316939,0.0,0.0,0.0,0.0,0.0,0.0,0.0,0.0,0.0,0.987472266306134,0.0,1.05e-08
1635.0,0.9425989827383403,0.0,0.500570279,0.0,0.0,0.0,0.9425989827383403,0.0,0.0,0.0,0.0,0.0,0.0,0.0,0.0,0.0,0.9860569566411823,0.0,1.05e-08
1636.0,0.9060525519134099,0.0,0.490734273,0.0,0.0,0.0,0.9060525519134099,0.0,0.0,0.0,0.0,0.0,0.0,0.0,0.0,0.0,0.9847060687727818,0.0,1.05e-08
1637.0,0.8702213321915163,0.0,0.484726129,0.0,0.0,0.0,0.8702213321915163,0.0,0.0,0.0,0.0,0.0,0.0,0.0,0.0,0.0,0.9973884059173951,0.0,1.05e-08
1638.0,0.8442981417323491,0.0,0.47662776,0.0,0.0,0.0,0.8442981417323491,0.0,0.0,0.0,0.0,0.0,0.0,0.0,0.0,0.0,0.9921092495206137,0.0,1.05e-08
1639.0,0.8280602800726874,0.0,0.460277346,0.0,0.0,0.0,0.8280602800726874,0.0,0.0,0.0,0.0,0.0,0.0,0.0,0.0,0.0,0.9453503165335558,0.0,1.05e-08
1640.0,0.8208310804204365,0.0,0.44370951,0.0,0.0,0.0,0.8208310804204365,0.0,0.0,0.0,0.0,0.0,0.0,0.0,0.0,0.0,0.8887450125314938,0.0,1.05e-08
1641.0,0.8191158585835133,0.0,0.430674238,0.0,0.0,0.0,0.8191158585835133,0.0,0.0,0.0,0.0,0.0,0.0,0.0,0.0,0.0,0.8402364080268864,0.0,1.05e-08
1642.0,0.828754077669645,0.0,0.416955195,0.0,0.0,0.0,0.828754077669645,0.0,0.0,0.0,0.0,0.0,0.0,0.0,0.0,0.0,0.7777398494136628,0.0,1.05e-08
1643.0,0.8512746620128684,0.0,0.412495388,0.0,0.0,0.0,0.8512746620128684,0.0,0.0,0.0,0.0,0.0,0.0,0.0,0.0,0.0,0.7380359970661552,0.0,1.05e-08
1644.0,0.8769237595942251,0.0,0.399234674,0.0,0.0,0.0,0.8769237595942251,0.0,0.0,0.0,0.0,0.0,0.0,0.0,0.0,0.0,0.6612944637381025,0.0,1.05e-08
1645.0,0.8972430355125331,0.027569241,0.333218122,0.0,0.0,0.054113873798150594,0.8431291617143826,0.0,0.0,0.0,0.0,0.0,0.0,0.0,0.0,6.938893903907228e-18,0.44073273953163694,0.0,1.05e-08
1646.0,0.90997764757768,0.285847079,0.239468371,0.0,0.0,0.5610706786804898,0.3489069688971902,0.0,0.0,0.0,0.0,0.0,0.0,0.0,0.0,0.0,0.5737448851947886,0.0,1.05e-08
1647.0,0.9126736079930188,0.538411145,0.270990564,0.0,0.0,0.9126736079930188,0.0,0.0,0.0,0.0,0.0,0.0,0.0,0.0,0.0,0.1441386833590631,1.0441042600821426,0.0,1e-08
1648.0,0.9094808542366486,0.613488195,0.309011423,0.0,0.0,0.9094808542366486,0.0,0.0,0.0,0.0,0.0,0.0,0.0,0.0,0.0,0.2946953057412487,1.190595489399937,0.0,1e-08
1649.0,0.8998469178517325,0.604957385,0.310832051,0.0,0.0,0.8998469178517325,0.0,0.0,0.0,0.0,0.0,0.0,0.0,0.0,0.0,0.28758466886293976,1.197610218705511,0.0,1e-08
1650.0,0.8918189944227372,0.587338822,0.307409532,0.0,0.0,0.8918189944227372,0.0,0.0,0.0,0.0,0.0,0.0,0.0,0.0,0.0,0.26103025849875017,1.1844235356883412,0.0,1e-08
1651.0,0.8830929906955683,0.569099412,0.30727448,0.0,0.0,0.8830929906955683,0.0,0.0,0.0,0.0,0.0,0.0,0.0,0.0,0.0,0.23395530815203924,1.1839031914872324,0.0,1e-08
1652.0,0.8767802891034963,0.541761669,0.310016271,0.0,0.0,0.8767802891034963,0.0,0.0,0.0,0.0,0.0,0.0,0.0,0.0,0.0,0.18660852834495778,1.1944670857464985,0.0,1e-08
1653.0,0.8788659645955852,0.481980121,0.318776002,0.0,0.0,0.8788659645955852,0.0,0.0,0.0,0.0,0.0,0.0,0.0,0.0,0.0,0.06718153235985702,1.2282176057619247,0.0,1e-08
1654.0,0.8876262299324803,0.375344919,0.346465418,0.0,0.0,0.7367401800268298,0.15088604990565052,0.0,0.0,0.0,0.0,0.0,0.0,0.0,0.0,0.0,1.1840165886413516,0.0,1.05e-08
1655.0,0.9086285966947066,0.215240462,0.414947892,0.0,0.0,0.4224815328402994,0.4861470638544073,0.0,0.0,0.0,0.0,0.0,0.0,0.0,0.0,5.551115123125783e-17,1.112612890567123,0.0,1.05e-08
1656.0,0.9260698973960049,0.049020336,0.495148589,0.0,0.0,0.09621883590654302,0.8298510614894619,0.0,0.0,0.0,0.0,0.0,0.0,0.0,0.0,1.3877787807814457e-17,1.0779155541354346,0.0,1.05e-08
1657.0,0.9305303307122486,0.000802605,0.5163735,0.0,0.0,0.001575381262029109,0.9289549494502195,0.0,0.0,0.0,0.0,0.0,0.0,0.0,0.0,2.168404344971009e-19,1.0605894951435277,0.0,1.05e-08
1658.0,0.9198535565812881,0.0,0.509273059,0.0,0.0,0.0,0.9198535565812881,0.0,0.0,0.0,0.0,0.0,0.0,0.0,0.0,0.0,1.042333475314643,0.0,1.05e-08
1659.0,0.8937312205155867,0.0,0.480793384,0.0,0.0,0.0,0.8937312205155868,0.0,0.0,0.0,0.0,0.0,0.0,0.0,0.0,0.0,0.9587259759412959,0.0,1.05e-08
1660.0,0.8611248748091818,0.0,0.458056729,0.0,0.0,0.0,0.8611248748091818,0.0,0.0,0.0,0.0,0.0,0.0,0.0,0.0,0.0,0.9037298679123822,0.0,1.05e-08
1661.0,0.8300217572295184,0.0,0.444119814,0.0,0.0,0.0,0.8300217572295184,0.0,0.0,0.0,0.0,0.0,0.0,0.0,0.0,0.0,0.8811352031445291,0.0,1.05e-08
1662.0,0.8075354344960215,0.0,0.436976749,0.0,0.0,0.0,0.8075354344960215,0.0,0.0,0.0,0.0,0.0,0.0,0.0,0.0,0.0,0.876099886428825,0.0,1.05e-08
1663.0,0.791453891430736,0.0,0.432060056,0.0,0.0,0.0,0.791453891430736,0.0,0.0,0.0,0.0,0.0,0.0,0.0,0.0,0.0,0.8732378174692431,0.0,1.05e-08
1664.0,0.7895159691305917,0.0,0.428328752,0.0,0.0,0.0,0.7895159691305917,0.0,0.0,0.0,0.0,0.0,0.0,0.0,0.0,0.0,0.8607993336519344,0.0,1.05e-08
1665.0,0.790805062196544,0.0,0.417080952,0.0,0.0,0.0,0.7908050621965441,0.0,0.0,0.0,0.0,0.0,0.0,0.0,0.0,0.0,0.8161733962206119,0.0,1.05e-08
1666.0,0.8054968687173062,0.0,0.400279573,0.0,0.0,0.0,0.8054968687173062,0.0,0.0,0.0,0.0,0.0,0.0,0.0,0.0,0.0,0.7367472641564902,0.0,1.05e-08
1667.0,0.826143771278622,0.0,0.388980826,0.0,0.0,0.0,0.826143771278622,0.0,0.0,0.0,0.0,0.0,0.0,0.0,0.0,0.0,0.6725672226468736,0.0,1.05e-08
1668.0,0.8447563907624385,0.0,0.375805847,0.0,0.0,0.0,0.8447563907624385,0.0,0.0,0.0,0.0,0.0,0.0,0.0,0.0,0.0,0.6031924972899068,0.0,1.05e-08
1669.0,0.859073460926819,0.020645106,0.355869892,0.0,0.0,0.04052293861239929,0.8185505223144197,0.0,0.0,0.0,0.0,0.0,0.0,0.0,0.0,0.0,0.5525867777731658,0.0,1.05e-08
1670.0,0.8726431997290446,0.197520352,0.367871985,0.0,0.0,0.38769987903164554,0.484943320697399,0.0,0.0,0.0,0.0,0.0,0.0,0.0,0.0,5.551115123125783e-17,0.9324370523822116,0.0,1.05e-08
1671.0,0.8751742761475756,0.424797968,0.365870789,0.0,0.0,0.8338083601961627,0.04136591595141284,0.0,0.0,0.0,0.0,0.0,0.0,0.0,0.0,1.1102230246251565e-16,1.368304014233,0.0,1.05e-08
1672.0,0.8744226620842047,0.563477116,0.350900083,0.0,0.0,0.8744226620842047,0.0,0.0,0.0,0.0,0.0,0.0,0.0,0.0,0.0,0.2315899968558749,1.3519890365019402,0.0,1e-08
1673.0,0.8701356781672005,0.624852266,0.328237712,0.0,0.0,0.8701356781672004,0.0,0.0,0.0,0.0,0.0,0.0,0.0,0.0,0.0,0.35634627920015804,1.2646727928829855,0.0,1e-08
1674.0,0.8630756452129733,0.646572562,0.304346891,0.0,0.0,0.8630756452129733,0.0,0.0,0.0,0.0,0.0,0.0,0.0,0.0,0.0,0.40603967143339004,1.1726234328803253,0.0,1e-08
1675.0,0.8575252644373116,0.652581761,0.282247608,0.0,0.0,0.8575252644373117,0.0,0.0,0.0,0.0,0.0,0.0,0.0,0.0,0.0,0.4233851189036324,1.0874767208159861,0.0,1e-08
1676.0,0.8570862875626932,0.658826783,0.270344583,0.0,0.0,0.8570862875626932,0.0,0.0,0.0,0.0,0.0,0.0,0.0,0.0,0.0,0.4360820441336182,1.0416153486452406,0.0,1e-08
1677.0,0.8647501813883466,0.648370526,0.271326629,0.0,0.0,0.8647501813883466,0.0,0.0,0.0,0.0,0.0,0.0,0.0,0.0,0.0,0.4078942420981223,1.045399090769179,0.0,1e-08
1678.0,0.8807632012341794,0.611559424,0.277534601,0.0,0.0,1.0806334262351522,0.0,0.0,0.19987022500097285,0.0,0.0,0.0,0.0,0.0,0.0,0.119756874332269,1.0693178941252643,0.0,1e-08
1679.0,0.9077142399851358,0.470935821,0.302293338,0.0,0.0,0.9243693573073861,0.0,0.0,0.016655117322250366,0.0,0.17988320250087556,0.0,0.0,0.0,0.0,0.0,1.1647112627886596,0.0,1.0000136218855531e-08
1680.0,0.9335582004718109,0.18288983,0.367380429,0.0,0.0,0.35898257698081776,0.5745756234909931,0.0,0.0,0.0,0.19487035777588138,0.0,0.0,0.0,0.0,0.0,0.8409108249216724,0.0,1.05e-08
1681.0,0.9373740872550784,0.003269892,0.409711079,0.0,0.0,0.006418258776931227,0.9309558284781471,0.0,0.0,0.0,0.19486770331032885,0.0,0.0,0.0,0.0,0.0,0.64762711799947,0.0,1.05e-08
1682.0,0.9174959295619965,0.0,0.416537707,0.0,0.0,0.0,0.9174959295619965,0.0,0.0,0.0,0.1948650488809347,0.0,0.0,0.0,0.0,0.0,0.687389450740571,0.0,1.05e-08
1683.0,0.8852214931998151,0.0,0.402004826,0.0,0.0,0.0,0.8852214931998151,0.0,0.0,0.0,0.19486239448769838,0.0,0.0,0.0,0.0,0.0,0.6636698969822447,0.0,1.05e-08
1684.0,0.8463602623677512,0.0,0.388068715,0.0,0.0,0.0,0.8463602623677512,0.0,0.0,0.0,0.19485974013061938,0.0,0.0,0.0,0.0,0.0,0.6488364432123844,0.0,1.05e-08
1685.0,0.8194606160313842,0.0,0.375153416,0.0,0.0,0.0,0.8194606160313842,0.0,0.0,0.0,0.19485708580969727,0.0,0.0,0.0,0.0,0.0,0.6259745092668099,0.0,1.05e-08
1686.0,0.8032441678778015,0.0,0.361373269,0.0,0.0,0.0,0.8032441678778015,0.0,0.0,0.0,0.19485443152493148,0.0,0.0,0.0,0.0,0.0,0.5890971892283081,0.0,1.05e-08
1687.0,0.7993383443690024,0.0,0.346131349,0.0,0.0,0.0,0.7993383443690024,0.0,0.0,0.0,0.19485177727632158,0.0,0.0,0.0,0.0,0.0,0.5342771539140997,0.0,1.05e-08
1688.0,0.8079444324621292,0.0,0.331285371,0.0,0.0,0.0,0.8079444324621293,0.0,0.0,0.0,0.19484912306386706,0.0,0.0,0.0,0.0,0.0,0.4684707388203405,0.0,1.05e-08
1689.0,0.8397820333003002,0.0,0.312606156,0.0,0.0,0.0,0.8397820333003002,0.0,0.0,0.0,0.19484646888756743,0.0,0.0,0.0,0.0,0.0,0.3646636654344456,0.0,1.05e-08
1690.0,0.9056307058436548,0.0,0.29557713,0.0,0.0,0.0,0.9056307058436548,0.0,0.0,0.0,0.1948438147474222,0.0,0.0,0.0,0.0,0.0,0.23320356225969263,0.0,1.05e-08
1691.0,0.9727984503614722,0.0,0.280932608,0.0,0.0,0.0,0.9727984503614722,0.0,0.0,0.0,0.19484116064343088,0.0,0.0,0.0,0.0,0.0,0.10961168406957977,0.0,1.05e-08
1692.0,1.0064176549054111,0.0,0.254565575,0.0,0.0,0.0,0.9808201341200949,0.0,0.0,0.02559752078531616,0.19483850657559296,0.0,0.0,0.0,0.0,0.0,0.0,0.0,1.1113230258713772e-08
1693.0,1.023220833125557,0.044540482,0.19895552,0.0,0.0,0.0874256212514809,0.766559185429268,0.0,0.0,0.16923602644480804,0.16923833175859176,0.0,0.0,0.0,0.0,-1.3877787807814457e-17,0.0,0.0,1.1113381641864482e-08
1694.0,1.0295421001200606,0.386332154,0.195419015,0.0,0.0,0.7583063104901466,0.27123578962991407,0.0,0.0,0.0,0.0,0.0,0.0,0.0,0.0,0.0,0.4816975341390867,0.0,1.05e-08
1695.0,1.022771149497899,0.695676141,0.180203486,0.0,0.0,1.022771149497899,0.0,0.0,0.0,0.0,0.0,0.0,0.0,0.0,0.0,0.3427263953368833,0.6943091472891755,0.0,1e-08
1696.0,1.0088052608332132,0.772536975,0.176570153,0.0,0.0,1.0088052608332132,0.0,0.0,0.0,0.0,0.0,0.0,0.0,0.0,0.0,0.5075574264658322,0.6803102153426114,0.0,1e-08
1697.0,0.9943918298914772,0.780587615,0.185804019,0.0,0.0,0.9943918298914771,0.0,0.0,0.0,0.0,0.0,0.0,0.0,0.0,0.0,0.537772936142864,0.7158875383509049,0.0,1e-08
1698.0,0.979622934748831,0.7626225,0.198843827,0.0,0.0,0.9796229347488311,0.0,0.0,0.0,0.0,0.0,0.0,0.0,0.0,0.0,0.5172792730642205,0.7661288415257757,0.0,1e-08
1699.0,0.9682780592282075,0.752002874,0.216107886,0.0,0.0,0.9682780592282075,0.0,0.0,0.0,0.0,0.0,0.0,0.0,0.0,0.0,0.507779573968243,0.8326458348931516,0.0,1e-08
1700.0,0.9656527633829293,0.759501491,0.230105748,0.0,0.0,0.9656527633829293,0.0,0.0,0.0,0.0,0.0,0.0,0.0,0.0,0.0,0.5251234184307525,0.8865784409976282,0.0,1e-08
1701.0,0.9686677850388442,0.76916656,0.231795353,0.0,0.0,0.9686677850388442,0.0,0.0,0.0,0.0,0.0,0.0,0.0,0.0,0.0,0.5410793334109395,0.89308834950631,0.0,1e-08
1702.0,0.9765029869131291,0.738548707,0.220866558,0.0,0.0,1.2521909650962055,0.0,0.0,0.27568797818307633,0.0,0.0,0.0,0.0,0.0,0.0,0.19745835692848512,0.850980605057081,0.0,1e-08
1703.0,0.9953318828083428,0.570714243,0.2668026,0.0,0.0,1.1202179458081218,0.0,0.0,0.12488606299977893,0.0,0.2481191803647687,0.0,0.0,0.0,0.0,0.0,1.0279683807034399,0.0,1.0000136218855531e-08
1704.0,1.0203300098048997,0.195646992,0.351389569,0.0,0.0,0.3840227822766604,0.6363072275282394,0.0,0.0,0.0,0.3605132572595306,0.0,0.0,0.0,0.0,0.0,0.7175677581016219,0.0,1.05e-08
1705.0,1.0173685219141821,0.004306577,0.429025561,0.0,0.0,0.00845310047817486,1.0089154214360074,0.0,0.0,0.0,0.3605083464560942,0.0,0.0,0.0,0.0,1.734723475976807e-18,0.6440846288691802,0.0,1.05e-08
1706.0,0.9897515231241706,0.0,0.449971912,0.0,0.0,0.0,0.9897515231241706,0.0,0.0,0.0,0.3605034357195513,0.0,0.0,0.0,0.0,0.0,0.7439530874780899,0.0,1.05e-08
1707.0,0.9473870426975917,0.0,0.435292578,0.0,0.0,0.0,0.9473870426975917,0.0,0.0,0.0,0.36049852504990093,0.0,0.0,0.0,0.0,0.0,0.7297593064717407,0.0,1.05e-08
1708.0,0.9076392927138596,0.0,0.404169875,0.0,0.0,0.0,0.9076392927138596,0.0,0.0,0.0,0.3604936144471423,0.0,0.0,0.0,0.0,0.0,0.6495938524386303,0.0,1.05e-08
1709.0,0.8805661969782531,0.0,0.368648557,0.0,0.0,0.0,0.8805661969782532,0.0,0.0,0.0,0.36048870391127436,0.0,0.0,0.0,0.0,0.0,0.5398062438748332,0.0,1.05e-08
1710.0,0.8639942846237599,0.0,0.337756092,0.0,0.0,0.0,0.8639942846237599,0.0,0.0,0.0,0.3604837934422963,0.0,0.0,0.0,0.0,0.0,0.437352040209514,0.0,1.05e-08
1711.0,0.857940686455243,0.0,0.314928122,0.0,0.0,0.0,0.857940686455243,0.0,0.0,0.0,0.3604788830402072,0.0,0.0,0.0,0.0,0.0,0.3554513554900578,0.0,1.05e-08
1712.0,0.8643004977606888,0.0,0.296978771,0.0,0.0,0.0,0.8643004977606888,0.0,0.0,0.0,0.3604739727050061,0.0,0.0,0.0,0.0,0.0,0.27993417734430504,0.0,1.05e-08
1713.0,0.8937098070095078,0.0,0.27778051,0.0,0.0,0.0,0.8937098070095076,0.0,0.0,0.0,0.36046906243669213,0.0,0.0,0.0,0.0,0.0,0.1765555541814089,0.0,1.05e-08
1714.0,0.9600809691011886,0.0,0.264528413,0.0,0.0,0.0,0.9600809691011886,0.0,0.0,0.0,0.36046415223526435,0.0,0.0,0.0,0.0,0.0,0.05912515693229381,0.0,1.05e-08
1715.0,1.0255977323003194,0.0,0.257118485,0.0,0.0,0.0,0.9906562854873666,0.0,0.0,0.03494144681295276,0.3604592421007219,0.0,0.0,0.0,0.0,0.0,0.0,0.0,1.1113078877625157e-08
1716.0,1.0525915980634337,0.0,0.242706875,0.0,0.0,0.0,0.935129542513237,0.0,0.0,0.11746205555019677,0.325512885220111,0.0,0.0,0.0,0.0,0.0,0.0,0.0,1.1113230258713772e-08
1717.0,1.0516708173020393,0.043487662,0.196803634,0.0,0.0,0.08535910920596725,0.7582681464106138,0.0,0.0,0.20804356168545832,0.20804639563104568,0.0,0.0,0.0,0.0,0.0,0.0,0.0,1.1113381641864482e-08
1718.0,1.0341524279788568,0.381222787,0.182873583,0.0,0.0,0.74827746562545,0.28587496235340687,0.0,0.0,0.0,0.0,0.0,0.0,0.0,0.0,1.1102230246251565e-16,0.4187218481347446,0.0,1.05e-08
1719.0,1.0134712638078147,0.679344353,0.181167179,0.0,0.0,1.0134712638078147,0.0,0.0,0.0,0.0,0.0,0.0,0.0,0.0,0.0,0.3199696743641236,0.6980221768200169,0.0,1e-08
1720.0,0.9922205003750726,0.729578119,0.186444404,0.0,0.0,0.9922205003750726,0.0,0.0,0.0,0.0,0.0,0.0,0.0,0.0,0.0,0.4398210366936519,0.7183548888620198,0.0,1e-08
1721.0,0.9754473010634372,0.73338864,0.201977475,0.0,0.0,0.9754473010634372,0.0,0.0,0.0,0.0,0.0,0.0,0.0,0.0,0.0,0.464073660357202,0.7782025284398258,0.0,1e-08
1722.0,0.9621687859438853,0.722054046,0.218288997,0.0,0.0,0.9621687859438853,0.0,0.0,0.0,0.0,0.0,0.0,0.0,0.0,0.0,0.4551042365774104,0.8410494754229083,0.0,1e-08
1723.0,0.9503121276279751,0.710974067,0.234665573,0.0,0.0,0.9503121276279751,0.0,0.0,0.0,0.0,0.0,0.0,0.0,0.0,0.0,0.44521272325188277,0.9041470700947248,0.0,1e-08
1724.0,0.9457274959764737,0.714510639,0.245066357,0.0,0.0,0.9457274959764737,0.0,0.0,0.0,0.0,0.0,0.0,0.0,0.0,0.0,0.4567390625436518,0.9442204317730828,0.0,1e-08
1725.0,0.9454641098517027,0.713435305,0.246348337,0.0,0.0,0.9454641098517027,0.0,0.0,0.0,0.0,0.0,0.0,0.0,0.0,0.0,0.45489174535356325,0.94915979482537,0.0,1e-08
1726.0,0.9542607781489321,0.667449352,0.236974071,0.0,0.0,0.954260778148932,0.0,0.0,0.0,0.0,0.0,0.0,0.0,0.0,0.0,0.35583223459615587,0.9130415222136965,0.0,1e-08
1727.0,0.9794323545447284,0.50284948,0.269470932,0.0,0.0,0.9794323545447284,0.0,0.0,0.0,0.0,0.0,0.0,0.0,0.0,0.0,0.007578252681841646,1.0382492435031996,0.0,1e-08
1728.0,1.010284934103268,0.166131364,0.382068377,0.0,0.0,0.32608847176498695,0.6841964623382811,0.0,0.0,0.0,0.0,0.0,0.0,0.0,0.0,-5.551115123125783e-17,0.7878814365378218,0.0,1.05e-08
1729.0,1.0115718858186125,0.004312601,0.491057428,0.0,0.0,0.008464924596791695,1.0031069612218206,0.0,0.0,0.0,0.0,0.0,0.0,0.0,0.0,0.0,0.8888967489877351,0.0,1.05e-08
1730.0,0.9862504148802635,0.0,0.519360683,0.0,0.0,0.0,0.9862504148802635,0.0,0.0,0.0,0.0,0.0,0.0,0.0,0.0,0.0,1.0148033990801046,0.0,1.05e-08
1731.0,0.9458516943117316,0.0,0.516542283,0.0,0.0,0.0,0.9458516943117316,0.0,0.0,0.0,0.0,0.0,0.0,0.0,0.0,0.0,1.0443430572400447,0.0,1.05e-08
1732.0,0.9096864238950064,0.0,0.500779934,0.0,0.0,0.0,0.9096864238950064,0.0,0.0,0.0,0.0,0.0,0.0,0.0,0.0,0.0,1.0197772988826406,0.0,1.05e-08
1733.0,0.8841593832982996,0.0,0.482027445,0.0,0.0,0.0,0.8841593832982996,0.0,0.0,0.0,0.0,0.0,0.0,0.0,0.0,0.0,0.9730525482618365,0.0,1.05e-08
1734.0,0.8677116692790643,0.0,0.46638434,0.0,0.0,0.0,0.8677116692790643,0.0,0.0,0.0,0.0,0.0,0.0,0.0,0.0,0.0,0.929228670789745,0.0,1.05e-08
1735.0,0.8639000651970126,0.0,0.453107367,0.0,0.0,0.0,0.8639000651970126,0.0,0.0,0.0,0.0,0.0,0.0,0.0,0.0,0.0,0.8818851945410455,0.0,1.05e-08
1736.0,0.8712770180412082,0.0,0.439655054,0.0,0.0,0.0,0.8712770180412082,0.0,0.0,0.0,0.0,0.0,0.0,0.0,0.0,0.0,0.8226775908286581,0.0,1.05e-08
1737.0,0.8995085844556853,0.0,0.424167741,0.0,0.0,0.0,0.8995085844556853,0.0,0.0,0.0,0.0,0.0,0.0,0.0,0.0,0.0,0.734774686630901,0.0,1.05e-08
1738.0,0.9706314035462832,0.0,0.409166036,0.0,0.0,0.0,0.9706314035462832,0.0,0.0,0.0,0.0,0.0,0.0,0.0,0.0,0.0,0.6058515372712551,0.0,1.05e-08
1739.0,1.0354479450966327,0.0,0.398652146,0.0,0.0,0.0,1.0354479450966327,0.0,0.0,0.0,0.0,0.0,0.0,0.0,0.0,0.0,0.5005258459667647,0.0,1.05e-08
1740.0,1.0596559137188768,0.0,0.387221627,0.0,0.0,0.0,1.0596559137188768,0.0,0.0,0.0,0.0,0.0,0.0,0.0,0.0,0.0,0.4322770317641933,0.0,1.05e-08
1741.0,1.0558978434020223,0.050671929,0.299072614,0.0,0.0,0.09946064061084768,0.9564372027911747,0.0,0.0,0.0,0.0,0.0,0.0,0.0,0.0,1.3877787807814457e-17,0.1958648764476516,0.0,1.05e-08
1742.0,1.0399040957116605,0.378195026,0.217035253,0.0,0.0,0.7423344700730893,0.2975696256385713,0.0,0.0,0.0,0.0,0.0,0.0,0.0,0.0,-1.1102230246251565e-16,0.5386492777078404,0.0,1.05e-08
1743.0,1.0172378995271005,0.628971204,0.268963859,0.0,0.0,1.0172378995271005,0.0,0.0,0.0,0.0,0.0,0.0,0.0,0.0,0.0,0.2173288539039,1.0362955331169124,0.0,1e-08
1744.0,0.9962333914142663,0.702892881,0.302131431,0.0,0.0,0.9962333914142663,0.0,0.0,0.0,0.0,0.0,0.0,0.0,0.0,0.0,0.3834294239694611,1.1640874484906933,0.0,1e-08
1745.0,0.9784580400181365,0.700105199,0.317391308,0.0,0.0,0.9784580400181365,0.0,0.0,0.0,0.0,0.0,0.0,0.0,0.0,0.0,0.395733015300184,1.2228824941515064,0.0,1e-08
1746.0,0.9655842401634767,0.680666821,0.335969067,0.0,0.0,0.9655842401634767,0.0,0.0,0.0,0.0,0.0,0.0,0.0,0.0,0.0,0.37045248461187574,1.2944610651111925,0.0,1e-08
1747.0,0.9532222231041034,0.664617728,0.354760614,0.0,0.0,0.9532222231041034,0.0,0.0,0.0,0.0,0.0,0.0,0.0,0.0,0.0,0.3513127786757997,1.3668633435766293,0.0,1e-08
1748.0,0.9484791315076178,0.65228136,0.372222079,0.0,0.0,0.9484791315076178,0.0,0.0,0.0,0.0,0.0,0.0,0.0,0.0,0.0,0.3318416142077263,1.4341409259568603,0.0,1e-08
1749.0,0.9496418848877043,0.627214948,0.390278475,0.0,0.0,0.9496418848877043,0.0,0.0,0.0,0.0,0.0,0.0,0.0,0.0,0.0,0.28147762762936457,1.5037107283405706,0.0,1e-08
1750.0,0.9563593017446684,0.56002346,0.412245948,0.0,0.0,0.9563593017446684,0.0,0.0,0.0,0.0,0.0,0.0,0.0,0.0,0.0,0.14287439998994367,1.5883495873620213,0.0,1e-08
1751.0,0.977982660183184,0.427362357,0.523244377,0.0,0.0,0.838841832924533,0.13914082725865112,0.0,0.0,0.0,0.0,0.0,0.0,0.0,0.0,0.0,1.8768765389022115,0.0,1.05e-08
1752.0,1.008728172211329,0.176976239,0.668481864,0.0,0.0,0.34737517302407195,0.6613529991872571,0.0,0.0,0.0,0.0,0.0,0.0,0.0,0.0,0.0,1.91425240820269,0.0,1.05e-08
1753.0,1.0118181411385203,0.004957065,0.749658638,0.0,0.0,0.00972990115394288,1.0020882399845774,0.0,0.0,0.0,0.0,0.0,0.0,0.0,0.0,1.734723475976807e-18,1.8862845726686956,0.0,1.05e-08
1754.0,0.9881562169212894,0.0,0.766963313,0.0,0.0,0.0,0.9881562169212894,0.0,0.0,0.0,0.0,0.0,0.0,0.0,0.0,0.0,1.9668900791925994,0.0,1.05e-08
1755.0,0.9495048384487991,0.0,0.764972728,0.0,0.0,0.0,0.9495048384487991,0.0,0.0,0.0,0.0,0.0,0.0,0.0,0.0,0.0,1.9978718980764558,0.0,1.05e-08
1756.0,0.9125729645144478,0.0,0.752021289,0.0,0.0,0.0,0.9125729645144478,0.0,0.0,0.0,0.0,0.0,0.0,0.0,0.0,0.0,1.984902947293921,0.0,1.05e-08
1757.0,0.8875213037526936,0.0,0.728520146,0.0,0.0,0.0,0.8875213037526936,0.0,0.0,0.0,0.0,0.0,0.0,0.0,0.0,0.0,1.919406645200778,0.0,1.05e-08
1758.0,0.8716132100866475,0.0,0.699203146,0.0,0.0,0.0,0.8716132100866475,0.0,0.0,0.0,0.0,0.0,0.0,0.0,0.0,0.0,1.8223587593633157,0.0,1.05e-08
1759.0,0.8657780296801358,0.0,0.667435591,0.0,0.0,0.0,0.8657780296801358,0.0,0.0,0.0,0.0,0.0,0.0,0.0,0.0,0.0,1.7057961742598309,0.0,1.05e-08
1760.0,0.8733327146247866,0.0,0.637264677,0.0,0.0,0.0,0.8733327146247866,0.0,0.0,0.0,0.0,0.0,0.0,0.0,0.0,0.0,1.5819954497004134,0.0,1.05e-08
1761.0,0.9046606740182787,0.0,0.600428715,0.0,0.0,0.0,0.9046606740182787,0.0,0.0,0.0,0.0,0.0,0.0,0.0,0.0,0.0,1.4087415712611793,0.0,1.05e-08
1762.0,0.9713466146493199,0.0,0.561048294,0.0,0.0,0.0,0.9713466146493199,0.0,0.0,0.0,0.0,0.0,0.0,0.0,0.0,0.0,1.1903261212220975,0.0,1.05e-08
1763.0,1.032955412989044,0.0,0.529394829,0.0,0.0,0.0,1.032955412989044,0.0,0.0,0.0,0.0,0.0,0.0,0.0,0.0,0.0,1.0067591367188842,0.0,1.05e-08
1764.0,1.0493945616058478,0.0,0.493026031,0.0,0.0,0.0,1.0493945616058478,0.0,0.0,0.0,0.0,0.0,0.0,0.0,0.0,0.0,0.8501940133619894,0.0,1.05e-08
1765.0,1.0355014788618302,0.042133722,0.390637009,0.0,0.0,0.08270154825641958,0.9527999306054107,0.0,0.0,0.0,0.0,0.0,0.0,0.0,0.0,0.0,0.5522921996233241,0.0,1.05e-08
1766.0,1.012940208857057,0.36341336,0.328591634,0.0,0.0,0.7133204972745485,0.29961971158250844,0.0,0.0,0.0,0.0,0.0,0.0,0.0,0.0,0.0,0.9664167135335787,0.0,1.05e-08
1767.0,0.9857857417983505,0.601992353,0.438125115,0.0,0.0,0.9857857417983505,0.0,0.0,0.0,0.0,0.0,0.0,0.0,0.0,0.0,0.19582597604668284,1.6880598802712505,0.0,1e-08
1768.0,0.9583743126666968,0.67150757,0.491852331,0.0,0.0,0.9583743126666968,0.0,0.0,0.0,0.0,0.0,0.0,0.0,0.0,0.0,0.3596843127950191,1.8950664058119457,0.0,1e-08
1769.0,0.9399501320363751,0.666701951,0.51655135,0.0,0.0,0.9399501320363751,0.0,0.0,0.0,0.0,0.0,0.0,0.0,0.0,0.0,0.3686758557953095,1.990229685953869,0.0,1e-08
1770.0,0.9299221871396066,0.651819925,0.540215294,0.0,0.0,0.9299221871396066,0.0,0.0,0.0,0.0,0.0,0.0,0.0,0.0,0.0,0.3494928377633273,2.081404907614891,0.0,1e-08
1771.0,0.9215859092230745,0.637242817,0.56476683,0.0,0.0,0.9215859092230745,0.0,0.0,0.0,0.0,0.0,0.0,0.0,0.0,0.0,0.32921665650283627,2.1759999479394687,0.0,1e-08
1772.0,0.9153246000455918,0.626033927,0.58671636,0.0,0.0,0.9153246000455918,0.0,0.0,0.0,0.0,0.0,0.0,0.0,0.0,0.0,0.3134767630038525,2.260569674063958,0.0,1e-08
1773.0,0.9119091458260006,0.598701095,0.604254121,0.0,0.0,0.9119091458260006,0.0,0.0,0.0,0.0,0.0,0.0,0.0,0.0,0.0,0.26324237530744565,2.328141218630367,0.0,1e-08
1774.0,0.9128877430538083,0.543629294,0.630698864,0.0,0.0,0.9128877430538083,0.0,0.0,0.0,0.0,0.0,0.0,0.0,0.0,0.0,0.154166914290357,2.4300306291527103,0.0,1e-08
1775.0,0.9334618396944557,0.417579242,0.693389482,0.0,0.0,0.8196391914567175,0.11382264823773816,0.0,0.0,0.0,0.0,0.0,0.0,0.0,0.0,1.1102230246251565e-16,2.5577497540114784,0.0,1.05e-08
1776.0,0.9606826886220068,0.18636387,0.756919954,0.0,0.0,0.3658015446168773,0.5948811440051295,0.0,0.0,0.0,0.0,0.0,0.0,0.0,0.0,0.0,2.321468919433166,0.0,1.05e-08
1777.0,0.9618433006514855,0.006108173,0.76848355,0.0,0.0,0.011989336335348185,0.9498539643161373,0.0,0.0,0.0,0.0,0.0,0.0,0.0,0.0,0.0,2.0110496793917236,0.0,1.05e-08
1778.0,0.9387531170465623,0.0,0.74588508,0.0,0.0,0.0,0.9387531170465623,0.0,0.0,0.0,0.0,0.0,0.0,0.0,0.0,0.0,1.935080488317312,0.0,1.05e-08
1779.0,0.9008662007410901,0.0,0.71993236,0.0,0.0,0.0,0.9008662007410901,0.0,0.0,0.0,0.0,0.0,0.0,0.0,0.0,0.0,1.872973718079813,0.0,1.05e-08
1780.0,0.8641206243096257,0.0,0.696958918,0.0,0.0,0.0,0.8641206243096257,0.0,0.0,0.0,0.0,0.0,0.0,0.0,0.0,0.0,1.8212045200228566,0.0,1.05e-08
1781.0,0.8349575703807146,0.0,0.677097353,0.0,0.0,0.0,0.8349575703807146,0.0,0.0,0.0,0.0,0.0,0.0,0.0,0.0,0.0,1.7738426045126159,0.0,1.05e-08
1782.0,0.8159166807753193,0.0,0.659602121,0.0,0.0,0.0,0.8159166807753193,0.0,0.0,0.0,0.0,0.0,0.0,0.0,0.0,0.0,1.7254758102758339,0.0,1.05e-08
1783.0,0.80881810351015,0.0,0.643660355,0.0,0.0,0.0,0.80881810351015,0.0,0.0,0.0,0.0,0.0,0.0,0.0,0.0,0.0,1.671152079885181,0.0,1.05e-08
1784.0,0.814627587709367,0.0,0.62496093,0.0,0.0,0.0,0.814627587709367,0.0,0.0,0.0,0.0,0.0,0.0,0.0,0.0,0.0,1.5932952556775253,0.0,1.05e-08
1785.0,0.8419983311794708,0.0,0.600725331,0.0,0.0,0.0,0.8419983311794706,0.0,0.0,0.0,0.0,0.0,0.0,0.0,0.0,0.0,1.4725467510483932,0.0,1.05e-08
1786.0,0.9059968767976047,0.0,0.578176317,0.0,0.0,0.0,0.9059968767976047,0.0,0.0,0.0,0.0,0.0,0.0,0.0,0.0,0.0,1.3216687169693553,0.0,1.05e-08
1787.0,0.9662202212940212,0.0,0.562123257,0.0,0.0,0.0,0.9662202212940212,0.0,0.0,0.0,0.0,0.0,0.0,0.0,0.0,0.0,1.1995942582276684,0.0,1.05e-08
1788.0,0.9895480948164206,0.0,0.531450864,0.0,0.0,0.0,0.9895480948164206,0.0,0.0,0.0,0.0,0.0,0.0,0.0,0.0,0.0,1.0580881879241675,0.0,1.05e-08
1789.0,0.9939014606022695,0.05613135,0.495004413,0.0,0.0,0.1101765837521541,0.8837248768501155,0.0,0.0,0.0,0.0,0.0,0.0,0.0,0.0,1.3877787807814457e-17,1.0234862405552874,0.0,1.05e-08
1790.0,0.9898864282124679,0.426470483,0.472893276,0.0,0.0,0.8370912313363407,0.1527951968761272,0.0,0.0,0.0,0.0,0.0,0.0,0.0,0.0,1.1102230246251565e-16,1.6692235359820413,0.0,1.05e-08
1791.0,0.9764922801600897,0.669049486,0.50123807,0.0,0.0,0.9764922801600897,0.0,0.0,0.0,0.0,0.0,0.0,0.0,0.0,0.0,0.33674153175811017,1.931228882944984,0.0,1e-08
1792.0,0.9604085957441963,0.731975951,0.499126037,0.0,0.0,0.9604085957441962,0.0,0.0,0.0,0.0,0.0,0.0,0.0,0.0,0.0,0.4763394901278547,1.9230913942435912,0.0,1e-08
1793.0,0.9498410304942384,0.736066086,0.495855741,0.0,0.0,0.9498410304942384,0.0,0.0,0.0,0.0,0.0,0.0,0.0,0.0,0.0,0.49493531590219186,1.910491213872257,0.0,1e-08
1794.0,0.9400357860606909,0.721965645,0.50130685,0.0,0.0,0.9400357860606909,0.0,0.0,0.0,0.0,0.0,0.0,0.0,0.0,0.0,0.47706371987530494,1.9314938866039617,0.0,1e-08
1795.0,0.9301877146149855,0.706209226,0.508735297,0.0,0.0,0.9301877146149855,0.0,0.0,0.0,0.0,0.0,0.0,0.0,0.0,0.0,0.4559845391243762,1.9601150793274633,0.0,1e-08
1796.0,0.9269093068342994,0.700139306,0.513853712,0.0,0.0,0.9269093068342994,0.0,0.0,0.0,0.0,0.0,0.0,0.0,0.0,0.0,0.4473486949006321,1.9798359095566973,0.0,1e-08
1797.0,0.9273996761235073,0.683113761,0.509469076,0.0,0.0,0.9273996761235074,0.0,0.0,0.0,0.0,0.0,0.0,0.0,0.0,0.0,0.4134399883610539,1.9629422692065135,0.0,1e-08
1798.0,0.9277679884280651,0.627134408,0.485455959,0.0,0.0,1.0785053122276569,0.0,0.0,0.15073732379959187,0.0,0.0,0.0,0.0,0.0,0.0,0.1524561135507998,1.870421712817137,0.0,1e-08
1799.0,0.9388773153818202,0.470460062,0.482848971,0.0,0.0,0.9234355208450644,0.015441794536755737,0.0,0.0,0.0,0.13566359141963266,0.0,0.0,0.0,0.0,1.1102230246251565e-16,1.8449354088457905,0.0,1.05e-08
1800.0,0.9548517909167109,0.164140313,0.488477104,0.0,0.0,0.32218036698474717,0.6326714239319637,0.0,0.0,0.0,0.13566174345088944,0.0,0.0,0.0,0.0,0.0,1.2493905110326347,0.0,1.05e-08
1801.0,0.9510872965480328,0.005813847,0.478021926,0.0,0.0,0.011411622932954753,0.9396756736150781,0.0,0.0,0.0,0.1356598955073187,0.0,0.0,0.0,0.0,0.0,0.9021033240819439,0.0,1.05e-08
1802.0,0.9298386744658987,0.0,0.45317854,0.0,0.0,0.0,0.9298386744658986,0.0,0.0,0.0,0.13565804758892006,0.0,0.0,0.0,0.0,0.0,0.8162208089624827,0.0,1.05e-08
1803.0,0.8936755453997814,0.0,0.432251276,0.0,0.0,0.0,0.8936755453997814,0.0,0.0,0.0,0.13565619969569323,0.0,0.0,0.0,0.0,0.0,0.7717529183659976,0.0,1.05e-08
1804.0,0.8549941880187806,0.0,0.415548817,0.0,0.0,0.0,0.8549941880187805,0.0,0.0,0.0,0.13565435182763783,0.0,0.0,0.0,0.0,0.0,0.7460810807931427,0.0,1.05e-08
1805.0,0.8247497520328829,0.0,0.397750189,0.0,0.0,0.0,0.8247497520328829,0.0,0.0,0.0,0.13565250398475354,0.0,0.0,0.0,0.0,0.0,0.7077488732084644,0.0,1.05e-08
1806.0,0.8023255284670149,0.0,0.375277737,0.0,0.0,0.0,0.8023255284670149,0.0,0.0,0.0,0.13565065616704,0.0,0.0,0.0,0.0,0.0,0.6435885953756363,0.0,1.05e-08
1807.0,0.7899356738497391,0.0,0.354942708,0.0,0.0,0.0,0.7899356738497391,0.0,0.0,0.0,0.13564880837449692,0.0,0.0,0.0,0.0,0.0,0.5776292628684708,0.0,1.05e-08
1808.0,0.7870277197242187,0.0,0.338740841,0.0,0.0,0.0,0.7870277197242187,0.0,0.0,0.0,0.13564696060712386,0.0,0.0,0.0,0.0,0.0,0.5181127616687339,0.0,1.05e-08
1809.0,0.7939357167852854,0.0,0.31448791,0.0,0.0,0.0,0.7939357167852854,0.0,0.0,0.0,0.1356451128649206,0.0,0.0,0.0,0.0,0.0,0.4177602246842096,0.0,1.05e-08
1810.0,0.8161243917842851,0.0,0.291968664,0.0,0.0,0.0,0.8161243917842851,0.0,0.0,0.0,0.13564326514788666,0.0,0.0,0.0,0.0,0.0,0.3088067548695581,0.0,1.05e-08
1811.0,0.8487500096461611,0.0,0.271512421,0.0,0.0,0.0,0.8487500096461611,0.0,0.0,0.0,0.13564141745602182,0.0,0.0,0.0,0.0,0.0,0.19736492235315461,0.0,1.05e-08
1812.0,0.8780115657030354,0.0,0.246245123,0.0,0.0,0.0,0.8780115657030354,0.0,0.0,0.0,0.13563956978932568,0.0,0.0,0.0,0.0,0.0,0.07075055410550235,0.0,1.05e-08
1813.0,0.8983672445816776,0.035301758,0.179977863,0.0,0.0,0.0692915295442792,0.6934398405059603,0.0,0.0,0.1356358745314381,0.13563772214779787,0.0,0.0,0.0,0.0,0.0,0.0,0.0,1.1113381641864482e-08
1814.0,0.9093052634868012,0.370110452,0.143493368,0.0,0.0,0.726465784491654,0.1828394789951471,0.0,0.0,0.0,0.0,0.0,0.0,0.0,0.0,1.1102230246251565e-16,0.3700286157859487,0.0,1.05e-08
1815.0,0.909754947114459,0.662947188,0.163978609,0.0,0.0,0.909754947114459,0.0,0.0,0.0,0.0,0.0,0.0,0.0,0.0,0.0,0.3915010601245801,0.6317960363344753,0.0,1e-08
1816.0,0.9002323609611534,0.72199222,0.180438148,0.0,0.0,0.9002323609611534,0.0,0.0,0.0,0.0,0.0,0.0,0.0,0.0,0.0,0.5169193073175119,0.6952132805927963,0.0,1e-08
1817.0,0.8902065574149929,0.731112763,0.187509442,0.0,0.0,0.8902065574149929,0.0,0.0,0.0,0.0,0.0,0.0,0.0,0.0,0.0,0.5448472327564229,0.7224583923070673,0.0,1e-08
1818.0,0.8807674839353952,0.721558903,0.192185289,0.0,0.0,0.8807674839353952,0.0,0.0,0.0,0.0,0.0,0.0,0.0,0.0,0.0,0.5355336545280827,0.740474044587094,0.0,1e-08
1819.0,0.8754911960375439,0.717144092,0.198347538,0.0,0.0,0.8754911960375438,0.0,0.0,0.0,0.0,0.0,0.0,0.0,0.0,0.0,0.5321443964540051,0.7642166810007622,0.0,1e-08
1820.0,0.8747631368308598,0.723440318,0.206097019,0.0,0.0,0.8747631368308598,0.0,0.0,0.0,0.0,0.0,0.0,0.0,0.0,0.0,0.5452309090242994,0.7940747912098159,0.0,1e-08
1821.0,0.8761614387778148,0.716542191,0.211064372,0.0,0.0,0.8761614387778148,0.0,0.0,0.0,0.0,0.0,0.0,0.0,0.0,0.0,0.5302927213067637,0.8132135920303192,0.0,1e-08
1822.0,0.8783242028917879,0.665656113,0.216919951,0.0,0.0,0.9699338920304835,0.0,0.0,0.09160968913869551,0.0,0.0,0.0,0.0,0.0,0.0,0.3366392882703263,0.8357746542640121,0.0,1e-08
1823.0,0.8857289932938861,0.492690072,0.239105823,0.0,0.0,0.9670693646520675,0.0,0.0,0.0813403713581814,0.0,0.08244872022482595,0.0,0.0,0.0,0.0,0.0,0.9212549865933588,0.0,1.0000136218855531e-08
1824.0,0.9031488804891054,0.162448696,0.33311144,0.0,0.0,0.31886000176856993,0.5842888787205354,0.0,0.0,0.0,0.15565393135545694,0.0,0.0,0.0,0.0,5.551115123125783e-17,0.699161985591098,0.0,1.05e-08
1825.0,0.9014914751185953,0.006835732,0.393290781,0.0,0.0,0.013417414674781202,0.8880740604438141,0.0,0.0,0.0,0.1556518110843002,0.0,0.0,0.0,0.0,0.0,0.6272428341072928,0.0,1.05e-08
1826.0,0.8852536134589336,0.0,0.392720979,0.0,0.0,0.0,0.8852536134589336,0.0,0.0,0.0,0.15564969084202515,0.0,0.0,0.0,0.0,0.0,0.6278678810501138,0.0,1.05e-08
1827.0,0.8527329217768443,0.0,0.379739922,0.0,0.0,0.0,0.8527329217768443,0.0,0.0,0.0,0.1556475706286314,0.0,0.0,0.0,0.0,0.0,0.6103736323076755,0.0,1.05e-08
1828.0,0.8167518075123981,0.0,0.363138618,0.0,0.0,0.0,0.8167518075123981,0.0,0.0,0.0,0.1556454504441186,0.0,0.0,0.0,0.0,0.0,0.5823912934781659,0.0,1.05e-08
1829.0,0.788862857195184,0.0,0.346261272,0.0,0.0,0.0,0.788862857195184,0.0,0.0,0.0,0.15564333028848626,0.0,0.0,0.0,0.0,0.0,0.545253223675667,0.0,1.05e-08
1830.0,0.7688776319717074,0.0,0.330012494,0.0,0.0,0.0,0.7688776319717074,0.0,0.0,0.0,0.15564121016173407,0.0,0.0,0.0,0.0,0.0,0.5026332493655945,0.0,1.05e-08
1831.0,0.7568496656071657,0.0,0.314623272,0.0,0.0,0.0,0.7568496656071658,0.0,0.0,0.0,0.1556390900638616,0.0,0.0,0.0,0.0,0.0,0.45536781446783314,0.0,1.05e-08
1832.0,0.7526825973242036,0.0,0.300040553,0.0,0.0,0.0,0.7526825973242036,0.0,0.0,0.0,0.1556369699948685,0.0,0.0,0.0,0.0,0.0,0.4033488709327572,0.0,1.05e-08
1833.0,0.7573271867927261,0.0,0.279285296,0.0,0.0,0.0,0.7573271867927261,0.0,0.0,0.0,0.15563484995475432,0.0,0.0,0.0,0.0,0.0,0.31873599056536894,0.0,1.05e-08
1834.0,0.7725757444715408,0.0,0.254649495,0.0,0.0,0.0,0.7725757444715408,0.0,0.0,0.0,0.1556327299435187,0.0,0.0,0.0,0.0,0.0,0.20856772647701327,0.0,1.05e-08
1835.0,0.7956552213234245,0.0,0.234650789,0.0,0.0,0.0,0.7956552213234245,0.0,0.0,0.0,0.15563060996116126,0.0,0.0,0.0,0.0,0.0,0.1084348872404145,0.0,1.05e-08
1836.0,0.8220752051236231,0.0,0.213469558,0.0,0.0,0.0,0.8220752051236231,0.0,0.0,0.0,0.15562849000768156,0.0,0.0,0.0,0.0,0.0,0.00040536990352812996,0.0,1.05e-08
1837.0,0.8429298186939047,0.039365673,0.158331254,0.0,0.0,0.07726832453244774,0.6100372439741031,0.0,0.0,0.15562425018735387,0.15562637008307922,0.0,0.0,0.0,0.0,1.3877787807814457e-17,0.0,0.0,1.1113381641864482e-08
1838.0,0.852698660167118,0.328508705,0.13574747,0.0,0.0,0.6448084154352992,0.20789024473181886,0.0,0.0,0.0,0.0,0.0,0.0,0.0,0.0,0.0,0.31513354484327816,0.0,1.05e-08
1839.0,0.8528078690481207,0.636763528,0.173542794,0.0,0.0,0.8528078690481208,0.0,0.0,0.0,0.0,0.0,0.0,0.0,0.0,0.0,0.3970539314075804,0.6686460511664077,0.0,1e-08
1840.0,0.8527436285298838,0.710616945,0.196069583,0.0,0.0,0.8527436285298838,0.0,0.0,0.0,0.0,0.0,0.0,0.0,0.0,0.0,0.5420802507549077,0.7554399085380302,0.0,1e-08
1841.0,0.8518592507288235,0.729865899,0.213869978,0.0,0.0,0.8518592507288235,0.0,0.0,0.0,0.0,0.0,0.0,0.0,0.0,0.0,0.5807471510237575,0.8240233602136572,0.0,1e-08
1842.0,0.8492767818957031,0.720150916,0.228059463,0.0,0.0,0.8492767818957031,0.0,0.0,0.0,0.0,0.0,0.0,0.0,0.0,0.0,0.5642607102698068,0.8786942739096472,0.0,1e-08
1843.0,0.8473045979858326,0.709780554,0.242739325,0.0,0.0,0.8473045979858326,0.0,0.0,0.0,0.0,0.0,0.0,0.0,0.0,0.0,0.5458775836903845,0.9352545696829642,0.0,1e-08
1844.0,0.8524866664569365,0.708241756,0.255982564,0.0,0.0,0.8524866664569365,0.0,0.0,0.0,0.0,0.0,0.0,0.0,0.0,0.0,0.5376751084996018,0.9862796756980429,0.0,1e-08
1845.0,0.8635424596454943,0.692442971,0.267924049,0.0,0.0,0.8635424596454943,0.0,0.0,0.0,0.0,0.0,0.0,0.0,0.0,0.0,0.4956089056427432,1.0322892310721075,0.0,1e-08
1846.0,0.8756560800343518,0.638806817,0.282881676,0.0,0.0,0.8756560800343518,0.0,0.0,0.0,0.0,0.0,0.0,0.0,0.0,0.0,0.37821635978132107,1.0899197324478664,0.0,1e-08
1847.0,0.896840461598249,0.488599854,0.315816105,0.0,0.0,0.896840461598249,0.0,0.0,0.0,0.0,0.0,0.0,0.0,0.0,0.0,0.062200479614126336,1.2168133670995618,0.0,1e-08
1848.0,0.9235495277305135,0.199314194,0.380784112,0.0,0.0,0.3912208950654864,0.5323286326650271,0.0,0.0,0.0,0.0,0.0,0.0,0.0,0.0,0.0,0.9348010992425227,0.0,1.05e-08
1849.0,0.922082702564106,0.004000873,0.42339123,0.0,0.0,0.00785305393806192,0.9142296486260441,0.0,0.0,0.0,0.0,0.0,0.0,0.0,0.0,1.734723475976807e-18,0.7170617897150277,0.0,1.05e-08
1850.0,0.8982751665055382,0.0,0.435524632,0.0,0.0,0.0,0.8982751665055382,0.0,0.0,0.0,0.0,0.0,0.0,0.0,0.0,0.0,0.7797652675588282,0.0,1.05e-08
1851.0,0.8573603804405037,0.0,0.431004761,0.0,0.0,0.0,0.8573603804405037,0.0,0.0,0.0,0.0,0.0,0.0,0.0,0.0,0.0,0.8032653639886851,0.0,1.05e-08
1852.0,0.816914550158598,0.0,0.435100713,0.0,0.0,0.0,0.816914550158598,0.0,0.0,0.0,0.0,0.0,0.0,0.0,0.0,0.0,0.8594925590132093,0.0,1.05e-08
1853.0,0.7879399350831816,0.0,0.442710713,0.0,0.0,0.0,0.7879399350831816,0.0,0.0,0.0,0.0,0.0,0.0,0.0,0.0,0.0,0.9177878755253929,0.0,1.05e-08
1854.0,0.7703615879429782,0.0,0.453155964,0.0,0.0,0.0,0.7703615879429782,0.0,0.0,0.0,0.0,0.0,0.0,0.0,0.0,0.0,0.9756109120221133,0.0,1.05e-08
1855.0,0.7612073140942304,0.0,0.464511616,0.0,0.0,0.0,0.7612073140942304,0.0,0.0,0.0,0.0,0.0,0.0,0.0,0.0,0.0,1.0285175750839788,0.0,1.05e-08
1856.0,0.7653187072613873,0.0,0.476603684,0.0,0.0,0.0,0.7653187072613873,0.0,0.0,0.0,0.0,0.0,0.0,0.0,0.0,0.0,1.0709959211521811,0.0,1.05e-08
1857.0,0.7973533123554846,0.0,0.487484278,0.0,0.0,0.0,0.7973533123554846,0.0,0.0,0.0,0.0,0.0,0.0,0.0,0.0,0.0,1.0808833460355711,0.0,1.05e-08
1858.0,0.8627051915578077,0.0,0.493614043,0.0,0.0,0.0,0.8627051915578077,0.0,0.0,0.0,0.0,0.0,0.0,0.0,0.0,0.0,1.0391489450779976,0.0,1.05e-08
1859.0,0.9255880935092288,0.0,0.502044407,0.0,0.0,0.0,0.9255880935092288,0.0,0.0,0.0,0.0,0.0,0.0,0.0,0.0,0.0,1.0087475392957312,0.0,1.05e-08
1860.0,0.9516483304073011,0.0,0.486921521,0.0,0.0,0.0,0.9516483304073011,0.0,0.0,0.0,0.0,0.0,0.0,0.0,0.0,0.0,0.9244200717447992,0.0,1.05e-08
1861.0,0.9644450416400769,0.067453644,0.419821068,0.0,0.0,0.13240037977981978,0.832044661860257,0.0,0.0,0.0,0.0,0.0,0.0,0.0,0.0,-2.7755575615628914e-17,0.7854912371795151,0.0,1.05e-08
1862.0,0.9687984074259258,0.441154797,0.461902338,0.0,0.0,0.8659141182126394,0.10288428921328638,0.0,0.0,0.0,0.0,0.0,0.0,0.0,0.0,0.0,1.6767872673494792,0.0,1.05e-08
1863.0,0.9625092606905405,0.764086246,0.512243489,0.0,0.0,0.9625092606905405,0.0,0.0,0.0,0.0,0.0,0.0,0.0,0.0,0.0,0.5372660391425832,1.9736318533373,0.0,1e-08
1864.0,0.9529609783299403,0.821911941,0.502167463,0.0,0.0,0.9529609783299403,0.0,0.0,0.0,0.0,0.0,0.0,0.0,0.0,0.0,0.6603166250856561,1.934809757408903,0.0,1e-08
1865.0,0.9460636880219131,0.818079063,0.4864811,0.0,0.0,0.9460636880219131,0.0,0.0,0.0,0.0,0.0,0.0,0.0,0.0,0.0,0.6596906079375329,1.8743714964165572,0.0,1e-08
1866.0,0.9399736868930619,0.801579822,0.475704229,0.0,0.0,0.9399736868930619,0.0,0.0,0.0,0.0,0.0,0.0,0.0,0.0,0.0,0.6333953197782505,1.8328491025908604,0.0,1e-08
1867.0,0.936412620832134,0.786427388,0.472862819,0.0,0.0,0.936412620832134,0.0,0.0,0.0,0.0,0.0,0.0,0.0,0.0,0.0,0.6072146565978547,1.8219013845528256,0.0,1e-08
1868.0,0.937564667459181,0.789832483,0.474978744,0.0,0.0,0.937564667459181,0.0,0.0,0.0,0.0,0.0,0.0,0.0,0.0,0.0,0.6127462499411901,1.830053868808751,0.0,1e-08
1869.0,0.9436054175240506,0.781639934,0.47937759,0.0,0.0,0.9436054175240506,0.0,0.0,0.0,0.0,0.0,0.0,0.0,0.0,0.0,0.5906248771754213,1.8470022591152315,0.0,1e-08
1870.0,0.9515840898890643,0.734554282,0.482775453,0.0,0.0,0.9515840898890643,0.0,0.0,0.0,0.0,0.0,0.0,0.0,0.0,0.0,0.4902248345582617,1.8600939446009133,0.0,1e-08
1871.0,0.9649910860450899,0.572678459,0.49506353,0.0,0.0,0.9649910860450899,0.0,0.0,0.0,0.0,0.0,0.0,0.0,0.0,0.0,0.15908229186347733,1.9074388903235153,0.0,1e-08
1872.0,0.9802760466842387,0.252057824,0.511597925,0.0,0.0,0.4947479431070465,0.4855281035771923,0.0,0.0,0.0,0.0,0.0,0.0,0.0,0.0,0.0,1.4856164449897626,0.0,1.05e-08
1873.0,0.9702994942020596,0.009447172,0.510682737,0.0,0.0,0.01854324075724181,0.9517562534448178,0.0,0.0,0.0,0.0,0.0,0.0,0.0,0.0,0.0,1.0158621513499277,0.0,1.05e-08
1874.0,0.9383141401719439,0.0,0.4906449,0.0,0.0,0.0,0.9383141401719439,0.0,0.0,0.0,0.0,0.0,0.0,0.0,0.0,0.0,0.9521001337271902,0.0,1.05e-08
1875.0,0.8917140682429504,0.0,0.469260695,0.0,0.0,0.0,0.8917140682429504,0.0,0.0,0.0,0.0,0.0,0.0,0.0,0.0,0.0,0.9163086300625413,0.0,1.05e-08
1876.0,0.8454180681002778,0.0,0.448581971,0.0,0.0,0.0,0.8454180681002778,0.0,0.0,0.0,0.0,0.0,0.0,0.0,0.0,0.0,0.8829312146339513,0.0,1.05e-08
1877.0,0.810985150325339,0.0,0.428879571,0.0,0.0,0.0,0.810985150325339,0.0,0.0,0.0,0.0,0.0,0.0,0.0,0.0,0.0,0.8414524125681858,0.0,1.05e-08
1878.0,0.7884560005796841,0.0,0.412409117,0.0,0.0,0.0,0.7884560005796841,0.0,0.0,0.0,0.0,0.0,0.0,0.0,0.0,0.0,0.8005222634620659,0.0,1.05e-08
1879.0,0.7793659672491733,0.0,0.399279978,0.0,0.0,0.0,0.7793659672491733,0.0,0.0,0.0,0.0,0.0,0.0,0.0,0.0,0.0,0.7590268086531793,0.0,1.05e-08
1880.0,0.7822589319204383,0.0,0.394731071,0.0,0.0,0.0,0.7822589319204383,0.0,0.0,0.0,0.0,0.0,0.0,0.0,0.0,0.0,0.7386072810370237,0.0,1.05e-08
1881.0,0.8083020380136475,0.0,0.390440931,0.0,0.0,0.0,0.8083020380136475,0.0,0.0,0.0,0.0,0.0,0.0,0.0,0.0,0.0,0.6960346198765434,0.0,1.05e-08
1882.0,0.8694632940763217,0.0,0.382768111,0.0,0.0,0.0,0.8694632940763217,0.0,0.0,0.0,0.0,0.0,0.0,0.0,0.0,0.0,0.6053106221058463,0.0,1.05e-08
1883.0,0.9356845616254499,0.0,0.370272844,0.0,0.0,0.0,0.9356845616254499,0.0,0.0,0.0,0.0,0.0,0.0,0.0,0.0,0.0,0.4909461228773899,0.0,1.05e-08
1884.0,0.9646377631947873,0.0,0.352224619,0.0,0.0,0.0,0.9646377631947873,0.0,0.0,0.0,0.0,0.0,0.0,0.0,0.0,0.0,0.3924546011124421,0.0,1.05e-08
1885.0,0.9835009206997274,0.082006055,0.307045797,0.0,0.0,0.16096436281848298,0.8225365578812444,0.0,0.0,0.0,0.0,0.0,0.0,0.0,0.0,0.0,0.3604855368955199,0.0,1.05e-08
1886.0,0.9940149521844879,0.465834782,0.281625368,0.0,0.0,0.9143568589333669,0.07965809325112097,0.0,0.0,0.0,0.0,0.0,0.0,0.0,0.0,0.0,1.0054211882400275,0.0,1.05e-08
1887.0,0.9923661122164094,0.714198197,0.289371851,0.0,0.0,0.9923661122164092,0.0,0.0,0.0,0.0,0.0,0.0,0.0,0.0,0.0,0.4094871741807279,1.1149258406538283,0.0,1e-08
1888.0,0.9863146553985004,0.766408626,0.287432866,0.0,0.0,0.9863146553985004,0.0,0.0,0.0,0.0,0.0,0.0,0.0,0.0,0.0,0.5180190934043051,1.1074550916031882,0.0,1e-08
1889.0,0.9806015319766387,0.757369926,0.286322782,0.0,0.0,0.9806015319766387,0.0,0.0,0.0,0.0,0.0,0.0,0.0,0.0,0.0,0.5059907392461583,1.1031780296408056,0.0,1e-08
1890.0,0.9760789994927661,0.732743716,0.293690242,0.0,0.0,0.9760789994927661,0.0,0.0,0.0,0.0,0.0,0.0,0.0,0.0,0.0,0.4621760824665777,1.1315642444906509,0.0,1e-08
1891.0,0.9699740089096597,0.712030335,0.304820236,0.0,0.0,0.9699740089096597,0.0,0.0,0.0,0.0,0.0,0.0,0.0,0.0,0.0,0.4276241218711222,1.1744471920684445,0.0,1e-08
1892.0,0.9717063615514461,0.699211157,0.312866021,0.0,0.0,0.9717063615514461,0.0,0.0,0.0,0.0,0.0,0.0,0.0,0.0,0.0,0.40072983675219476,1.2054469371156742,0.0,1e-08
1893.0,0.9788242109720865,0.674256031,0.310237287,0.0,0.0,0.9788242109720865,0.0,0.0,0.0,0.0,0.0,0.0,0.0,0.0,0.0,0.34462919019974547,1.195318642139238,0.0,1e-08
1894.0,0.9833317540017037,0.604656072,0.288473219,0.0,0.0,1.052447153143866,0.0,0.0,0.06911539914216229,0.0,0.0,0.0,0.0,0.0,0.0,0.13439300583959923,1.1114634857821428,0.0,1e-08
1895.0,0.9945609965895009,0.452679336,0.262378068,0.0,0.0,0.8885348878242462,0.10602610876525476,0.0,0.0,0.0,0.062203859227946065,0.0,0.0,0.0,0.0,1.1102230246251565e-16,0.9048949155952912,0.0,1.05e-08
1896.0,1.009618974064213,0.156534654,0.285285966,0.0,0.0,0.30725171257319595,0.7023672614910171,0.0,0.0,0.0,0.062203011905636825,0.0,0.0,0.0,0.0,0.0,0.3968160017396881,0.0,1.05e-08
1897.0,1.0007666306511782,0.001295595,0.290151442,0.0,0.0,0.0025430393358857766,0.9982235913152925,0.0,0.0,0.0,0.062202164594869554,0.0,0.0,0.0,0.0,0.0,0.11970594906965137,0.0,1.05e-08
1898.0,0.9693894201937046,0.0,0.290833532,0.0,0.0,0.0,0.9693894201937046,0.0,0.0,0.0,0.0622013172956441,0.0,0.0,0.0,0.0,0.0,0.15116815662264593,0.0,1.05e-08
1899.0,0.9229456668590873,0.0,0.287352339,0.0,0.0,0.0,0.9229456668590873,0.0,0.0,0.0,0.062200470007960286,0.0,0.0,0.0,0.0,0.0,0.18419916086439037,0.0,1.05e-08
1900.0,0.8811465029929925,0.0,0.285962,0.0,0.0,0.0,0.8811465029929925,0.0,0.0,0.0,0.062199622731817984,0.0,0.0,0.0,0.0,0.0,0.22064146340132684,0.0,1.05e-08
1901.0,0.8499834275963082,0.0,0.290729169,0.0,0.0,0.0,0.8499834275963082,0.0,0.0,0.0,0.06219877546721702,0.0,0.0,0.0,0.0,0.0,0.2701720472011139,0.0,1.05e-08
1902.0,0.8299403859064185,0.0,0.299848426,0.0,0.0,0.0,0.8299403859064185,0.0,0.0,0.0,0.06219792821415724,0.0,0.0,0.0,0.0,0.0,0.3253508328886576,0.0,1.05e-08
1903.0,0.8228482326930728,0.0,0.308290959,0.0,0.0,0.0,0.8228482326930728,0.0,0.0,0.0,0.062197080972638485,0.0,0.0,0.0,0.0,0.0,0.3649713684230351,0.0,1.05e-08
1904.0,0.8293408077362081,0.0,0.310624805,0.0,0.0,0.0,0.8293408077362081,0.0,0.0,0.0,0.0621962337426606,0.0,0.0,0.0,0.0,0.0,0.36747090924920256,0.0,1.05e-08
1905.0,0.8551526479637648,0.0,0.303278104,0.0,0.0,0.0,0.8551526479637648,0.0,0.0,0.0,0.062195386524223434,0.0,0.0,0.0,0.0,0.0,0.31335283688416915,0.0,1.05e-08
1906.0,0.9144038192841973,0.0,0.292924039,0.0,0.0,0.0,0.9144038192841973,0.0,0.0,0.0,0.06219453931732682,0.0,0.0,0.0,0.0,0.0,0.21420830833352922,0.0,1.05e-08
1907.0,0.9782481876585629,0.0,0.281263053,0.0,0.0,0.0,0.9782481876585629,0.0,0.0,0.0,0.0621936921219706,0.0,0.0,0.0,0.0,0.0,0.1054351240637208,0.0,1.05e-08
1908.0,1.0094819276253078,0.0,0.258950246,0.0,0.0,0.0,0.997713909322388,0.0,0.0,0.011768018302919677,0.06219284493815463,0.0,0.0,0.0,0.0,0.0,1.1102230246251565e-16,0.0,1.1113230258713772e-08
1909.0,1.0253900212913538,0.086626698,0.208915147,0.0,0.0,0.1700339230638415,0.8049328056248742,0.0,0.0,0.050423292602638004,0.050423979462959054,0.0,0.0,0.0,0.0,2.7755575615628914e-17,0.0,0.0,1.1113381641864482e-08
1910.0,1.028781920654258,0.400967163,0.162881937,0.0,0.0,0.7870324197820492,0.24174950087220887,0.0,0.0,0.0,0.0,0.0,0.0,0.0,0.0,0.0,0.38582114882809276,0.0,1.05e-08
1911.0,1.0187325622514107,0.607269773,0.177873237,0.0,0.0,1.0187325622514107,0.0,0.0,0.0,0.0,0.0,0.0,0.0,0.0,0.0,0.1732378607846663,0.6853308903637714,0.0,1e-08
1912.0,1.0054711779367218,0.665486792,0.18545545,0.0,0.0,1.0054711779367218,0.0,0.0,0.0,0.0,0.0,0.0,0.0,0.0,0.0,0.30076965316283943,0.7145445307846615,0.0,1e-08
1913.0,0.9919935172106358,0.676475289,0.186239766,0.0,0.0,0.9919935172106358,0.0,0.0,0.0,0.0,0.0,0.0,0.0,0.0,0.0,0.33581592145013306,0.7175664355505064,0.0,1e-08
1914.0,0.9822996230086988,0.669805346,0.188126175,0.0,0.0,0.9822996230086988,0.0,0.0,0.0,0.0,0.0,0.0,0.0,0.0,0.0,0.3324178174449791,0.7248346136157666,0.0,1e-08
1915.0,0.9736635560070614,0.663866818,0.191794795,0.0,0.0,0.9736635560070614,0.0,0.0,0.0,0.0,0.0,0.0,0.0,0.0,0.0,0.3293975332710879,0.73896950345873,0.0,1e-08
1916.0,0.9706528170523622,0.658596656,0.194984928,0.0,0.0,0.9706528170523622,0.0,0.0,0.0,0.0,0.0,0.0,0.0,0.0,0.0,0.3220638132918682,0.7512608224122883,0.0,1e-08
1917.0,0.9742973957869981,0.64011802,0.193005175,0.0,0.0,0.9742973957869981,0.0,0.0,0.0,0.0,0.0,0.0,0.0,0.0,0.0,0.28214871929473506,0.7436329976249633,0.0,1e-08
1918.0,0.9782267741524839,0.579430258,0.188847031,0.0,0.0,0.9782267741524839,0.0,0.0,0.0,0.0,0.0,0.0,0.0,0.0,0.0,0.1590992717927724,0.7276120122432176,0.0,1e-08
1919.0,0.9907151308977229,0.439180003,0.220030493,0.0,0.0,0.8620379232425514,0.12867720765517152,0.0,0.0,0.0,0.0,0.0,0.0,0.0,0.0,0.0,0.7190821080133771,0.0,1.05e-08
1920.0,1.011379164263902,0.154115704,0.311327279,0.0,0.0,0.3025037126183174,0.7088754516455847,0.0,0.0,0.0,0.0,0.0,0.0,0.0,0.0,0.0,0.49064283963957533,0.0,1.05e-08
1921.0,1.0076639209592055,0.005421851,0.392509121,0.0,0.0,0.010642199426758852,0.9970217215324466,0.0,0.0,0.0,0.0,0.0,0.0,0.0,0.0,0.0,0.5152835016014379,0.0,1.05e-08
1922.0,0.9791539789657021,0.0,0.46710758,0.0,0.0,0.0,0.9791539789657021,0.0,0.0,0.0,0.0,0.0,0.0,0.0,0.0,0.0,0.820572945085647,0.0,1.05e-08
1923.0,0.9323697508844296,0.0,0.514321643,0.0,0.0,0.0,0.9323697508844296,0.0,0.0,0.0,0.0,0.0,0.0,0.0,0.0,0.0,1.0492690581655673,0.0,1.05e-08
1924.0,0.8924249966447713,0.0,0.526710514,0.0,0.0,0.0,0.8924249966447713,0.0,0.0,0.0,0.0,0.0,0.0,0.0,0.0,0.0,1.136947109084545,0.0,1.05e-08
1925.0,0.8626259615853156,0.0,0.519631595,0.0,0.0,0.0,0.8626259615853156,0.0,0.0,0.0,0.0,0.0,0.0,0.0,0.0,0.0,1.139471653934532,0.0,1.05e-08
1926.0,0.843469439047094,0.0,0.503933532,0.0,0.0,0.0,0.843469439047094,0.0,0.0,0.0,0.0,0.0,0.0,0.0,0.0,0.0,1.098144836346793,0.0,1.05e-08
1927.0,0.8377434675215849,0.0,0.475757741,0.0,0.0,0.0,0.8377434675215849,0.0,0.0,0.0,0.0,0.0,0.0,0.0,0.0,0.0,0.9953118123853444,0.0,1.05e-08
1928.0,0.8448570342410094,0.0,0.444567711,0.0,0.0,0.0,0.8448570342410094,0.0,0.0,0.0,0.0,0.0,0.0,0.0,0.0,0.0,0.8680256362790858,0.0,1.05e-08
1929.0,0.8740008160144496,0.0,0.412940434,0.0,0.0,0.0,0.8740008160144496,0.0,0.0,0.0,0.0,0.0,0.0,0.0,0.0,0.0,0.7170245685431059,0.0,1.05e-08
1930.0,0.9386032225040096,0.0,0.380459426,0.0,0.0,0.0,0.9386032225040096,0.0,0.0,0.0,0.0,0.0,0.0,0.0,0.0,0.0,0.5272755210636323,0.0,1.05e-08
1931.0,1.0024582976314147,0.0,0.356673711,0.0,0.0,0.0,1.0024582976314147,0.0,0.0,0.0,0.0,0.0,0.0,0.0,0.0,0.0,0.371776050670126,0.0,1.05e-08
1932.0,1.0248611076912038,0.0,0.331727275,0.0,0.0,0.0,1.0248611076912038,0.0,0.0,0.0,0.0,0.0,0.0,0.0,0.0,0.0,0.2532566832033176,0.0,1.05e-08
1933.0,1.0187304209008028,0.081484039,0.241673588,0.0,0.0,0.1599397314931369,0.8587906894076658,0.0,0.0,0.0,0.0,0.0,0.0,0.0,0.0,0.0,0.07235768364098605,0.0,1.05e-08
1934.0,1.0027409559116567,0.354557011,0.184406266,0.0,0.0,0.6959369446370864,0.3068040112745703,0.0,0.0,0.0,0.0,0.0,0.0,0.0,0.0,0.0,0.40369810021755087,0.0,1.05e-08
1935.0,0.982556585081646,0.517658437,0.223467427,0.0,0.0,0.982556585081646,0.0,0.0,0.0,0.0,0.0,0.0,0.0,0.0,0.0,0.03352156267606321,0.8610015384900827,0.0,1e-08
1936.0,0.9690039770842837,0.559259595,0.26834712,0.0,0.0,0.9690039770842837,0.0,0.0,0.0,0.0,0.0,0.0,0.0,0.0,0.0,0.12873038361990885,1.0339192886907085,0.0,1e-08
1937.0,0.9572629517011998,0.578512873,0.291555586,0.0,0.0,0.9572629517011998,0.0,0.0,0.0,0.0,0.0,0.0,0.0,0.0,0.0,0.17826241876973647,1.1233395912388502,0.0,1e-08
1938.0,0.9436525272374242,0.58519278,0.299523907,0.0,0.0,0.9436525272374242,0.0,0.0,0.0,0.0,0.0,0.0,0.0,0.0,0.0,0.20498439912949695,1.1540408738923746,0.0,1e-08
1939.0,0.9315646030558614,0.579007908,0.301527816,0.0,0.0,0.9315646030558614,0.0,0.0,0.0,0.0,0.0,0.0,0.0,0.0,0.0,0.20493243948670237,1.1617617697524865,0.0,1e-08
1940.0,0.9274660579923519,0.571684774,0.307784105,0.0,0.0,0.9274660579923519,0.0,0.0,0.0,0.0,0.0,0.0,0.0,0.0,0.0,0.19465688012408888,1.1858667345187321,0.0,1e-08
1941.0,0.9284510792719832,0.550064581,0.320884842,0.0,0.0,0.9284510792719832,0.0,0.0,0.0,0.0,0.0,0.0,0.0,0.0,0.0,0.15123498524704304,1.2363427920980496,0.0,1e-08
1942.0,0.9344083166631449,0.490074928,0.344404729,0.0,0.0,0.9344083166631449,0.0,0.0,0.0,0.0,0.0,0.0,0.0,0.0,0.0,0.027527951565267328,1.3269629740367486,0.0,1e-08
1943.0,0.9525177187541062,0.372479869,0.429980099,0.0,0.0,0.7311165593357346,0.22140115941837157,0.0,0.0,0.0,0.0,0.0,0.0,0.0,0.0,0.0,1.435276646958833,0.0,1.05e-08
1944.0,0.978428061109626,0.149875889,0.583784964,0.0,0.0,0.2941816549368054,0.6842464061728205,0.0,0.0,0.0,0.0,0.0,0.0,0.0,0.0,0.0,1.5650288412276767,0.0,1.05e-08
1945.0,0.98158655325627,0.014933034,0.647934008,0.0,0.0,0.029311083221315086,0.9522754700349549,0.0,0.0,0.0,0.0,0.0,0.0,0.0,0.0,3.469446951953614e-18,1.5441607453784243,0.0,1.05e-08
1946.0,0.9544278034963478,0.0,0.648443951,0.0,0.0,0.0,0.9544278034963478,0.0,0.0,0.0,0.0,0.0,0.0,0.0,0.0,0.0,1.543973180176265,0.0,1.05e-08
1947.0,0.9168942100411783,0.0,0.638392773,0.0,0.0,0.0,0.9168942100411783,0.0,0.0,0.0,0.0,0.0,0.0,0.0,0.0,0.0,1.5427804149946667,0.0,1.05e-08
1948.0,0.8771807216671724,0.0,0.629102405,0.0,0.0,0.0,0.8771807216671725,0.0,0.0,0.0,0.0,0.0,0.0,0.0,0.0,0.0,1.5466988828212755,0.0,1.05e-08
1949.0,0.8486493661675901,0.0,0.61214547,0.0,0.0,0.0,0.8486493661675901,0.0,0.0,0.0,0.0,0.0,0.0,0.0,0.0,0.0,1.5098965683579584,0.0,1.05e-08
1950.0,0.8317862301304233,0.0,0.599770205,0.0,0.0,0.0,0.8317862301304233,0.0,0.0,0.0,0.0,0.0,0.0,0.0,0.0,0.0,1.479078830509991,0.0,1.05e-08
1951.0,0.8243621675728541,0.0,0.592701156,0.0,0.0,0.0,0.8243621675728541,0.0,0.0,0.0,0.0,0.0,0.0,0.0,0.0,0.0,1.4592664311528587,0.0,1.05e-08
1952.0,0.831083867131034,0.0,0.588506588,0.0,0.0,0.0,0.8310838671310339,0.0,0.0,0.0,0.0,0.0,0.0,0.0,0.0,0.0,1.4363834075494466,0.0,1.05e-08
1953.0,0.8592661824815295,0.0,0.576137306,0.0,0.0,0.0,0.8592661824815295,0.0,0.0,0.0,0.0,0.0,0.0,0.0,0.0,0.0,1.3605432703186386,0.0,1.05e-08
1954.0,0.9247850870312684,0.0,0.561481526,0.0,0.0,0.0,0.9247850870312684,0.0,0.0,0.0,0.0,0.0,0.0,0.0,0.0,0.0,1.2385568559524818,0.0,1.05e-08
1955.0,0.9853317754694769,0.0,0.551397722,0.0,0.0,0.0,0.9853317754694769,0.0,0.0,0.0,0.0,0.0,0.0,0.0,0.0,0.0,1.139158103594316,0.0,1.05e-08
1956.0,1.0017687827356727,0.0,0.518902179,0.0,0.0,0.0,1.0017687827356727,0.0,0.0,0.0,0.0,0.0,0.0,0.0,0.0,0.0,0.9975184531837542,0.0,1.05e-08
1957.0,0.9985117884610657,0.064871654,0.458983932,0.0,0.0,0.12733235919092917,0.8711794292701365,0.0,0.0,0.0,0.0,0.0,0.0,0.0,0.0,0.0,0.8972477500262335,0.0,1.05e-08
1958.0,0.9866508474439397,0.338119032,0.446567003,0.0,0.0,0.663671902552589,0.3229789448913507,0.0,0.0,0.0,0.0,0.0,0.0,0.0,0.0,0.0,1.3976068325692068,0.0,1.05e-08
1959.0,0.9690039770842837,0.633903739,0.536236365,0.0,0.0,0.9690039770842837,0.0,0.0,0.0,0.0,0.0,0.0,0.0,0.0,0.0,0.2752445291557609,2.0660744228255226,0.0,1e-08
1960.0,0.9526312103363246,0.716639741,0.597939897,0.0,0.0,0.9526312103363246,0.0,0.0,0.0,0.0,0.0,0.0,0.0,0.0,0.0,0.4540144243118449,2.3038130350943793,0.0,1e-08
1961.0,0.9379758067758966,0.740024125,0.626929428,0.0,0.0,0.9379758067758966,0.0,0.0,0.0,0.0,0.0,0.0,0.0,0.0,0.0,0.5145695174801038,2.415507303588847,0.0,1e-08
1962.0,0.9267101612277653,0.73824424,0.643782831,0.0,0.0,0.9267101612277653,0.0,0.0,0.0,0.0,0.0,0.0,0.0,0.0,0.0,0.5223415422838258,2.48044207330718,0.0,1e-08
1963.0,0.9183995795185279,0.732625206,0.657344883,0.0,0.0,0.9183995795185279,0.0,0.0,0.0,0.0,0.0,0.0,0.0,0.0,0.0,0.519622886853618,2.532695539478259,0.0,1e-08
1964.0,0.9160590833040996,0.740279172,0.670548425,0.0,0.0,0.9160590833040996,0.0,0.0,0.0,0.0,0.0,0.0,0.0,0.0,0.0,0.5369868561545683,2.583567696231191,0.0,1e-08
1965.0,0.9163460242855573,0.746534301,0.678672559,0.0,0.0,0.9163460242855573,0.0,0.0,0.0,0.0,0.0,0.0,0.0,0.0,0.0,0.5489777019027903,2.6148693135040277,0.0,1e-08
1966.0,0.9195259299382802,0.73183246,0.688357029,0.0,0.0,0.9195259299382802,0.0,0.0,0.0,0.0,0.0,0.0,0.0,0.0,0.0,0.5169405067630456,2.6521827765057786,0.0,1e-08
1967.0,0.93078301008398,0.629241872,0.706167395,0.0,0.0,0.93078301008398,0.0,0.0,0.0,0.0,0.0,0.0,0.0,0.0,0.0,0.30431501999671884,2.7208046456208312,0.0,1e-08
1968.0,0.9479245217001732,0.333260742,0.718645824,0.0,0.0,0.6541358804352295,0.29378864126494375,0.0,0.0,0.0,0.0,0.0,0.0,0.0,0.0,0.0,2.475094360611984,0.0,1.05e-08
1969.0,0.9475733402004785,0.024376006,0.720077456,0.0,0.0,0.04784608007115473,0.8997272601293237,0.0,0.0,0.0,0.0,0.0,0.0,0.0,0.0,-6.938893903907228e-18,1.8746717015950836,0.0,1.05e-08
1970.0,0.928699475942499,0.0,0.698046937,0.0,0.0,0.0,0.928699475942499,0.0,0.0,0.0,0.0,0.0,0.0,0.0,0.0,0.0,1.7608177157298686,0.0,1.05e-08
1971.0,0.8932151550190842,0.0,0.673050463,0.0,0.0,0.0,0.8932151550190842,0.0,0.0,0.0,0.0,0.0,0.0,0.0,0.0,0.0,1.6999926869652535,0.0,1.05e-08
1972.0,0.8549149580462885,0.0,0.651694711,0.0,0.0,0.0,0.8549149580462885,0.0,0.0,0.0,0.0,0.0,0.0,0.0,0.0,0.0,1.6560109354032737,0.0,1.05e-08
1973.0,0.822846091342465,0.0,0.645057264,0.0,0.0,0.0,0.822846091342465,0.0,0.0,0.0,0.0,0.0,0.0,0.0,0.0,0.0,1.6625062670493618,0.0,1.05e-08
1974.0,0.8011049586205151,0.0,0.638134198,0.0,0.0,0.0,0.8011049586205151,0.0,0.0,0.0,0.0,0.0,0.0,0.0,0.0,0.0,1.6575733982978518,0.0,1.05e-08
1975.0,0.7886551461862182,0.0,0.63200807,0.0,0.0,0.0,0.7886551461862182,0.0,0.0,0.0,0.0,0.0,0.0,0.0,0.0,0.0,1.6464197455479939,0.0,1.05e-08
1976.0,0.7858264220331901,0.0,0.62079522,0.0,0.0,0.0,0.7858264220331901,0.0,0.0,0.0,0.0,0.0,0.0,0.0,0.0,0.0,1.6060462847988857,0.0,1.05e-08
1977.0,0.7945181641506326,0.0,0.601955038,0.0,0.0,0.0,0.7945181641506326,0.0,0.0,0.0,0.0,0.0,0.0,0.0,0.0,0.0,1.5247648775781122,0.0,1.05e-08
1978.0,0.8190516180652765,0.0,0.579661249,0.0,0.0,0.0,0.8190516180652765,0.0,0.0,0.0,0.0,0.0,0.0,0.0,0.0,0.0,1.4143352960467428,0.0,1.05e-08
1979.0,0.848570136195098,0.0,0.553261371,0.0,0.0,0.0,0.848570136195098,0.0,0.0,0.0,0.0,0.0,0.0,0.0,0.0,0.0,1.2831002285338626,0.0,1.05e-08
1980.0,0.8751592866933203,1.76e-06,0.513390424,0.0,0.0,3.4545897685302635e-06,0.8751558321035517,0.0,0.0,0.0,0.0,0.0,0.0,0.0,0.0,4.235164736271502e-22,1.1028950670553483,0.0,1.05e-08
1981.0,0.8960888475348782,0.109616678,0.461245945,0.0,0.0,0.21515946265856614,0.680929384876312,0.0,0.0,0.0,0.0,0.0,0.0,0.0,0.0,0.0,1.0962131436735516,0.0,1.05e-08
1982.0,0.9053587543164522,0.423298816,0.437310354,0.0,0.0,0.8308657720366902,0.07449298227976196,0.0,0.0,0.0,0.0,0.0,0.0,0.0,0.0,0.0,1.6104276911553097,0.0,1.05e-08
1983.0,0.9060204316542915,0.700134524,0.463036864,0.0,0.0,0.9060204316542915,0.0,0.0,0.0,0.0,0.0,0.0,0.0,0.0,0.0,0.4682281838032121,1.784042791532312,0.0,1e-08
1984.0,0.898988236257967,0.76168089,0.478584543,0.0,0.0,0.8989882362579669,0.0,0.0,0.0,0.0,0.0,0.0,0.0,0.0,0.0,0.5960657464005703,1.843946714527541,0.0,1e-08
1985.0,0.8903114835947796,0.765443465,0.483641603,0.0,0.0,0.8903114835947796,0.0,0.0,0.0,0.0,0.0,0.0,0.0,0.0,0.0,0.612127813324171,1.8634311490095143,0.0,1e-08
1986.0,0.8823006909706474,0.748820182,0.496179111,0.0,0.0,0.8823006909706474,0.0,0.0,0.0,0.0,0.0,0.0,0.0,0.0,0.0,0.5875098426692218,1.9117371317728624,0.0,1e-08
1987.0,0.8803028108534822,0.73309977,0.513800958,0.0,0.0,0.8803028108534822,0.0,0.0,0.0,0.0,0.0,0.0,0.0,0.0,0.0,0.558651146393046,1.97963265275202,0.0,1e-08
1988.0,0.8828467353756605,0.724215194,0.530480853,0.0,0.0,0.8828467353756605,0.0,0.0,0.0,0.0,0.0,0.0,0.0,0.0,0.0,0.5386682642871577,2.0438989104775946,0.0,1e-08
1989.0,0.8906840786005532,0.700042775,0.542595447,0.0,0.0,0.8906840786005532,0.0,0.0,0.0,0.0,0.0,0.0,0.0,0.0,0.0,0.48338444869974984,2.0905754405303734,0.0,1e-08
1990.0,0.8974657359757542,0.638642709,0.557352526,0.0,0.0,0.8974657359757542,0.0,0.0,0.0,0.0,0.0,0.0,0.0,0.0,0.0,0.35608458689802436,2.147433247026797,0.0,1e-08
1991.0,0.9114894411068533,0.508989189,0.57995931,0.0,0.0,0.9114894411068533,0.0,0.0,0.0,0.0,0.0,0.0,0.0,0.0,0.0,0.08757240242264486,2.2345353185260723,0.0,1e-08
1992.0,0.9262840324567944,0.251708444,0.644387313,0.0,0.0,0.4940621677812913,0.432221864675503,0.0,0.0,0.0,0.0,0.0,0.0,0.0,0.0,0.0,2.050549227849272,0.0,1.05e-08
1993.0,0.9253225660338499,0.023341273,0.693307862,0.0,0.0,0.04581506982401801,0.8795074962098318,0.0,0.0,0.0,0.0,0.0,0.0,0.0,0.0,0.0,1.791750430920953,0.0,1.05e-08
1994.0,0.9075172357292096,0.0,0.686908479,0.0,0.0,0.0,0.9075172357292096,0.0,0.0,0.0,0.0,0.0,0.0,0.0,0.0,0.0,1.7390843972724654,0.0,1.05e-08
1995.0,0.8770972089934645,0.0,0.674324724,0.0,0.0,0.0,0.8770972089934645,0.0,0.0,0.0,0.0,0.0,0.0,0.0,0.0,0.0,1.7210202553737266,0.0,1.05e-08
1996.0,0.8390561154442241,0.0,0.65445357,0.0,0.0,0.0,0.8390561154442241,0.0,0.0,0.0,0.0,0.0,0.0,0.0,0.0,0.0,1.6824994338588386,0.0,1.05e-08
1997.0,0.8142207310938672,0.0,0.624251844,0.0,0.0,0.0,0.8142207310938672,0.0,0.0,0.0,0.0,0.0,0.0,0.0,0.0,0.0,1.5909700625034076,0.0,1.05e-08
1998.0,0.7931883854231303,0.0,0.588842547,0.0,0.0,0.0,0.7931883854231303,0.0,0.0,0.0,0.0,0.0,0.0,0.0,0.0,0.0,1.4755733115351422,0.0,1.05e-08
1999.0,0.7806679084187729,0.0,0.553934076,0.0,0.0,0.0,0.7806679084187729,0.0,0.0,0.0,0.0,0.0,0.0,0.0,0.0,0.0,1.3535943331117672,0.0,1.05e-08
2000.0,0.7757470847218321,0.0,0.52184136,0.0,0.0,0.0,0.7757470847218321,0.0,0.0,0.0,0.0,0.0,0.0,0.0,0.0,0.0,1.2348645728230374,0.0,1.05e-08
2001.0,0.779006220347047,0.0,0.487456826,0.0,0.0,0.0,0.779006220347047,0.0,0.0,0.0,0.0,0.0,0.0,0.0,0.0,0.0,1.0991246677554618,0.0,1.05e-08
2002.0,0.7959807066158243,0.0,0.461926367,0.0,0.0,0.0,0.7959807066158243,0.0,0.0,0.0,0.0,0.0,0.0,0.0,0.0,0.0,0.9837834316992177,0.0,1.05e-08
2003.0,0.8198610485950605,0.0,0.441439908,0.0,0.0,0.0,0.8198610485950604,0.0,0.0,0.0,0.0,0.0,0.0,0.0,0.0,0.0,0.8809704553132052,0.0,1.05e-08
2004.0,0.8480347985431245,3.88e-06,0.414299347,0.0,0.0,7.615800171532626e-06,0.848027182742953,0.0,0.0,0.0,0.0,0.0,0.0,0.0,0.0,8.470329472543003e-22,0.7482339813614541,0.0,1.05e-08
2005.0,0.8731913854846656,0.129027715,0.389635684,0.0,0.0,0.2532601273271811,0.6199312581574844,0.0,0.0,0.0,0.0,0.0,0.0,0.0,0.0,0.0,0.8813028495526997,0.0,1.05e-08
2006.0,0.8854206388063494,0.423753189,0.362443377,0.0,0.0,0.8317576313076539,0.05366300749869544,0.0,0.0,0.0,0.0,0.0,0.0,0.0,0.0,0.0,1.342801387343695,0.0,1.05e-08
2007.0,0.8876412193867356,0.64806981,0.384493821,0.0,0.0,0.8876412193867356,0.0,0.0,0.0,0.0,0.0,0.0,0.0,0.0,0.0,0.38441294818107785,1.4814229342736849,0.0,1e-08
2008.0,0.885568391998294,0.741373672,0.378481061,0.0,0.0,0.885568391998294,0.0,0.0,0.0,0.0,0.0,0.0,0.0,0.0,0.0,0.5696258704726787,1.4582562666296723,0.0,1e-08
2009.0,0.8804698362008979,0.753417991,0.36711103,0.0,0.0,0.8804698362008979,0.0,0.0,0.0,0.0,0.0,0.0,0.0,0.0,0.0,0.5983654383077534,1.414448476317217,0.0,1e-08
2010.0,0.8746496452486415,0.737372561,0.365802782,0.0,0.0,0.8746496452486415,0.0,0.0,0.0,0.0,0.0,0.0,0.0,0.0,0.0,0.5726910961295163,1.4094079048305879,0.0,1e-08
2011.0,0.8709215538402977,0.721032107,0.372083494,0.0,0.0,0.8709215538402977,0.0,0.0,0.0,0.0,0.0,0.0,0.0,0.0,0.0,0.5443455709460763,1.433606969398567,0.0,1e-08
2012.0,0.8709044230354345,0.71448114,0.386113595,0.0,0.0,0.8709044230354345,0.0,0.0,0.0,0.0,0.0,0.0,0.0,0.0,0.0,0.5315042338122012,1.4876637897071983,0.0,1e-08
2013.0,0.878504076342851,0.699971197,0.403075371,0.0,0.0,0.878504076342851,0.0,0.0,0.0,0.0,0.0,0.0,0.0,0.0,0.0,0.495423955146968,1.5530161116432457,0.0,1e-08
2014.0,0.8922579712973555,0.645850132,0.416646722,0.0,0.0,0.8922579712973555,0.0,0.0,0.0,0.0,0.0,0.0,0.0,0.0,0.0,0.3754393343907809,1.605305406093255,0.0,1e-08
2015.0,0.9114616035489507,0.503999075,0.461699264,0.0,0.0,0.9114616035489507,0.0,0.0,0.0,0.0,0.0,0.0,0.0,0.0,0.0,0.07780546908952479,1.7788891292140705,0.0,1e-08
2016.0,0.941207104843209,0.264544919,0.565541768,0.0,0.0,0.5192580514170837,0.4219490534261253,0.0,0.0,0.0,0.0,0.0,0.0,0.0,0.0,0.0,1.7570366666197827,0.0,1.05e-08
2017.0,0.9441664513833188,0.034638554,0.610049909,0.0,0.0,0.06798976945743355,0.8761766819258852,0.0,0.0,0.0,0.0,0.0,0.0,0.0,0.0,-1.3877787807814457e-17,1.4742952291537326,0.0,1.05e-08
2018.0,0.9230398862858347,0.0,0.598285441,0.0,0.0,0.0,0.9230398862858347,0.0,0.0,0.0,0.0,0.0,0.0,0.0,0.0,0.0,1.382104501299644,0.0,1.05e-08
2019.0,0.884009488755747,0.0,0.575279911,0.0,0.0,0.0,0.884009488755747,0.0,0.0,0.0,0.0,0.0,0.0,0.0,0.0,0.0,1.3324964919276832,0.0,1.05e-08
2020.0,0.8440797239703439,0.0,0.548747021,0.0,0.0,0.0,0.8440797239703439,0.0,0.0,0.0,0.0,0.0,0.0,0.0,0.0,0.0,1.2701972230804208,0.0,1.05e-08
2021.0,0.8164070500645271,0.0,0.522647332,0.0,0.0,0.0,0.8164070500645271,0.0,0.0,0.0,0.0,0.0,0.0,0.0,0.0,0.0,1.1973099510254666,0.0,1.05e-08
2022.0,0.7974004220688582,0.0,0.496123876,0.0,0.0,0.0,0.7974004220688582,0.0,0.0,0.0,0.0,0.0,0.0,0.0,0.0,0.0,1.11412389381125,0.0,1.05e-08
2023.0,0.7912376150193386,0.0,0.465474511,0.0,0.0,0.0,0.7912376150193386,0.0,0.0,0.0,0.0,0.0,0.0,0.0,0.0,0.0,1.0021972290616241,0.0,1.05e-08
2024.0,0.7978586710989476,0.0,0.4347096,0.0,0.0,0.0,0.7978586710989476,0.0,0.0,0.0,0.0,0.0,0.0,0.0,0.0,0.0,0.8770415119886236,0.0,1.05e-08
2025.0,0.8286577168922898,0.0,0.40707367,0.0,0.0,0.0,0.8286577168922898,0.0,0.0,0.0,0.0,0.0,0.0,0.0,0.0,0.0,0.7397635105504202,0.0,1.05e-08
2026.0,0.8949239528041838,0.0,0.391503162,0.0,0.0,0.0,0.8949239528041838,0.0,0.0,0.0,0.0,0.0,0.0,0.0,0.0,0.0,0.6135053933919045,0.0,1.05e-08
2027.0,0.9554470863857054,0.0,0.377889511,0.0,0.0,0.0,0.9554470863857054,0.0,0.0,0.0,0.0,0.0,0.0,0.0,0.0,0.0,0.5005299869542272,0.0,1.05e-08
2028.0,0.9768156241018817,3e-06,0.346059298,0.0,0.0,5.8885052872674945e-06,0.9768097355965945,0.0,0.0,0.0,0.0,0.0,0.0,0.0,0.0,0.0,0.3565281561347048,0.0,1.05e-08
2029.0,0.9844109947080825,0.076226206,0.308874259,0.0,0.0,0.14961947235311374,0.8347915223549688,0.0,0.0,0.0,0.0,0.0,0.0,0.0,0.0,2.7755575615628914e-17,0.35527548548230425,0.0,1.05e-08
2030.0,0.9875116703883132,0.391751513,0.31408523,0.0,0.0,0.7689436185318469,0.2185680518564663,0.0,0.0,0.0,0.0,0.0,0.0,0.0,0.0,0.0,0.9915763968331921,0.0,1.05e-08
2031.0,0.982436669447604,0.647594998,0.336026098,0.0,0.0,0.982436669447604,0.0,0.0,0.0,0.0,0.0,0.0,0.0,0.0,0.0,0.28868552046272355,1.2946808008436026,0.0,1e-08
2032.0,0.9755500858926162,0.697590653,0.34525952,0.0,0.0,0.9755500858926162,0.0,0.0,0.0,0.0,0.0,0.0,0.0,0.0,0.0,0.39370533028701205,1.3302564131565693,0.0,1e-08
2033.0,0.9683979748622495,0.710439203,0.346815607,0.0,0.0,0.9683979748622495,0.0,0.0,0.0,0.0,0.0,0.0,0.0,0.0,0.0,0.426077026186952,1.3362518878394385,0.0,1e-08
2034.0,0.9615178153590855,0.704347051,0.345990168,0.0,0.0,0.9615178153590855,0.0,0.0,0.0,0.0,0.0,0.0,0.0,0.0,0.0,0.42099929593583685,1.3330715395512303,0.0,1e-08
2035.0,0.9571494601189814,0.690182784,0.343600724,0.0,0.0,0.9571494601189815,0.0,0.0,0.0,0.0,0.0,0.0,0.0,0.0,0.0,0.397565530802685,1.3238652091801564,0.0,1e-08
2036.0,0.9573357576218682,0.682708957,0.34243918,0.0,0.0,0.9573357576218682,0.0,0.0,0.0,0.0,0.0,0.0,0.0,0.0,0.0,0.3827093433645907,1.3193898760882157,0.0,1e-08
2037.0,0.9649139974232057,0.669096358,0.347629095,0.0,0.0,0.9649139974232057,0.0,0.0,0.0,0.0,0.0,0.0,0.0,0.0,0.0,0.34841181650160236,1.3393861899117634,0.0,1e-08
2038.0,0.9717470472129961,0.636356073,0.372694859,0.0,0.0,0.9717470472129961,0.0,0.0,0.0,0.0,0.0,0.0,0.0,0.0,0.0,0.27731498626876383,1.4359625082466467,0.0,1e-08
2039.0,0.9900877151696099,0.53608215,0.417203939,0.0,0.0,0.9900877151696099,0.0,0.0,0.0,0.0,0.0,0.0,0.0,0.0,0.0,0.062153143058632176,1.6074523171697979,0.0,1e-08
2040.0,1.0086660730437,0.333494666,0.456631534,0.0,0.0,0.6545950346721691,0.35407103837153103,0.0,0.0,0.0,0.0,0.0,0.0,0.0,0.0,0.0,1.4052925457318761,0.0,1.05e-08
2041.0,0.9970021362825003,0.03889842,0.485071388,0.0,0.0,0.07635118394545057,0.9206509523370499,0.0,0.0,0.0,0.0,0.0,0.0,0.0,0.0,-1.3877787807814457e-17,0.9482890401815012,0.0,1.05e-08
2042.0,0.9633872144397772,0.0,0.483558247,0.0,0.0,0.0,0.9633872144397772,0.0,0.0,0.0,0.0,0.0,0.0,0.0,0.0,0.0,0.8997227707866936,0.0,1.05e-08
2043.0,0.9141832601715842,0.0,0.48079878,0.0,0.0,0.0,0.9141832601715842,0.0,0.0,0.0,0.0,0.0,0.0,0.0,0.0,0.0,0.9382947266276049,0.0,1.05e-08
2044.0,0.8661163630761831,0.0,0.479719107,0.0,0.0,0.0,0.8661163630761831,0.0,0.0,0.0,0.0,0.0,0.0,0.0,0.0,0.0,0.9822017328317659,0.0,1.05e-08
2045.0,0.8292680018155397,0.0,0.484676634,0.0,0.0,0.0,0.8292680018155397,0.0,0.0,0.0,0.0,0.0,0.0,0.0,0.0,0.0,1.0381510361465107,0.0,1.05e-08
2046.0,0.8057067210768798,0.0,0.481876396,0.0,0.0,0.0,0.8057067210768798,0.0,0.0,0.0,0.0,0.0,0.0,0.0,0.0,0.0,1.050923231162452,0.0,1.05e-08
2047.0,0.7947472886656772,0.0,0.479667751,0.0,0.0,0.0,0.7947472886656772,0.0,0.0,0.0,0.0,0.0,0.0,0.0,0.0,0.0,1.0533729368161238,0.0,1.05e-08
2048.0,0.7989678907138368,0.0,0.470658904,0.0,0.0,0.0,0.7989678907138368,0.0,0.0,0.0,0.0,0.0,0.0,0.0,0.0,0.0,1.0144419913807745,0.0,1.05e-08
2049.0,0.8248032857980803,0.0,0.458301891,0.0,0.0,0.0,0.8248032857980804,0.0,0.0,0.0,0.0,0.0,0.0,0.0,0.0,0.0,0.940996045859836,0.0,1.05e-08
2050.0,0.8857761030072597,0.0,0.451387245,0.0,0.0,0.0,0.8857761030072597,0.0,0.0,0.0,0.0,0.0,0.0,0.0,0.0,0.0,0.8533816687417293,0.0,1.05e-08
2051.0,0.9404811869871329,0.0,0.450830956,0.0,0.0,0.0,0.9404811869871329,0.0,0.0,0.0,0.0,0.0,0.0,0.0,0.0,0.0,0.7965332491926634,0.0,1.05e-08
2052.0,0.9636227630066455,0.0,0.43061853,0.0,0.0,0.0,0.9636227630066455,0.0,0.0,0.0,0.0,0.0,0.0,0.0,0.0,0.0,0.6955148652810684,0.0,1.05e-08
2053.0,0.9768199068030975,0.064043684,0.371200074,0.0,0.0,0.12570719061669622,0.8511127161864014,0.0,0.0,0.0,0.0,0.0,0.0,0.0,0.0,0.0,0.5790905089200145,0.0,1.05e-08
2054.0,0.9815929773080937,0.384100297,0.344474504,0.0,0.0,0.7539255432418382,0.2276674340662555,0.0,0.0,0.0,0.0,0.0,0.0,0.0,0.0,1.1102230246251565e-16,1.099564377282287,0.0,1.05e-08
2055.0,0.978327417631055,0.669656435,0.358548698,0.0,0.0,0.978327417631055,0.0,0.0,0.0,0.0,0.0,0.0,0.0,0.0,0.0,0.33609773508567886,1.381458518344224,0.0,1e-08
2056.0,0.970575728430478,0.725171868,0.364579092,0.0,0.0,0.970575728430478,0.0,0.0,0.0,0.0,0.0,0.0,0.0,0.0,0.0,0.45281706453473725,1.404693128333721,0.0,1e-08
2057.0,0.9653486915966082,0.735697804,0.358965556,0.0,0.0,0.9653486915966082,0.0,0.0,0.0,0.0,0.0,0.0,0.0,0.0,0.0,0.4787047779650867,1.3830646377870004,0.0,1e-08
2058.0,0.9594021609584861,0.726726497,0.353830676,0.0,0.0,0.9594021609584861,0.0,0.0,0.0,0.0,0.0,0.0,0.0,0.0,0.0,0.467042112368809,1.3632803692727262,0.0,1e-08
2059.0,0.9544749132097214,0.714639209,0.345987869,0.0,0.0,0.9544749132097214,0.0,0.0,0.0,0.0,0.0,0.0,0.0,0.0,0.0,0.4482440070186653,1.333062681694121,0.0,1e-08
2060.0,0.9529609783299403,0.711211183,0.33915732,0.0,0.0,0.9529609783299403,0.0,0.0,0.0,0.0,0.0,0.0,0.0,0.0,0.0,0.4430292921564828,1.306745140580033,0.0,1e-08
2061.0,0.9567790064638156,0.701035565,0.327675685,0.0,0.0,0.9567790064638156,0.0,0.0,0.0,0.0,0.0,0.0,0.0,0.0,0.0,0.4192382038912027,1.2625073492737342,0.0,1e-08
2062.0,0.9588304203461783,0.667861683,0.313613894,0.0,0.0,0.9588304203461783,0.0,0.0,0.0,0.0,0.0,0.0,0.0,0.0,0.0,0.35207193015677773,1.2083284300126018,0.0,1e-08
2063.0,0.9690832070567758,0.556135896,0.311473104,0.0,0.0,0.9690832070567758,0.0,0.0,0.0,0.0,0.0,0.0,0.0,0.0,0.0,0.12251984762163948,1.2000801429654513,0.0,1e-08
2064.0,0.9834452455839221,0.353641437,0.352316073,0.0,0.0,0.6941398238571249,0.28930542172679724,0.0,0.0,0.0,0.0,0.0,0.0,0.0,0.0,0.0,1.0681393072886056,0.0,1.05e-08
2065.0,0.9735479230742351,0.039757197,0.414867468,0.0,0.0,0.07803682158047845,0.8955111014937566,0.0,0.0,0.0,0.0,0.0,0.0,0.0,0.0,1.3877787807814457e-17,0.7029389858985556,0.0,1.05e-08
2066.0,0.9380443299953493,0.0,0.45674747,0.0,0.0,0.0,0.9380443299953493,0.0,0.0,0.0,0.0,0.0,0.0,0.0,0.0,0.0,0.8217659459400911,0.0,1.05e-08
2067.0,0.8916605344777531,0.0,0.476956285,0.0,0.0,0.0,0.8916605344777531,0.0,0.0,0.0,0.0,0.0,0.0,0.0,0.0,0.0,0.9460126364650274,0.0,1.05e-08
2068.0,0.845552973188575,0.0,0.483448941,0.0,0.0,0.0,0.845552973188575,0.0,0.0,0.0,0.0,0.0,0.0,0.0,0.0,0.0,1.0171358650482443,0.0,1.05e-08
2069.0,0.8119059310867335,0.0,0.475682134,0.0,0.0,0.0,0.8119059310867335,0.0,0.0,0.0,0.0,0.0,0.0,0.0,0.0,0.0,1.0208580412941077,0.0,1.05e-08
2070.0,0.7880962536775579,0.0,0.461637306,0.0,0.0,0.0,0.7880962536775579,0.0,0.0,0.0,0.0,0.0,0.0,0.0,0.0,0.0,0.9905541564800581,0.0,1.05e-08
2071.0,0.7743809030339955,0.0,0.446818923,0.0,0.0,0.0,0.7743809030339955,0.0,0.0,0.0,0.0,0.0,0.0,0.0,0.0,0.0,0.9471755013787236,0.0,1.05e-08
2072.0,0.7754772745452374,0.0,0.429852187,0.0,0.0,0.0,0.7754772745452374,0.0,0.0,0.0,0.0,0.0,0.0,0.0,0.0,0.0,0.8807076974611154,0.0,1.05e-08
2073.0,0.7976531014405898,0.0,0.401941305,0.0,0.0,0.0,0.7976531014405898,0.0,0.0,0.0,0.0,0.0,0.0,0.0,0.0,0.0,0.7509935475751149,0.0,1.05e-08
2074.0,0.8520969406462998,0.0,0.374896929,0.0,0.0,0.0,0.8520969406462998,0.0,0.0,0.0,0.0,0.0,0.0,0.0,0.0,0.0,0.592349961425953,0.0,1.05e-08
2075.0,0.9071703369307307,0.0,0.35272902,0.0,0.0,0.0,0.9071703369307307,0.0,0.0,0.0,0.0,0.0,0.0,0.0,0.0,0.0,0.4518654427674853,0.0,1.05e-08
2076.0,0.9323911643905086,8.43e-06,0.317076722,0.0,0.0,1.6546699857221662e-05,0.9323746176906514,0.0,0.0,0.0,0.0,0.0,0.0,0.0,0.0,0.0,0.2892958025867173,0.0,1.05e-08
2077.0,0.9451107870014002,0.100846696,0.22850148,0.0,0.0,0.19794543419981925,0.7471653528015809,0.0,0.0,0.0,0.0,0.0,0.0,0.0,0.0,0.0,0.13323197609978454,0.0,1.05e-08
2078.0,0.9471536354813312,0.485685377,0.205286124,0.0,0.0,0.9471536354813312,0.0,0.0,0.0,0.0,0.0,0.0,0.0,0.0,0.0,0.006166667989670915,0.790950479752317,0.0,1e-08
2079.0,0.9414362293582537,0.756651062,0.246986527,0.0,0.0,0.9414362293582537,0.0,0.0,0.0,0.0,0.0,0.0,0.0,0.0,0.0,0.5437450303762679,0.9516186881827854,0.0,1e-08
2080.0,0.9334232953835137,0.80625257,0.258056928,0.0,0.0,0.9334232953835137,0.0,0.0,0.0,0.0,0.0,0.0,0.0,0.0,0.0,0.6491175450558216,0.9942720288537824,0.0,1e-08
2081.0,0.9284018282080017,0.807952268,0.25058477,0.0,0.0,0.9284018282080017,0.0,0.0,0.0,0.0,0.0,0.0,0.0,0.0,0.0,0.6574752391179196,0.9654824212576786,0.0,1e-08
2082.0,0.9260142222801997,0.796825036,0.244756856,0.0,0.0,0.9260142222801997,0.0,0.0,0.0,0.0,0.0,0.0,0.0,0.0,0.0,0.6380219235575042,0.9430279499839394,0.0,1e-08
2083.0,0.9248257726928184,0.788403104,0.245341698,0.0,0.0,0.9248257726928184,0.0,0.0,0.0,0.0,0.0,0.0,0.0,0.0,0.0,0.6226795094412165,0.9452812979037398,0.0,1e-08
2084.0,0.9262925978592259,0.794128044,0.25090506,0.0,0.0,0.9262925978592259,0.0,0.0,0.0,0.0,0.0,0.0,0.0,0.0,0.0,0.6324497974279054,0.9667164721726828,0.0,1e-08
2085.0,0.9308001408888432,0.791147862,0.255624794,0.0,0.0,0.9308001408888432,0.0,0.0,0.0,0.0,0.0,0.0,0.0,0.0,0.0,0.6220926485769481,0.9849012174387745,0.0,1e-08
2086.0,0.9326288543079848,0.755110487,0.263495454,0.0,0.0,0.9326288543079848,0.0,0.0,0.0,0.0,0.0,0.0,0.0,0.0,0.0,0.549528510748893,1.0152262203258053,0.0,1e-08
2087.0,0.9392563344394174,0.63834721,0.27950786,0.0,0.0,0.9392563344394174,0.0,0.0,0.0,0.0,0.0,0.0,0.0,0.0,0.0,0.31371397262640066,1.0769206980669743,0.0,1e-08
2088.0,0.954061632542398,0.365851981,0.311833493,0.0,0.0,0.7181071081585957,0.23595452438380224,0.0,0.0,0.0,0.0,0.0,0.0,0.0,0.0,0.0,0.9655141676315958,0.0,1.05e-08
2089.0,0.9438366833897031,0.036796041,0.371865329,0.0,0.0,0.0722245606596705,0.8716121227300325,0.0,0.0,0.0,0.0,0.0,0.0,0.0,0.0,0.0,0.5611542749433106,0.0,1.05e-08
2090.0,0.9096842825443985,0.0,0.373919556,0.0,0.0,0.0,0.9096842825443985,0.0,0.0,0.0,0.0,0.0,0.0,0.0,0.0,0.0,0.53099688208694,0.0,1.05e-08
2091.0,0.8657073651100753,0.0,0.364114592,0.0,0.0,0.0,0.8657073651100753,0.0,0.0,0.0,0.0,0.0,0.0,0.0,0.0,0.0,0.537196083089956,0.0,1.05e-08
2092.0,0.8195098670953658,0.0,0.348964508,0.0,0.0,0.0,0.8195098670953658,0.0,0.0,0.0,0.0,0.0,0.0,0.0,0.0,0.0,0.525021558804279,0.0,1.05e-08
2093.0,0.7821775605973383,0.0,0.335453334,0.0,0.0,0.0,0.7821775605973383,0.0,0.0,0.0,0.0,0.0,0.0,0.0,0.0,0.0,0.5102964278628571,0.0,1.05e-08
2094.0,0.7572993492348234,0.0,0.336464415,0.0,0.0,0.0,0.7572993492348234,0.0,0.0,0.0,0.0,0.0,0.0,0.0,0.0,0.0,0.5390702508061063,0.0,1.05e-08
2095.0,0.7444341147825951,0.0,0.341900256,0.0,0.0,0.0,0.7444341147825951,0.0,0.0,0.0,0.0,0.0,0.0,0.0,0.0,0.0,0.5728793316471307,0.0,1.05e-08
2096.0,0.7424148211593509,0.0,0.336624283,0.0,0.0,0.0,0.7424148211593509,0.0,0.0,0.0,0.0,0.0,0.0,0.0,0.0,0.0,0.5545707370809605,0.0,1.05e-08
2097.0,0.7626484430533432,0.0,0.323050564,0.0,0.0,0.0,0.7626484430533432,0.0,0.0,0.0,0.0,0.0,0.0,0.0,0.0,0.0,0.4820386970285485,0.0,1.05e-08
2098.0,0.8160151829032825,0.0,0.315276398,0.0,0.0,0.0,0.8160151829032825,0.0,0.0,0.0,0.0,0.0,0.0,0.0,0.0,0.0,0.3987187377034629,0.0,1.05e-08
2099.0,0.8702748659567137,0.0,0.304332209,0.0,0.0,0.0,0.8702748659567137,0.0,0.0,0.0,0.0,0.0,0.0,0.0,0.0,0.0,0.30229199839030096,0.0,1.05e-08
2100.0,0.9001145866777193,3.36e-05,0.278838577,0.0,0.0,6.595125921739593e-05,0.9000486354185019,0.0,0.0,0.0,0.0,0.0,0.0,0.0,0.0,1.3552527156068805e-20,0.17429337053024596,0.0,1.05e-08
2101.0,0.9186501175396515,0.13559537,0.24004961,0.0,0.0,0.2661513510579974,0.6524987664816541,0.0,0.0,0.0,0.0,0.0,0.0,0.0,0.0,0.0,0.27239255346872215,0.0,1.05e-08
2102.0,0.9292904887102778,0.537748964,0.229210712,0.0,0.0,0.9292904887102778,0.0,0.0,0.0,0.0,0.0,0.0,0.0,0.0,0.0,0.1262220505352616,0.883129941216924,0.0,1e-08
2103.0,0.9289757101709174,0.822159444,0.237195187,0.0,0.0,0.9289757101709174,0.0,0.0,0.0,0.0,0.0,0.0,0.0,0.0,0.0,0.6847877008193838,0.9138934638981764,0.0,1e-08
2104.0,0.9269863954561837,0.848593692,0.235885292,0.0,0.0,0.9269863954561837,0.0,0.0,0.0,0.0,0.0,0.0,0.0,0.0,0.0,0.738663085238431,0.9088465466565845,0.0,1e-08
2105.0,0.929609549950854,0.840823714,0.235031814,0.0,0.0,0.929609549950854,0.0,0.0,0.0,0.0,0.0,0.0,0.0,0.0,0.0,0.7207887452321099,0.905558166417314,0.0,1e-08
2106.0,0.9270784735323231,0.822683901,0.239521401,0.0,0.0,0.9270784735323231,0.0,0.0,0.0,0.0,0.0,0.0,0.0,0.0,0.0,0.687714360063793,0.9228561743018593,0.0,1e-08
2107.0,0.929511047822891,0.810044217,0.248637451,0.0,0.0,0.929511047822891,0.0,0.0,0.0,0.0,0.0,0.0,0.0,0.0,0.0,0.6604721704187615,0.9579795619934021,0.0,1e-08
2108.0,0.932930784743698,0.811605026,0.263922461,0.0,0.0,0.932930784743698,0.0,0.0,0.0,0.0,0.0,0.0,0.0,0.0,0.0,0.6601160441809261,1.0168714430273045,0.0,1e-08
2109.0,0.936369793819976,0.809890774,0.275432918,0.0,0.0,0.936369793819976,0.0,0.0,0.0,0.0,0.0,0.0,0.0,0.0,0.0,0.6533122411160786,1.0612202831189925,0.0,1e-08
2110.0,0.9376546041847126,0.779432523,0.281672004,0.0,0.0,0.9376546041847125,0.0,0.0,0.0,0.0,0.0,0.0,0.0,0.0,0.0,0.592242906733202,1.0852589661471543,0.0,1e-08
2111.0,0.9409073157581038,0.655355883,0.289188411,0.0,0.0,0.9409073157581039,0.0,0.0,0.0,0.0,0.0,0.0,0.0,0.0,0.0,0.3454482116043486,1.1142190614854233,0.0,1e-08
2112.0,0.949485566293328,0.381841153,0.340555506,0.0,0.0,0.7494912161122721,0.1999943501810559,0.0,0.0,0.0,0.0,0.0,0.0,0.0,0.0,0.0,1.1121378855709967,0.0,1.05e-08
2113.0,0.9394105116831858,0.034820917,0.389866892,0.0,0.0,0.06834771795400087,0.8710627937291849,0.0,0.0,0.0,0.0,0.0,0.0,0.0,0.0,0.0,0.6310621393079102,0.0,1.05e-08
2114.0,0.9085643561764698,4.2e-08,0.391862319,0.0,0.0,8.243907402174492e-08,0.9085642737373959,0.0,0.0,0.0,0.0,0.0,0.0,0.0,0.0,1.3234889800848443e-23,0.6012488747143988,0.0,1.05e-08
2115.0,0.863870086288502,0.0,0.380628701,0.0,0.0,0.0,0.863870086288502,0.0,0.0,0.0,0.0,0.0,0.0,0.0,0.0,0.0,0.6026608598725316,0.0,1.05e-08
2116.0,0.8201886752380683,0.0,0.359636542,0.0,0.0,0.0,0.8201886752380683,0.0,0.0,0.0,0.0,0.0,0.0,0.0,0.0,0.0,0.5654612161854959,0.0,1.05e-08
2117.0,0.7777963572535868,0.0,0.336157302,0.0,0.0,0.0,0.7777963572535868,0.0,0.0,0.0,0.0,0.0,0.0,0.0,0.0,0.0,0.5173899617649579,0.0,1.05e-08
2118.0,0.7511750864962461,0.0,0.322007213,0.0,0.0,0.0,0.7511750864962461,0.0,0.0,0.0,0.0,0.0,0.0,0.0,0.0,0.0,0.489492108360317,0.0,1.05e-08
2119.0,0.7364554424175813,0.0,0.318001538,0.0,0.0,0.0,0.7364554424175813,0.0,0.0,0.0,0.0,0.0,0.0,0.0,0.0,0.0,0.4887782175207527,0.0,1.05e-08
2120.0,0.733851560078382,0.0,0.318547522,0.0,0.0,0.0,0.733851560078382,0.0,0.0,0.0,0.0,0.0,0.0,0.0,0.0,0.0,0.49348573111530725,0.0,1.05e-08
2121.0,0.7453741676994607,0.0,0.307563853,0.0,0.0,0.0,0.7453741676994607,0.0,0.0,0.0,0.0,0.0,0.0,0.0,0.0,0.0,0.43964395405542755,0.0,1.05e-08
2122.0,0.7823531513471856,0.0,0.294043798,0.0,0.0,0.0,0.7823531513471856,0.0,0.0,0.0,0.0,0.0,0.0,0.0,0.0,0.0,0.35057331520879764,0.0,1.05e-08
2123.0,0.8255720306663143,0.0,0.281831507,0.0,0.0,0.0,0.8255720306663143,0.0,0.0,0.0,0.0,0.0,0.0,0.0,0.0,0.0,0.2603014873653695,0.0,1.05e-08
2124.0,0.8607201595442897,6.63e-05,0.2462104,0.0,0.0,0.00013013596684861162,0.8605900235774411,0.0,0.0,0.0,0.0,0.0,0.0,0.0,0.0,2.710505431213761e-20,0.08803831138011253,0.0,1.05e-08
2125.0,0.8894570847022298,0.133543771,0.181895704,0.0,0.0,0.2621244005383799,0.62733268416385,0.0,0.0,0.0,0.0,0.0,0.0,0.0,0.0,0.0,0.0734964393071813,0.0,1.05e-08
2126.0,0.9060247143555074,0.525994712,0.158557202,0.0,0.0,0.9060247143555074,0.0,0.0,0.0,0.0,0.0,0.0,0.0,0.0,0.0,0.12641616654007382,0.6109078029554742,0.0,1e-08
2127.0,0.9068833959492729,0.825125613,0.190766461,0.0,0.0,0.9068833959492729,0.0,0.0,0.0,0.0,0.0,0.0,0.0,0.0,0.0,0.7127021156541712,0.735007417494042,0.0,1e-08
2128.0,0.9009047450520323,0.847635419,0.224917728,0.0,0.0,0.9009047450520323,0.0,0.0,0.0,0.0,0.0,0.0,0.0,0.0,0.0,0.762863803766867,0.866589428452559,0.0,1e-08
2129.0,0.894474269176526,0.841892374,0.256415557,0.0,0.0,0.894474269176526,0.0,0.0,0.0,0.0,0.0,0.0,0.0,0.0,0.0,0.7580216293598685,0.9879479619631165,0.0,1e-08
2130.0,0.8883307342824776,0.824668153,0.286610091,0.0,0.0,0.8883307342824776,0.0,0.0,0.0,0.0,0.0,0.0,0.0,0.0,0.0,0.7303568587780622,1.1042850074869417,0.0,1e-08
2131.0,0.8835469570244419,0.810424118,0.314495894,0.0,0.0,0.8835469570244419,0.0,0.0,0.0,0.0,0.0,0.0,0.0,0.0,0.0,0.7071819442329235,1.2117267031620405,0.0,1e-08
2132.0,0.882493412525358,0.807653642,0.337816442,0.0,0.0,0.882493412525358,0.0,0.0,0.0,0.0,0.0,0.0,0.0,0.0,0.0,0.7027975012072581,1.3015788483985444,0.0,1e-08
2133.0,0.8835833599847761,0.80304979,0.352088587,0.0,0.0,0.8835833599847761,0.0,0.0,0.0,0.0,0.0,0.0,0.0,0.0,0.0,0.6926709514665744,1.3565682442470657,0.0,1e-08
2134.0,0.8810051738528715,0.776944232,0.361599278,0.0,0.0,0.8810051738528715,0.0,0.0,0.0,0.0,0.0,0.0,0.0,0.0,0.0,0.6440082321617895,1.3932121511154425,0.0,1e-08
2135.0,0.8819794883794634,0.653590997,0.394186923,0.0,0.0,0.8819794883794634,0.0,0.0,0.0,0.0,0.0,0.0,0.0,0.0,0.0,0.40091185880218116,1.518769655658459,0.0,1e-08
2136.0,0.8955813474408073,0.367499139,0.497652998,0.0,0.0,0.7213402076892506,0.17424113975155664,0.0,0.0,0.0,0.0,0.0,0.0,0.0,0.0,1.1102230246251565e-16,1.743174756893649,0.0,1.05e-08
2137.0,0.8944528556704471,0.036854967,0.586782508,0.0,0.0,0.07234022268052301,0.8221126329899241,0.0,0.0,0.0,0.0,0.0,0.0,0.0,0.0,1.3877787807814457e-17,1.4387119038544065,0.0,1.05e-08
2138.0,0.875975141274928,2.37e-07,0.619511808,0.0,0.0,4.651919176941321e-07,0.8759746760830103,0.0,0.0,0.0,0.0,0.0,0.0,0.0,0.0,0.0,1.5109531503190574,0.0,1.05e-08
2139.0,0.8443388273938991,0.0,0.632975441,0.0,0.0,0.0,0.8443388273938991,0.0,0.0,0.0,0.0,0.0,0.0,0.0,0.0,0.0,1.5944632649013624,0.0,1.05e-08
2140.0,0.8056039362477009,0.0,0.635781716,0.0,0.0,0.0,0.8056039362477009,0.0,0.0,0.0,0.0,0.0,0.0,0.0,0.0,0.0,1.644010501832641,0.0,1.05e-08
2141.0,0.7741196582598324,0.0,0.636661455,0.0,0.0,0.0,0.7741196582598324,0.0,0.0,0.0,0.0,0.0,0.0,0.0,0.0,0.0,1.6788843415237003,0.0,1.05e-08
2142.0,0.7528903083331694,0.0,0.640438222,0.0,0.0,0.0,0.7528903083331694,0.0,0.0,0.0,0.0,0.0,0.0,0.0,0.0,0.0,1.7146652627517076,0.0,1.05e-08
2143.0,0.7408644833192355,0.0,0.650322496,0.0,0.0,0.0,0.7408644833192355,0.0,0.0,0.0,0.0,0.0,0.0,0.0,0.0,0.0,1.7647743790761807,0.0,1.05e-08
2144.0,0.73753468312396,0.0,0.657412617,0.0,0.0,0.0,0.73753468312396,0.0,0.0,0.0,0.0,0.0,0.0,0.0,0.0,0.0,1.795421829861673,0.0,1.05e-08
2145.0,0.7440251168164873,0.0,0.653117412,0.0,0.0,0.0,0.7440251168164873,0.0,0.0,0.0,0.0,0.0,0.0,0.0,0.0,0.0,1.7723823260752285,0.0,1.05e-08
2146.0,0.7645499623931533,0.0,0.646748745,0.0,0.0,0.0,0.7645499623931533,0.0,0.0,0.0,0.0,0.0,0.0,0.0,0.0,0.0,1.7273195325804034,0.0,1.05e-08
2147.0,0.7934474888466855,0.0,0.640685134,0.0,0.0,0.0,0.7934474888466855,0.0,0.0,0.0,0.0,0.0,0.0,0.0,0.0,0.0,1.6750594137799997,0.0,1.05e-08
2148.0,0.8218567873616178,7.01e-05,0.598673012,0.0,0.0,0.00013759474021248378,0.8217191926214052,0.0,0.0,0.0,0.0,0.0,0.0,0.0,0.0,0.0,1.4849184740148678,0.0,1.05e-08
2149.0,0.8428334579165494,0.157075814,0.517989242,0.0,0.0,0.30831392041361516,0.5345195375029342,0.0,0.0,0.0,0.0,0.0,0.0,0.0,0.0,5.551115123125783e-17,1.4612502275613575,0.0,1.05e-08
2150.0,0.8487971193595348,0.494544769,0.538649508,0.0,0.0,0.8487971193595348,0.0,0.0,0.0,0.0,0.0,0.0,0.0,0.0,0.0,0.12191270965612577,2.07537206348613,0.0,1e-08
2151.0,0.8473367182449509,0.719982538,0.593894413,0.0,0.0,0.8473367182449509,0.0,0.0,0.0,0.0,0.0,0.0,0.0,0.0,0.0,0.5658702756728058,2.2882261193872546,0.0,1e-08
2152.0,0.8401931726170159,0.774467862,0.601494387,0.0,0.0,0.8401931726170159,0.0,0.0,0.0,0.0,0.0,0.0,0.0,0.0,0.0,0.6799595274515683,2.3175081914741393,0.0,1e-08
2153.0,0.8314179178258655,0.780583485,0.583898765,0.0,0.0,0.8314179178258655,0.0,0.0,0.0,0.0,0.0,0.0,0.0,0.0,0.0,0.7007387416995302,2.2497137132538754,0.0,1e-08
2154.0,0.8245142034660146,0.770366415,0.563573806,0.0,0.0,0.8245142034660146,0.0,0.0,0.0,0.0,0.0,0.0,0.0,0.0,0.0,0.6875880324875873,2.1714033250076814,0.0,1e-08
2155.0,0.823981007164649,0.758071795,0.547407876,0.0,0.0,0.823981007164649,0.0,0.0,0.0,0.0,0.0,0.0,0.0,0.0,0.0,0.6639889171639712,2.1091173319751357,0.0,1e-08
2156.0,0.829261577763716,0.751589171,0.538536404,0.0,0.0,0.8292615777637161,0.0,0.0,0.0,0.0,0.0,0.0,0.0,0.0,0.0,0.6459840246651151,2.074936283116182,0.0,1e-08
2157.0,0.8385272018440743,0.738227399,0.539362255,0.0,0.0,0.8385272018440743,0.0,0.0,0.0,0.0,0.0,0.0,0.0,0.0,0.0,0.6104914455616693,2.07811821880636,0.0,1e-08
2158.0,0.8448484688385779,0.682608462,0.542858009,0.0,0.0,0.8448484688385779,0.0,0.0,0.0,0.0,0.0,0.0,0.0,0.0,0.0,0.49499937703493313,2.0915870702295383,0.0,1e-08
2159.0,0.8551440825613332,0.545991002,0.561454722,0.0,0.0,0.8551440825613332,0.0,0.0,0.0,0.0,0.0,0.0,0.0,0.0,0.0,0.21654621813115904,2.1632386693856804,0.0,1e-08
2160.0,0.8738980311852707,0.262770871,0.592169276,0.0,0.0,0.5157758877411283,0.35812214344414234,0.0,0.0,0.0,0.0,0.0,0.0,0.0,0.0,0.0,1.9234571655732673,0.0,1.05e-08
2161.0,0.8765340337835884,0.032515654,0.581483551,0.0,0.0,0.06382286683265348,0.8127111669509349,0.0,0.0,0.0,0.0,0.0,0.0,0.0,0.0,0.0,1.4276969262503907,0.0,1.05e-08
2162.0,0.8602362143069057,8.47e-07,0.551788579,0.0,0.0,1.6625213261051892e-06,0.8602345517855796,0.0,0.0,0.0,0.0,0.0,0.0,0.0,0.0,2.117582368135751e-22,1.265761267015594,0.0,1.05e-08
2163.0,0.8284028961699504,0.0,0.524656783,0.0,0.0,0.0,0.8284028961699504,0.0,0.0,0.0,0.0,0.0,0.0,0.0,0.0,0.0,1.193056353648402,0.0,1.05e-08
2164.0,0.7920663177045938,0.0,0.492850923,0.0,0.0,0.0,0.7920663177045938,0.0,0.0,0.0,0.0,0.0,0.0,0.0,0.0,0.0,1.1068475806026403,0.0,1.05e-08
2165.0,0.7583721658893785,0.0,0.467556786,0.0,0.0,0.0,0.7583721658893785,0.0,0.0,0.0,0.0,0.0,0.0,0.0,0.0,0.0,1.043085511776899,0.0,1.05e-08
2166.0,0.7353312333484369,0.0,0.434266898,0.0,0.0,0.0,0.7353312333484369,0.0,0.0,0.0,0.0,0.0,0.0,0.0,0.0,0.0,0.9378632554989951,0.0,1.05e-08
2167.0,0.7213482138788878,0.0,0.402950919,0.0,0.0,0.0,0.7213482138788878,0.0,0.0,0.0,0.0,0.0,0.0,0.0,0.0,0.0,0.8311883944877207,0.0,1.05e-08
2168.0,0.7154637824083945,0.0,0.37615129,0.0,0.0,0.0,0.7154637824083945,0.0,0.0,0.0,0.0,0.0,0.0,0.0,0.0,0.0,0.7338160689903925,0.0,1.05e-08
2169.0,0.7196908085083776,0.0,0.349342909,0.0,0.0,0.0,0.7196908085083776,0.0,0.0,0.0,0.0,0.0,0.0,0.0,0.0,0.0,0.6262985651894765,0.0,1.05e-08
2170.0,0.732354756003464,0.0,0.316542104,0.0,0.0,0.0,0.732354756003464,0.0,0.0,0.0,0.0,0.0,0.0,0.0,0.0,0.0,0.48725582527775213,0.0,1.05e-08
2171.0,0.7560123975194791,0.0,0.28737783,0.0,0.0,0.0,0.7560123975194791,0.0,0.0,0.0,0.0,0.0,0.0,0.0,0.0,0.0,0.351230644921518,0.0,1.05e-08
2172.0,0.7865287850325794,3.66e-05,0.249464994,0.0,0.0,7.183976450466343e-05,0.7864569452680747,0.0,0.0,0.0,0.0,0.0,0.0,0.0,0.0,0.0,0.17471107155175125,0.0,1.05e-08
2173.0,0.8128117223938728,0.086300337,0.217703758,0.0,0.0,0.16939333023915554,0.6434183921547173,0.0,0.0,0.0,0.0,0.0,0.0,0.0,0.0,0.0,0.19537620574018144,0.0,1.05e-08
2174.0,0.8218782008676968,0.345551266,0.190158307,0.0,0.0,0.6782601522876588,0.14361804858003796,0.0,0.0,0.0,0.0,0.0,0.0,0.0,0.0,1.1102230246251565e-16,0.589046201783705,0.0,1.05e-08
2175.0,0.8259917353854616,0.589950263,0.174834719,0.0,0.0,0.8259917353854616,0.0,0.0,0.0,0.0,0.0,0.0,0.0,0.0,0.0,0.3319833455813215,0.6736237314822678,0.0,1e-08
2176.0,0.8262572628608404,0.675842574,0.180225516,0.0,0.0,0.8262572628608404,0.0,0.0,0.0,0.0,0.0,0.0,0.0,0.0,0.0,0.5003102605923173,0.6943940270595634,0.0,1e-08
2177.0,0.819848200491413,0.70517338,0.185721839,0.0,0.0,0.819848200491413,0.0,0.0,0.0,0.0,0.0,0.0,0.0,0.0,0.0,0.5642908583653502,0.7155709055987272,0.0,1e-08
2178.0,0.8138438533868778,0.711271376,0.194527997,0.0,0.0,0.8138438533868778,0.0,0.0,0.0,0.0,0.0,0.0,0.0,0.0,0.0,0.5822645660324642,0.749500305010422,0.0,1e-08
2179.0,0.8115547495870389,0.706400318,0.20650895,0.0,0.0,0.811554749587039,0.0,0.0,0.0,0.0,0.0,0.0,0.0,0.0,0.0,0.5749925862364409,0.7956619273285478,0.0,1e-08
2180.0,0.8152935477484221,0.704970044,0.21329595,0.0,0.0,0.8152935477484221,0.0,0.0,0.0,0.0,0.0,0.0,0.0,0.0,0.0,0.5684463960713105,0.8218116777426527,0.0,1e-08
2181.0,0.8229702896777229,0.687901857,0.212872288,0.0,0.0,0.8229702896777229,0.0,0.0,0.0,0.0,0.0,0.0,0.0,0.0,0.0,0.5272676176774864,0.8201793430498663,0.0,1e-08
2182.0,0.8331995215316335,0.634497592,0.212982078,0.0,0.0,0.8331995215316335,0.0,0.0,0.0,0.0,0.0,0.0,0.0,0.0,0.0,0.41221462021853106,0.8206023548515408,0.0,1e-08
2183.0,0.8510969299124131,0.515554927,0.225160637,0.0,0.0,0.8510969299124133,0.0,0.0,0.0,0.0,0.0,0.0,0.0,0.0,0.0,0.1608523745930227,0.8675253367660023,0.0,1e-08
2184.0,0.8785126417452827,0.320479885,0.280036492,0.0,0.0,0.6290491657617929,0.2494634759834896,0.0,0.0,0.0,0.0,0.0,0.0,0.0,0.0,0.0,0.8294939975160632,0.0,1.05e-08
2185.0,0.8840223368593944,0.047916893,0.35817871,0.0,0.0,0.09405295925997695,0.7899693775994174,0.0,0.0,0.0,0.0,0.0,0.0,0.0,0.0,-1.3877787807814457e-17,0.5900636075407084,0.0,1.05e-08
2186.0,0.8663968800058173,1.48e-06,0.375276354,0.0,0.0,2.9049959417186305e-06,0.8663939750098755,0.0,0.0,0.0,0.0,0.0,0.0,0.0,0.0,4.235164736271502e-22,0.5795148202480074,0.0,1.05e-08
2187.0,0.831124552792584,0.0,0.363436932,0.0,0.0,0.0,0.831124552792584,0.0,0.0,0.0,0.0,0.0,0.0,0.0,0.0,0.0,0.5691679274001359,0.0,1.05e-08
2188.0,0.7939292927334617,0.0,0.347982267,0.0,0.0,0.0,0.7939292927334617,0.0,0.0,0.0,0.0,0.0,0.0,0.0,0.0,0.0,0.5468176397233512,0.0,1.05e-08
2189.0,0.7670510599031737,0.0,0.331262486,0.0,0.0,0.0,0.7670510599031737,0.0,0.0,0.0,0.0,0.0,0.0,0.0,0.0,0.0,0.5092759373645288,0.0,1.05e-08
2190.0,0.7469973114602445,0.0,0.319055025,0.0,0.0,0.0,0.7469973114602445,0.0,0.0,0.0,0.0,0.0,0.0,0.0,0.0,0.0,0.48229534687421516,0.0,1.05e-08
2191.0,0.7389779534336807,0.0,0.311274829,0.0,0.0,0.0,0.7389779534336807,0.0,0.0,0.0,0.0,0.0,0.0,0.0,0.0,0.0,0.4603382523336923,0.0,1.05e-08
2192.0,0.7440957813865479,0.0,0.310868954,0.0,0.0,0.0,0.7440957813865479,0.0,0.0,0.0,0.0,0.0,0.0,0.0,0.0,0.0,0.45365662152988584,0.0,1.05e-08
2193.0,0.772509362602696,0.0,0.308490597,0.0,0.0,0.0,0.7725093626026959,0.0,0.0,0.0,0.0,0.0,0.0,0.0,0.0,0.0,0.4160794272379106,0.0,1.05e-08
2194.0,0.8298418837784554,0.0,0.309090956,0.0,0.0,0.0,0.8298418837784554,0.0,0.0,0.0,0.0,0.0,0.0,0.0,0.0,0.0,0.36106003970129374,0.0,1.05e-08
2195.0,0.8884527912671275,0.0,0.309470252,0.0,0.0,0.0,0.8884527912671276,0.0,0.0,0.0,0.0,0.0,0.0,0.0,0.0,0.0,0.3039105283719068,0.0,1.05e-08
2196.0,0.9271041697396178,5.91e-05,0.307144687,0.0,0.0,0.00011600355415916965,0.9269881661854587,0.0,0.0,0.0,0.0,0.0,0.0,0.0,0.0,0.0,0.2564149435932874,0.0,1.05e-08
2197.0,0.9536697653811532,0.1538196,0.293801734,0.0,0.0,0.3019225092951237,0.6517472560860296,0.0,0.0,0.0,0.0,0.0,0.0,0.0,0.0,0.0,0.48024655787171566,0.0,1.05e-08
2198.0,0.9704022790312385,0.514482913,0.271695131,0.0,0.0,0.9704022790312385,0.0,0.0,0.0,0.0,0.0,0.0,0.0,0.0,0.0,0.039442838771855726,1.0468188985380162,0.0,1e-08
2199.0,0.9783916581492919,0.742185424,0.336207122,0.0,0.0,0.9783916581492919,0.0,0.0,0.0,0.0,0.0,0.0,0.0,0.0,0.0,0.47839593963633054,1.2953782713635618,0.0,1e-08
2200.0,0.9780597488050682,0.786794271,0.375660096,0.0,0.0,0.9780597488050682,0.0,0.0,0.0,0.0,0.0,0.0,0.0,0.0,0.0,0.5662876594533566,1.4473873214879418,0.0,1e-08
2201.0,0.9786186413137286,0.792863336,0.393033067,0.0,0.0,0.9786186413137286,0.0,0.0,0.0,0.0,0.0,0.0,0.0,0.0,0.0,0.5776413407251195,1.5143239437955123,0.0,1e-08
2202.0,0.9786272067161602,0.782031034,0.404732486,0.0,0.0,0.9786272067161601,0.0,0.0,0.0,0.0,0.0,0.0,0.0,0.0,0.0,0.5563707527892618,1.5594008388655043,0.0,1e-08
2203.0,0.9793381351179811,0.770669423,0.412696394,0.0,0.0,0.9793381351179811,0.0,0.0,0.0,0.0,0.0,0.0,0.0,0.0,0.0,0.5333588555723154,1.5900851185945295,0.0,1e-08
2204.0,0.97960366259336,0.770802664,0.422204557,0.0,0.0,0.97960366259336,0.0,0.0,0.0,0.0,0.0,0.0,0.0,0.0,0.0,0.5333548582079302,1.6267192852877113,0.0,1e-08
2205.0,0.9827214690784539,0.765290399,0.432275293,0.0,0.0,0.9827214690784539,0.0,0.0,0.0,0.0,0.0,0.0,0.0,0.0,0.0,0.5194173845237297,1.6655209992830466,0.0,1e-08
2206.0,0.9837878616811851,0.727741366,0.442552775,0.0,0.0,0.9837878616811851,0.0,0.0,0.0,0.0,0.0,0.0,0.0,0.0,0.0,0.4446484321369045,1.7051192885397808,0.0,1e-08
2207.0,0.9891176833442339,0.610262103,0.466098779,0.0,0.0,0.9891176833442339,0.0,0.0,0.0,0.0,0.0,0.0,0.0,0.0,0.0,0.20872619003392612,1.7958400971222936,0.0,1e-08
2208.0,1.0016274535955518,0.346123612,0.552822254,0.0,0.0,0.6793835731033744,0.3222438804921775,0.0,0.0,0.0,0.0,0.0,0.0,0.0,0.0,0.0,1.8077346027055337,0.0,1.05e-08
2209.0,0.9913040023148938,0.054123015,0.609392942,0.0,0.0,0.10623455333011929,0.8850694489847746,0.0,0.0,0.0,0.0,0.0,0.0,0.0,0.0,1.3877787807814457e-17,1.4628712225073521,0.0,1.05e-08
2210.0,0.95616443883935,2.41e-06,0.604253703,0.0,0.0,4.7304325807715535e-06,0.9561597084067691,0.0,0.0,0.0,0.0,0.0,0.0,0.0,0.0,0.0,1.3719798997041233,0.0,1.05e-08
2211.0,0.9045793026951787,0.0,0.581095994,0.0,0.0,0.0,0.9045793026951787,0.0,0.0,0.0,0.0,0.0,0.0,0.0,0.0,0.0,1.334335565396196,0.0,1.05e-08
2212.0,0.8548742723847386,0.0,0.560736351,0.0,0.0,0.0,0.8548742723847386,0.0,0.0,0.0,0.0,0.0,0.0,0.0,0.0,0.0,1.3055965728732373,0.0,1.05e-08
2213.0,0.8145419336850512,0.0,0.551481264,0.0,0.0,0.0,0.8145419336850512,0.0,0.0,0.0,0.0,0.0,0.0,0.0,0.0,0.0,1.310269825804422,0.0,1.05e-08
2214.0,0.7874966755073475,0.0,0.544485241,0.0,0.0,0.0,0.7874966755073476,0.0,0.0,0.0,0.0,0.0,0.0,0.0,0.0,0.0,1.3103599852136953,0.0,1.05e-08
2215.0,0.7737941729674326,0.0,0.544098042,0.0,0.0,0.0,0.7737941729674326,0.0,0.0,0.0,0.0,0.0,0.0,0.0,0.0,0.0,1.3225706419880896,0.0,1.05e-08
2216.0,0.7730404175534538,0.0,0.545842742,0.0,0.0,0.0,0.7730404175534538,0.0,0.0,0.0,0.0,0.0,0.0,0.0,0.0,0.0,1.3300465823950682,0.0,1.05e-08
2217.0,0.792972109011733,0.0,0.553539467,0.0,0.0,0.0,0.792972109011733,0.0,0.0,0.0,0.0,0.0,0.0,0.0,0.0,0.0,1.3397697366353303,0.0,1.05e-08
2218.0,0.8447906523721648,0.0,0.565867215,0.0,0.0,0.0,0.8447906523721648,0.0,0.0,0.0,0.0,0.0,0.0,0.0,0.0,0.0,1.3354489880837948,0.0,1.05e-08
2219.0,0.8979432571613146,0.0,0.578291455,0.0,0.0,0.0,0.8979432571613146,0.0,0.0,0.0,0.0,0.0,0.0,0.0,0.0,0.0,1.330165953809591,0.0,1.05e-08
2220.0,0.9264339269993469,8.12e-05,0.570258218,0.0,0.0,0.00015938220977537352,0.9262745447895715,0.0,0.0,0.0,0.0,0.0,0.0,0.0,0.0,0.0,1.2708832675416768,0.0,1.05e-08
2221.0,0.9515562523311617,0.177985949,0.547564988,0.0,0.0,0.34935706724860754,0.6021991850825542,0.0,0.0,0.0,0.0,0.0,0.0,0.0,0.0,0.0,1.5075234864516003,0.0,1.05e-08
2222.0,0.9640446090764007,0.574334425,0.560668649,0.0,0.0,0.9640446090764007,0.0,0.0,0.0,0.0,0.0,0.0,0.0,0.0,0.0,0.1632791570143447,2.1602099950439584,0.0,1e-08
2223.0,0.9717748847708987,0.811248554,0.580430185,0.0,0.0,0.9717748847708987,0.0,0.0,0.0,0.0,0.0,0.0,0.0,0.0,0.0,0.6205722484014711,2.236349561008206,0.0,1e-08
2224.0,0.9760811408433739,0.860670263,0.573249194,0.0,0.0,0.9760811408433739,0.0,0.0,0.0,0.0,0.0,0.0,0.0,0.0,0.0,0.713272657246428,2.208681795813579,0.0,1e-08
2225.0,0.9774408984793868,0.86875956,0.563670496,0.0,0.0,0.9774408984793868,0.0,0.0,0.0,0.0,0.0,0.0,0.0,0.0,0.0,0.7277908556620074,2.171775863591377,0.0,1e-08
2226.0,0.9803981036688887,0.856841205,0.562686124,0.0,0.0,0.9803981036688887,0.0,0.0,0.0,0.0,0.0,0.0,0.0,0.0,0.0,0.7014398849948285,2.167983159581559,0.0,1e-08
2227.0,0.9814516481679726,0.845843023,0.569105447,0.0,0.0,0.9814516481679725,0.0,0.0,0.0,0.0,0.0,0.0,0.0,0.0,0.0,0.6787987228766346,2.192716280883684,0.0,1e-08
2228.0,0.9856915223716032,0.847274402,0.586420038,0.0,0.0,0.9856915223716032,0.0,0.0,0.0,0.0,0.0,0.0,0.0,0.0,0.0,0.6773684096095318,2.259427969873268,0.0,1e-08
2229.0,0.9907879368183914,0.845321386,0.599415741,0.0,0.0,0.9907879368183914,0.0,0.0,0.0,0.0,0.0,0.0,0.0,0.0,0.0,0.6684385468153708,2.30949934012608,0.0,1e-08
2230.0,0.9901176940781204,0.813648795,0.597789624,0.0,0.0,0.9901176940781204,0.0,0.0,0.0,0.0,0.0,0.0,0.0,0.0,0.0,0.6069407163673215,2.3032340456374794,0.0,1e-08
2231.0,0.9909142765042571,0.687996694,0.581328825,0.0,0.0,0.9909142765042571,0.0,0.0,0.0,0.0,0.0,0.0,0.0,0.0,0.0,0.35950978024292835,2.2398119467032305,0.0,1e-08
2232.0,0.9980685288852317,0.410365399,0.568109757,0.0,0.0,0.8054796072410451,0.19258892164418664,0.0,0.0,0.0,0.0,0.0,0.0,0.0,0.0,0.0,1.996291047910513,0.0,1.05e-08
2233.0,0.9858221447586847,0.054031233,0.582552556,0.0,0.0,0.10605440039936063,0.8797677443593241,0.0,0.0,0.0,0.0,0.0,0.0,0.0,0.0,1.3877787807814457e-17,1.3647591368103869,0.0,1.05e-08
2234.0,0.9484405871966757,3.4e-06,0.564986316,0.0,0.0,6.673639325569827e-06,0.9484339135573501,0.0,0.0,0.0,0.0,0.0,0.0,0.0,0.0,0.0,1.2284116958112319,0.0,1.05e-08
2235.0,0.9011788379298428,0.0,0.547324209,0.0,0.0,0.0,0.9011788379298428,0.0,0.0,0.0,0.0,0.0,0.0,0.0,0.0,0.0,1.207616132004937,0.0,1.05e-08
2236.0,0.8500241132578582,0.0,0.538424309,0.0,0.0,0.0,0.8500241132578582,0.0,0.0,0.0,0.0,0.0,0.0,0.0,0.0,0.0,1.2244802770820358,0.0,1.05e-08
2237.0,0.8146018915020723,0.0,0.529009313,0.0,0.0,0.0,0.8146018915020723,0.0,0.0,0.0,0.0,0.0,0.0,0.0,0.0,0.0,1.223627296900324,0.0,1.05e-08
2238.0,0.7874731206506607,0.0,0.523689046,0.0,0.0,0.0,0.7874731206506607,0.0,0.0,0.0,0.0,0.0,0.0,0.0,0.0,0.0,1.2302575184388729,0.0,1.05e-08
2239.0,0.7731710399405353,0.0,0.520768246,0.0,0.0,0.0,0.7731710399405353,0.0,0.0,0.0,0.0,0.0,0.0,0.0,0.0,0.0,1.23330599799834,0.0,1.05e-08
2240.0,0.7739954599245746,0.0,0.511980699,0.0,0.0,0.0,0.7739954599245746,0.0,0.0,0.0,0.0,0.0,0.0,0.0,0.0,0.0,1.1986238852483928,0.0,1.05e-08
2241.0,0.7949978266868009,0.0,0.494991111,0.0,0.0,0.0,0.7949978266868009,0.0,0.0,0.0,0.0,0.0,0.0,0.0,0.0,0.0,1.1121620392113072,0.0,1.05e-08
2242.0,0.8470262224068063,0.0,0.474675248,0.0,0.0,0.0,0.8470262224068063,0.0,0.0,0.0,0.0,0.0,0.0,0.0,0.0,0.0,0.9818583013818064,0.0,1.05e-08
2243.0,0.9036820767904711,0.0,0.451663618,0.0,0.0,0.0,0.9036820767904711,0.0,0.0,0.0,0.0,0.0,0.0,0.0,0.0,0.0,0.8365405372999349,0.0,1.05e-08
2244.0,0.937239182166781,0.000108202,0.413096966,0.0,0.0,0.0002123826830309725,0.93702679948375,0.0,0.0,0.0,0.0,0.0,0.0,0.0,0.0,0.0,0.6546016899407305,0.0,1.05e-08
2245.0,0.9566847870370683,0.196659221,0.365830917,0.0,0.0,0.3860096208828023,0.570675166154266,0.0,0.0,0.0,0.0,0.0,0.0,0.0,0.0,-5.551115123125783e-17,0.838841140507455,0.0,1.05e-08
2246.0,0.965436486971532,0.480884456,0.360635329,0.0,0.0,0.943896887240251,0.021539599731281008,0.0,0.0,0.0,0.0,0.0,0.0,0.0,0.0,0.0,1.367958535506465,0.0,1.05e-08
2247.0,0.968066065518026,0.634174303,0.378323148,0.0,0.0,0.968066065518026,0.0,0.0,0.0,0.0,0.0,0.0,0.0,0.0,0.0,0.27671351323686677,1.4576478408838136,0.0,1e-08
2248.0,0.9643636703169769,0.70844445,0.380621181,0.0,0.0,0.9643636703169769,0.0,0.0,0.0,0.0,0.0,0.0,0.0,0.0,0.0,0.4261959595364606,1.4665019722221628,0.0,1e-08
2249.0,0.9598218656776333,0.73405309,0.377745313,0.0,0.0,0.9598218656776333,0.0,0.0,0.0,0.0,0.0,0.0,0.0,0.0,0.0,0.4810033015223808,1.4554214903562561,0.0,1e-08
2250.0,0.9528110837873877,0.736999395,0.378731944,0.0,0.0,0.9528110837873877,0.0,0.0,0.0,0.0,0.0,0.0,0.0,0.0,0.0,0.49379719426942736,1.459222898106487,0.0,1e-08
2251.0,0.9455133609156843,0.732265879,0.383369436,0.0,0.0,0.9455133609156843,0.0,0.0,0.0,0.0,0.0,0.0,0.0,0.0,0.0,0.49180380581000893,1.477090771739522,0.0,1e-08
2252.0,0.9421214615527799,0.727306738,0.387584404,0.0,0.0,0.9421214615527799,0.0,0.0,0.0,0.0,0.0,0.0,0.0,0.0,0.0,0.48546172917331176,1.4933306952997751,0.0,1e-08
2253.0,0.9446653860749582,0.704174045,0.383298062,0.0,0.0,0.9446653860749582,0.0,0.0,0.0,0.0,0.0,0.0,0.0,0.0,0.0,0.4375121429713881,1.476815773612801,0.0,1e-08
2254.0,0.9483827707302624,0.635798512,0.367924685,0.0,0.0,0.9483827707302624,0.0,0.0,0.0,0.0,0.0,0.0,0.0,0.0,0.0,0.2995848624526728,1.417583421826748,0.0,1e-08
2255.0,0.9577875826001339,0.515214774,0.354177858,0.0,0.0,0.9577875826001339,0.0,0.0,0.0,0.0,0.0,0.0,0.0,0.0,0.0,0.0534940576589753,1.3646180328425317,0.0,1e-08
2256.0,0.9787813839599285,0.302204348,0.401020996,0.0,0.0,0.5931773003444087,0.3856040836155199,0.0,0.0,0.0,0.0,0.0,0.0,0.0,0.0,-1.1102230246251565e-16,1.1594966908379547,0.0,1.05e-08
2257.0,0.9804237998761834,0.048659997,0.449001975,0.0,0.0,0.09551154987097348,0.88491225000521,0.0,0.0,0.0,0.0,0.0,0.0,0.0,0.0,1.3877787807814457e-17,0.845055273449945,0.0,1.05e-08
2258.0,0.9511215581577592,6.59e-08,0.443396385,0.0,0.0,1.293508328103093e-07,0.9511214288069265,0.0,0.0,0.0,0.0,0.0,0.0,0.0,0.0,0.0,0.7572482193831922,0.0,1.05e-08
2259.0,0.9047013596798287,0.0,0.431675299,0.0,0.0,0.0,0.9047013596798288,0.0,0.0,0.0,0.0,0.0,0.0,0.0,0.0,0.0,0.7585079122789273,0.0,1.05e-08
2260.0,0.8626195375334919,0.0,0.419868128,0.0,0.0,0.0,0.8626195375334919,0.0,0.0,0.0,0.0,0.0,0.0,0.0,0.0,0.0,0.7550976797992649,0.0,1.05e-08
2261.0,0.8344800491951542,0.0,0.411574568,0.0,0.0,0.0,0.8344800491951542,0.0,0.0,0.0,0.0,0.0,0.0,0.0,0.0,0.0,0.7512827664808465,0.0,1.05e-08
2262.0,0.8140686952007067,0.0,0.405332601,0.0,0.0,0.0,0.8140686952007067,0.0,0.0,0.0,0.0,0.0,0.0,0.0,0.0,0.0,0.7476443371920941,0.0,1.05e-08
2263.0,0.8045118474376748,0.0,0.396297818,0.0,0.0,0.0,0.8045118474376748,0.0,0.0,0.0,0.0,0.0,0.0,0.0,0.0,0.0,0.7223909123021722,0.0,1.05e-08
2264.0,0.810338462441755,0.0,0.387181508,0.0,0.0,0.0,0.810338462441755,0.0,0.0,0.0,0.0,0.0,0.0,0.0,0.0,0.0,0.6814399078480246,0.0,1.05e-08
2265.0,0.8342744795367963,0.0,0.36699355,0.0,0.0,0.0,0.8342744795367963,0.0,0.0,0.0,0.0,0.0,0.0,0.0,0.0,0.0,0.5797213560439171,0.0,1.05e-08
2266.0,0.8954956934164915,0.0,0.348068096,0.0,0.0,0.0,0.8954956934164915,0.0,0.0,0.0,0.0,0.0,0.0,0.0,0.0,0.0,0.4455819310881026,0.0,1.05e-08
2267.0,0.9525948073759903,0.0,0.331023516,0.0,0.0,0.0,0.9525948073759903,0.0,0.0,0.0,0.0,0.0,0.0,0.0,0.0,0.0,0.3228114582199192,0.0,1.05e-08
2268.0,0.9723187878253039,0.000107363,0.295786633,0.0,0.0,0.0002107358643856333,0.9721080519609183,0.0,0.0,0.0,0.0,0.0,0.0,0.0,0.0,2.710505431213761e-20,0.16753341389710796,0.0,1.05e-08
2269.0,0.9739269421318324,0.182433095,0.197141757,0.0,0.0,0.3580860814933577,0.6158408606384748,0.0,0.0,0.0,0.0,0.0,0.0,0.0,0.0,0.0,0.14373004576319082,0.0,1.05e-08
2270.0,0.968410822965897,0.478280832,0.182474092,0.0,0.0,0.9387864026768988,0.029624420288998168,0.0,0.0,0.0,0.0,0.0,0.0,0.0,0.0,0.0,0.6734331843729148,0.0,1.05e-08
2271.0,0.9581516122034759,0.670944959,0.230502225,0.0,0.0,0.9581516122034758,0.0,0.0,0.0,0.0,0.0,0.0,0.0,0.0,0.0,0.35880270064218156,0.8881060341308141,0.0,1e-08
2272.0,0.944952327056416,0.725261198,0.23827075,0.0,0.0,0.944952327056416,0.0,0.0,0.0,0.0,0.0,0.0,0.0,0.0,0.0,0.4786158059679031,0.9180375192988903,0.0,1e-08
2273.0,0.9357316713388235,0.740679327,0.235638847,0.0,0.0,0.9357316713388235,0.0,0.0,0.0,0.0,0.0,0.0,0.0,0.0,0.0,0.5180997063975865,0.9078970144272043,0.0,1e-08
2274.0,0.9298236850116435,0.736851924,0.238381601,0.0,0.0,0.9298236850116435,0.0,0.0,0.0,0.0,0.0,0.0,0.0,0.0,0.0,0.5164951317907653,0.9184646190459294,0.0,1e-08
2275.0,0.9248236313422105,0.727351678,0.249240546,0.0,0.0,0.9248236313422105,0.0,0.0,0.0,0.0,0.0,0.0,0.0,0.0,0.0,0.5028477691930844,0.9603032372145593,0.0,1e-08
2276.0,0.9249885153390184,0.715573982,0.263454897,0.0,0.0,0.9249885153390184,0.0,0.0,0.0,0.0,0.0,0.0,0.0,0.0,0.0,0.47956521014033326,1.0150699575546922,0.0,1e-08
2277.0,0.9270699081298915,0.68761022,0.278260376,0.0,0.0,0.9270699081298914,0.0,0.0,0.0,0.0,0.0,0.0,0.0,0.0,0.0,0.4225955638864971,1.0721142452534207,0.0,1e-08
2278.0,0.9304232631818539,0.622264008,0.293415513,0.0,0.0,0.9304232631818539,0.0,0.0,0.0,0.0,0.0,0.0,0.0,0.0,0.0,0.29097837054623366,1.1305057363454445,0.0,1e-08
2279.0,0.9421086134491324,0.482180336,0.331160799,0.0,0.0,0.9421086134491324,0.0,0.0,0.0,0.0,0.0,0.0,0.0,0.0,0.0,0.0043318725350065534,1.2759352056557445,0.0,1e-08
2280.0,0.9666977424795816,0.26704592,0.418782335,0.0,0.0,0.5241671039544041,0.44253063852517754,0.0,0.0,0.0,0.0,0.0,0.0,0.0,0.0,0.0,1.1710031080618328,0.0,1.05e-08
2281.0,0.9656506220323213,0.024468254,0.484929136,0.0,0.0,0.04802714768306801,0.9176234743492533,0.0,0.0,0.0,0.0,0.0,0.0,0.0,0.0,-6.938893903907228e-18,0.9507684329628872,0.0,1.05e-08
2282.0,0.9382563237055308,0.0,0.493723191,0.0,0.0,0.0,0.9382563237055308,0.0,0.0,0.0,0.0,0.0,0.0,0.0,0.0,0.0,0.9640183511589762,0.0,1.05e-08
2283.0,0.8972644490186121,0.0,0.492544325,0.0,0.0,0.0,0.8972644490186121,0.0,0.0,0.0,0.0,0.0,0.0,0.0,0.0,0.0,1.0004681525186996,0.0,1.05e-08
2284.0,0.8514224152048131,0.0,0.49083747,0.0,0.0,0.0,0.8514224152048131,0.0,0.0,0.0,0.0,0.0,0.0,0.0,0.0,0.0,1.0397338149986153,0.0,1.05e-08
2285.0,0.8198524831926289,0.0,0.486592595,0.0,0.0,0.0,0.8198524831926289,0.0,0.0,0.0,0.0,0.0,0.0,0.0,0.0,0.0,1.0549485942497752,0.0,1.05e-08
2286.0,0.7961862762741821,0.0,0.485617563,0.0,0.0,0.0,0.7961862762741821,0.0,0.0,0.0,0.0,0.0,0.0,0.0,0.0,0.0,1.0748580834069479,0.0,1.05e-08
2287.0,0.7846979302628297,0.0,0.48853349,0.0,0.0,0.0,0.7846979302628297,0.0,0.0,0.0,0.0,0.0,0.0,0.0,0.0,0.0,1.0975812553024538,0.0,1.05e-08
2288.0,0.7876722662571949,0.0,0.501490405,0.0,0.0,0.0,0.787672266257195,0.0,0.0,0.0,0.0,0.0,0.0,0.0,0.0,0.0,1.144528842600673,0.0,1.05e-08
2289.0,0.8065182929572717,0.0,0.510011443,0.0,0.0,0.0,0.8065182929572717,0.0,0.0,0.0,0.0,0.0,0.0,0.0,0.0,0.0,1.1585136715023499,0.0,1.05e-08
2290.0,0.8602983134745346,0.0,0.514232199,0.0,0.0,0.0,0.8602983134745346,0.0,0.0,0.0,0.0,0.0,0.0,0.0,0.0,0.0,1.1209958752312688,0.0,1.05e-08
2291.0,0.9128791776513766,0.0,0.515269666,0.0,0.0,0.0,0.9128791776513766,0.0,0.0,0.0,0.0,0.0,0.0,0.0,0.0,0.0,1.0724122857137566,0.0,1.05e-08
2292.0,0.9396781805091725,0.000129166,0.502551623,0.0,0.0,0.00025353155797839773,0.939424648951194,0.0,0.0,0.0,0.0,0.0,0.0,0.0,0.0,0.0,0.9968652452072421,0.0,1.05e-08
2293.0,0.9517189949773617,0.118426079,0.492918749,0.0,0.0,0.23245086411395266,0.719268130863409,0.0,0.0,0.0,0.0,0.0,0.0,0.0,0.0,2.7755575615628914e-17,1.1799070954196005,0.0,1.05e-08
2294.0,0.9589246397729256,0.322397667,0.4976252,0.0,0.0,0.6328134555774018,0.32611118419552393,0.0,0.0,0.0,0.0,0.0,0.0,0.0,0.0,-1.1102230246251565e-16,1.5911976090517133,0.0,1.05e-08
2295.0,0.9595991652144124,0.462888428,0.522266522,0.0,0.0,0.9085736518976464,0.05102551331676599,0.0,0.0,0.0,0.0,0.0,0.0,0.0,0.0,0.0,1.961224258296994,0.0,1.05e-08
2296.0,0.9577554623410154,0.550133921,0.527026528,0.0,0.0,0.9577554623410154,0.0,0.0,0.0,0.0,0.0,0.0,0.0,0.0,0.0,0.12206670516355067,2.0305896815695053,0.0,1e-08
2297.0,0.9592758212726203,0.589870663,0.526901132,0.0,0.0,0.9592758212726203,0.0,0.0,0.0,0.0,0.0,0.0,0.0,0.0,0.0,0.19854301802054064,2.0301065411388395,0.0,1e-08
2298.0,0.9581237746455732,0.607526015,0.530947756,0.0,0.0,0.9581237746455732,0.0,0.0,0.0,0.0,0.0,0.0,0.0,0.0,0.0,0.2343496091811107,2.0456978491718036,0.0,1e-08
2299.0,0.958006000362139,0.598702454,0.53643249,0.0,0.0,0.958006000362139,0.0,0.0,0.0,0.0,0.0,0.0,0.0,0.0,0.0,0.21714818826420224,2.066830076251184,0.0,1e-08
2300.0,0.9592715385714045,0.574499126,0.542144737,0.0,0.0,0.9592715385714045,0.0,0.0,0.0,0.0,0.0,0.0,0.0,0.0,0.0,0.16837550842244708,2.0888388921276713,0.0,1e-08
2301.0,0.96227585347428,0.527044609,0.549026313,0.0,0.0,0.96227585347428,0.0,0.0,0.0,0.0,0.0,0.0,0.0,0.0,0.0,0.07222580209982998,2.1153530360580817,0.0,1e-08
2302.0,0.9574492492040866,0.461053228,0.554124326,0.0,0.0,0.9049714569299152,0.05247779227417139,0.0,0.0,0.0,0.0,0.0,0.0,0.0,0.0,0.0,2.082517466792288,0.0,1.05e-08
2303.0,0.9570124136800762,0.351123706,0.542348532,0.0,0.0,0.6891979330886523,0.2678144805914238,0.0,0.0,0.0,0.0,0.0,0.0,0.0,0.0,1.1102230246251565e-16,1.8218096168383904,0.0,1.05e-08
2304.0,0.9646356218441795,0.190661913,0.518467009,0.0,0.0,0.374237894260345,0.5903977275838345,0.0,0.0,0.0,0.0,0.0,0.0,0.0,0.0,0.0,1.4072128342693322,0.0,1.05e-08
2305.0,0.9562222553057632,0.01870173,0.504671068,0.0,0.0,0.03670841199534971,0.9195138433104134,0.0,0.0,0.0,0.0,0.0,0.0,0.0,0.0,0.0,1.0249420973732062,0.0,1.05e-08
2306.0,0.9312669553213642,0.0,0.491733944,0.0,0.0,0.0,0.9312669553213642,0.0,0.0,0.0,0.0,0.0,0.0,0.0,0.0,0.0,0.9633433151579938,0.0,1.05e-08
2307.0,0.8942815476218156,0.0,0.463725828,0.0,0.0,0.0,0.8942815476218156,0.0,0.0,0.0,0.0,0.0,0.0,0.0,0.0,0.0,0.8924157652961315,0.0,1.05e-08
2308.0,0.8534417088280574,0.0,0.444367031,0.0,0.0,0.0,0.8534417088280574,0.0,0.0,0.0,0.0,0.0,0.0,0.0,0.0,0.0,0.8586677582276058,0.0,1.05e-08
2309.0,0.8186597509040319,0.0,0.437231323,0.0,0.0,0.0,0.8186597509040319,0.0,0.0,0.0,0.0,0.0,0.0,0.0,0.0,0.0,0.8659564226157639,0.0,1.05e-08
2310.0,0.7939378581358932,0.0,0.42508042,0.0,0.0,0.0,0.7939378581358932,0.0,0.0,0.0,0.0,0.0,0.0,0.0,0.0,0.0,0.8438618897531381,0.0,1.05e-08
2311.0,0.7777856505005473,0.0,0.405852213,0.0,0.0,0.0,0.7777856505005473,0.0,0.0,0.0,0.0,0.0,0.0,0.0,0.0,0.0,0.7859294040098569,0.0,1.05e-08
2312.0,0.7736014514127221,0.0,0.388748912,0.0,0.0,0.0,0.7736014514127221,0.0,0.0,0.0,0.0,0.0,0.0,0.0,0.0,0.0,0.7242159970261763,0.0,1.05e-08
2313.0,0.7804195117482572,0.0,0.366325656,0.0,0.0,0.0,0.7804195117482572,0.0,0.0,0.0,0.0,0.0,0.0,0.0,0.0,0.0,0.6310029834165026,0.0,1.05e-08
2314.0,0.7985803062538079,0.0,0.344486119,0.0,0.0,0.0,0.7985803062538079,0.0,0.0,0.0,0.0,0.0,0.0,0.0,0.0,0.0,0.5286962567303701,0.0,1.05e-08
2315.0,0.8264585498179825,0.0,0.322691238,0.0,0.0,0.0,0.8264585498179825,0.0,0.0,0.0,0.0,0.0,0.0,0.0,0.0,0.0,0.41684413686516175,0.0,1.05e-08
2316.0,0.8619985458572026,0.000192941,0.298989919,0.0,0.0,0.0003787113662102259,0.8616198344909924,0.0,0.0,0.0,0.0,0.0,0.0,0.0,0.0,0.0,0.2903636277431936,0.0,1.05e-08
2317.0,0.8967805037812281,0.170344297,0.275798616,0.0,0.0,0.33435776451345484,0.5624227392677733,0.0,0.0,0.0,0.0,0.0,0.0,0.0,0.0,0.0,0.5002065480396584,0.0,1.05e-08
2318.0,0.9213567847080297,0.439011032,0.247880125,0.0,0.0,0.8617062610335864,0.05965052367444336,0.0,0.0,0.0,0.0,0.0,0.0,0.0,0.0,1.1102230246251565e-16,0.8954111237938206,0.0,1.05e-08
2319.0,0.9337552047277372,0.615285393,0.238773301,0.0,0.0,0.9337552047277372,0.0,0.0,0.0,0.0,0.0,0.0,0.0,0.0,0.0,0.27394855855858224,0.9199738067926813,0.0,1e-08
2320.0,0.9347273779037212,0.702890421,0.228156251,0.0,0.0,0.9347273779037212,0.0,0.0,0.0,0.0,0.0,0.0,0.0,0.0,0.0,0.4449306089056705,0.8790671900792479,0.0,1e-08
2321.0,0.927403958824723,0.730665954,0.228447764,0.0,0.0,0.927403958824723,0.0,0.0,0.0,0.0,0.0,0.0,0.0,0.0,0.0,0.506772818960393,0.8801903655901463,0.0,1e-08
2322.0,0.916615834462152,0.734462741,0.236320848,0.0,0.0,0.916615834462152,0.0,0.0,0.0,0.0,0.0,0.0,0.0,0.0,0.0,0.5250134100976735,0.910524707948962,0.0,1e-08
2323.0,0.9080268771738884,0.729740982,0.248835308,0.0,0.0,0.9080268771738884,0.0,0.0,0.0,0.0,0.0,0.0,0.0,0.0,0.0,0.5243343331070363,0.9587418886720058,0.0,1e-08
2324.0,0.9045471824360604,0.727376532,0.263303653,0.0,0.0,0.9045471824360602,0.0,0.0,0.0,0.0,0.0,0.0,0.0,0.0,0.0,0.5231730024027044,1.0144872269149943,0.0,1e-08
2325.0,0.9040718026011078,0.712853062,0.273362367,0.0,0.0,0.9040718026011078,0.0,0.0,0.0,0.0,0.0,0.0,0.0,0.0,0.0,0.49514120560950003,1.0532426211373105,0.0,1e-08
2326.0,0.906373754504594,0.665205727,0.283828362,0.0,0.0,0.906373754504594,0.0,0.0,0.0,0.0,0.0,0.0,0.0,0.0,0.0,0.39931539234877866,1.093567235412435,0.0,1e-08
2327.0,0.9173460350194439,0.566065154,0.308754526,0.0,0.0,0.9173460350194439,0.0,0.0,0.0,0.0,0.0,0.0,0.0,0.0,0.0,0.19374651573618562,1.1896056864778606,0.0,1e-08
2328.0,0.9395197205641884,0.344994966,0.372931455,0.0,0.0,0.6771682271238899,0.26235149344029857,0.0,0.0,0.0,0.0,0.0,0.0,0.0,0.0,0.0,1.1745225996522266,0.0,1.05e-08
2329.0,0.9440186981913741,0.071262899,0.455558587,0.0,0.0,0.13987731918250318,0.8041413790088708,0.0,0.0,0.0,0.0,0.0,0.0,0.0,0.0,-2.7755575615628914e-17,0.9510882289257486,0.0,1.05e-08
2330.0,0.9293204676187883,1.5e-05,0.467020973,0.0,0.0,2.9442526436337475e-05,0.9292910250923521,0.0,0.0,0.0,0.0,0.0,0.0,0.0,0.0,0.0,0.8701022093414761,0.0,1.05e-08
2331.0,0.9000096604979325,0.0,0.463191902,0.0,0.0,0.0,0.9000096604979325,0.0,0.0,0.0,0.0,0.0,0.0,0.0,0.0,0.0,0.8846304796427046,0.0,1.05e-08
2332.0,0.8676838317211617,0.0,0.460936895,0.0,0.0,0.0,0.8676838317211617,0.0,0.0,0.0,0.0,0.0,0.0,0.0,0.0,0.0,0.9082679527053075,0.0,1.05e-08
2333.0,0.8422595759536338,0.0,0.45680127,0.0,0.0,0.0,0.8422595759536338,0.0,0.0,0.0,0.0,0.0,0.0,0.0,0.0,0.0,0.9177579869380876,0.0,1.05e-08
2334.0,0.8238953531403331,0.0,0.453814011,0.0,0.0,0.0,0.8238953531403331,0.0,0.0,0.0,0.0,0.0,0.0,0.0,0.0,0.0,0.9246125475630446,0.0,1.05e-08
2335.0,0.8133856043567884,0.0,0.450143583,0.0,0.0,0.0,0.8133856043567884,0.0,0.0,0.0,0.0,0.0,0.0,0.0,0.0,0.0,0.9209804404289612,0.0,1.05e-08
2336.0,0.8107046333957049,0.0,0.443094834,0.0,0.0,0.0,0.8107046333957049,0.0,0.0,0.0,0.0,0.0,0.0,0.0,0.0,0.0,0.8965031636986243,0.0,1.05e-08
2337.0,0.8178203414657373,0.0,0.432577468,0.0,0.0,0.0,0.8178203414657373,0.0,0.0,0.0,0.0,0.0,0.0,0.0,0.0,0.0,0.8488649131335585,0.0,1.05e-08
2338.0,0.835859078986638,0.0,0.432430002,0.0,0.0,0.0,0.835859078986638,0.0,0.0,0.0,0.0,0.0,0.0,0.0,0.0,0.0,0.8302580012949079,0.0,1.05e-08
2339.0,0.8581848004245429,0.0,0.431896004,0.0,0.0,0.0,0.8581848004245429,0.0,0.0,0.0,0.0,0.0,0.0,0.0,0.0,0.0,0.8058748296696403,0.0,1.05e-08
2340.0,0.8814934017914714,0.000255159,0.413715836,0.0,0.0,0.0005008350401979622,0.8809925667512735,0.0,0.0,0.0,0.0,0.0,0.0,0.0,0.0,0.0,0.7130203776663966,0.0,1.05e-08
2341.0,0.8964357463333571,0.213488643,0.383862754,0.0,0.0,0.41904300102568753,0.4773927453076695,0.0,0.0,0.0,0.0,0.0,0.0,0.0,0.0,0.0,1.0015987399392614,0.0,1.05e-08
2342.0,0.9021338803009635,0.569308019,0.394439516,0.0,0.0,0.9021338803009635,0.0,0.0,0.0,0.0,0.0,0.0,0.0,0.0,0.0,0.21532387968746436,1.5197428756240325,0.0,1e-08
2343.0,0.8988319176635907,0.769808168,0.433198781,0.0,0.0,0.8988319176635907,0.0,0.0,0.0,0.0,0.0,0.0,0.0,0.0,0.0,0.6121745714863106,1.6690791222697006,0.0,1e-08
2344.0,0.8934378554823051,0.840326559,0.431047743,0.0,0.0,0.8934378554823051,0.0,0.0,0.0,0.0,0.0,0.0,0.0,0.0,0.0,0.7559846064186283,1.660791350525004,0.0,1e-08
2345.0,0.8852086450961678,0.843071241,0.423273396,0.0,0.0,0.8852086450961678,0.0,0.0,0.0,0.0,0.0,0.0,0.0,0.0,0.0,0.769601174961055,1.6308374336718077,0.0,1e-08
2346.0,0.872634634326613,0.831120251,0.413640212,0.0,0.0,0.872634634326613,0.0,0.0,0.0,0.0,0.0,0.0,0.0,0.0,0.0,0.7587173631295826,1.5937215713919863,0.0,1e-08
2347.0,0.8645510357818125,0.820014147,0.404234458,0.0,0.0,0.8645510357818125,0.0,0.0,0.0,0.0,0.0,0.0,0.0,0.0,0.0,0.745001510966069,1.5574819781171272,0.0,1e-08
2348.0,0.8661142217255752,0.82200549,0.395487875,0.0,0.0,0.8661142217255752,0.0,0.0,0.0,0.0,0.0,0.0,0.0,0.0,0.0,0.747347002950394,1.5237821162597156,0.0,1e-08
2349.0,0.8770715127861698,0.817066131,0.38845875,0.0,0.0,0.8770715127861698,0.0,0.0,0.0,0.0,0.0,0.0,0.0,0.0,0.0,0.726694564694062,1.4966994782194114,0.0,1e-08
2350.0,0.8893778547297378,0.782502108,0.376364466,0.0,0.0,1.3333347805192695,0.0,0.0,0.4439569257895318,0.0,0.0,0.0,0.0,0.0,0.0,0.20258781956605065,1.450101200919087,0.0,1e-08
2351.0,0.9108834388848193,0.676300303,0.363397636,0.0,0.0,1.3274659699987028,0.0,0.0,0.41658253111388366,0.0,0.3995612332105786,0.0,0.0,0.0,0.0,0.0,1.400141075950452,0.0,1.0000136218855531e-08
2352.0,0.9408473579410828,0.439627454,0.392288653,0.0,0.0,0.8629161957689824,0.07793116217210035,0.0,0.0,0.0,0.7744800685098235,0.0,0.0,0.0,0.0,0.0,1.4335246159677812,0.0,1.05e-08
2353.0,0.9419180332450299,0.078241644,0.443550733,0.0,0.0,0.1535754447928337,0.7883425884521963,0.0,0.0,0.0,0.7744695187746743,0.0,0.0,0.0,0.0,0.0,0.9206217498332393,0.0,1.05e-08
2354.0,0.9168920686905704,2.69e-05,0.429526789,0.0,0.0,5.280026407583187e-05,0.9168392684264947,0.0,0.0,0.0,0.7744589691832304,0.0,0.0,0.0,0.0,0.0,0.7380919719627598,0.0,1.05e-08
2355.0,0.8805019564600163,0.0,0.381883413,0.0,0.0,0.0,0.8805019564600163,0.0,0.0,0.0,0.77444841973549,0.0,0.0,0.0,0.0,0.0,0.5908632914015597,0.0,1.05e-08
2356.0,0.8406278667904185,0.0,0.335321824,0.0,0.0,0.0,0.8406278667904185,0.0,0.0,0.0,0.774437870431451,0.0,0.0,0.0,0.0,0.0,0.4513394245021095,0.0,1.05e-08
2357.0,0.8116361209101388,0.0,0.296406483,0.0,0.0,0.0,0.8116361209101388,0.0,0.0,0.0,0.7744273212711114,0.0,0.0,0.0,0.0,0.0,0.33039357580013173,0.0,1.05e-08
2358.0,0.7939271513828539,0.0,0.266827992,0.0,0.0,0.0,0.7939271513828539,0.0,0.0,0.0,0.7744167722544693,0.0,0.0,0.0,0.0,0.0,0.23413906259928274,0.0,1.05e-08
2359.0,0.7865202196301477,0.0,0.241299991,0.0,0.0,0.0,0.7865202196301477,0.0,0.0,0.0,0.7744062233815227,0.0,0.0,0.0,0.0,0.0,0.14318871503549868,0.0,1.05e-08
2360.0,0.7925202840334673,0.0,0.222102339,0.0,0.0,0.0,0.7925202840334673,0.0,0.0,0.0,0.7743956746522697,0.0,0.0,0.0,0.0,0.0,0.06322168314480026,0.0,1.05e-08
2361.0,0.82185464601101,0.0,0.207995692,0.0,0.0,0.0,0.8013902214541065,0.0,0.0,0.020464424556903442,0.7743851260667083,0.0,0.0,0.0,0.0,0.0,0.0,0.0,1.1112776121634103e-08
2362.0,0.887917453615154,0.0,0.200969903,0.0,0.0,0.0,0.7743204367462587,0.0,0.0,0.11359701686889527,0.7539101530679331,0.0,0.0,0.0,0.0,0.0,0.0,0.0,1.111292749859861e-08
2363.0,0.9447317679438029,0.0,0.197581859,0.0,0.0,0.0,0.761266583056557,0.0,0.0,0.18346518488724584,0.6403028666611058,0.0,0.0,0.0,0.0,0.0,0.0,0.0,1.1113078877625157e-08
2364.0,0.9727491992974906,0.000343955,0.173818924,0.0,0.0,0.000675126945360697,0.6697099572488959,0.0,0.0,0.302364115103234,0.4568289597603012,0.0,0.0,0.0,0.0,1.0842021724855044e-19,0.0,0.0,1.1113230258713772e-08
2365.0,0.9844516803696324,0.186684035,0.120315371,0.0,0.0,0.36642997571531,0.46356518677330577,0.0,0.0,0.15445651788101655,0.15445862187002607,0.0,0.0,0.0,0.0,0.0,5.551115123125783e-17,0.0,1.1113381641864482e-08
2366.0,0.9869484951784371,0.571868824,0.118112362,0.0,0.0,0.9869484951784371,0.0,0.0,0.0,0.0,0.0,0.0,0.0,0.0,0.0,0.1355357027373778,0.4550771750582584,0.0,1e-08
2367.0,0.9769291156841001,0.752419643,0.141616309,0.0,0.0,0.9769291156841001,0.0,0.0,0.0,0.0,0.0,0.0,0.0,0.0,0.0,0.49994656633237333,0.5456359414935535,0.0,1e-08
2368.0,0.9691945572883862,0.83591504,0.14495097,0.0,0.0,0.9691945572883862,0.0,0.0,0.0,0.0,0.0,0.0,0.0,0.0,0.0,0.6715688202937538,0.5584841148935313,0.0,1e-08
2369.0,0.9638904318326323,0.846684158,0.143107359,0.0,0.0,0.9638904318326323,0.0,0.0,0.0,0.0,0.0,0.0,0.0,0.0,0.0,0.6980109485102431,0.5513808339872843,0.0,1e-08
2370.0,0.9575434686308338,0.836978811,0.14476184,0.0,0.0,0.9575434686308338,0.0,0.0,0.0,0.0,0.0,0.0,0.0,0.0,0.0,0.6853079160039534,0.5577554126251035,0.0,1e-08
2371.0,0.9543271600177768,0.827931317,0.151097033,0.0,0.0,0.9543271600177768,0.0,0.0,0.0,0.0,0.0,0.0,0.0,0.0,0.0,0.6707654858651698,0.5821643879861148,0.0,1e-08
2372.0,0.9587640384773336,0.831197414,0.16147313,0.0,0.0,0.9587640384773336,0.0,0.0,0.0,0.0,0.0,0.0,0.0,0.0,0.0,0.672739417223356,0.622142632692545,0.0,1e-08
2373.0,0.9666356433119526,0.833367088,0.17082593,0.0,0.0,0.9666356433119526,0.0,0.0,0.0,0.0,0.0,0.0,0.0,0.0,0.0,0.6691265246622861,0.658178198579246,0.0,1e-08
2374.0,0.9740125961561482,0.803255238,0.177431504,0.0,0.0,0.9740125961561482,0.0,0.0,0.0,0.0,0.0,0.0,0.0,0.0,0.0,0.6026449758399551,0.6836289296005956,0.0,1e-08
2375.0,0.9851711741738849,0.700115694,0.183612818,0.0,0.0,0.9851711741738849,0.0,0.0,0.0,0.0,0.0,0.0,0.0,0.0,0.0,0.38904048109876554,0.7074450218845522,0.0,1e-08
2376.0,1.0014775590529992,0.484029647,0.22933666,0.0,0.0,0.9500703785179063,0.05140718053509277,0.0,0.0,0.0,0.0,0.0,0.0,0.0,0.0,1.1102230246251565e-16,0.8322080279229033,0.0,1.05e-08
2377.0,0.9922783168414857,0.083984706,0.293502595,0.0,0.0,0.16484812844353536,0.8274301883979504,0.0,0.0,0.0,0.0,0.0,0.0,0.0,0.0,2.7755575615628914e-17,0.3034110677007814,0.0,1.05e-08
2378.0,0.955072350029324,2.67e-05,0.31276064,0.0,0.0,5.24076970566807e-05,0.9550199423322673,0.0,0.0,0.0,0.0,0.0,0.0,0.0,0.0,0.0,0.2500209704945623,0.0,1.05e-08
2379.0,0.9071082377631018,0.0,0.314895516,0.0,0.0,0.0,0.9071082377631018,0.0,0.0,0.0,0.0,0.0,0.0,0.0,0.0,0.0,0.30615817595735717,0.0,1.05e-08
2380.0,0.8592105073657244,0.0,0.317619022,0.0,0.0,0.0,0.8592105073657244,0.0,0.0,0.0,0.0,0.0,0.0,0.0,0.0,0.0,0.3645493500192869,0.0,1.05e-08
2381.0,0.8250730959746749,0.0,0.331335791,0.0,0.0,0.0,0.8250730959746749,0.0,0.0,0.0,0.0,0.0,0.0,0.0,0.0,0.0,0.4515363394032538,0.0,1.05e-08
2382.0,0.8031435243992304,0.0,0.358032814,0.0,0.0,0.0,0.8031435243992304,0.0,0.0,0.0,0.0,0.0,0.0,0.0,0.0,0.0,0.5763273355034686,0.0,1.05e-08
2383.0,0.7923682481403068,0.0,0.380502254,0.0,0.0,0.0,0.7923682481403067,0.0,0.0,0.0,0.0,0.0,0.0,0.0,0.0,0.0,0.6736755081738706,0.0,1.05e-08
2384.0,0.7975353271571556,0.0,0.395480911,0.0,0.0,0.0,0.7975353271571557,0.0,0.0,0.0,0.0,0.0,0.0,0.0,0.0,0.0,0.7262199573857655,0.0,1.05e-08
2385.0,0.82395959365857,0.0,0.389253675,0.0,0.0,0.0,0.82395959365857,0.0,0.0,0.0,0.0,0.0,0.0,0.0,0.0,0.0,0.6758026649274147,0.0,1.05e-08
2386.0,0.8878532130969171,0.0,0.375998323,0.0,0.0,0.0,0.8878532130969171,0.0,0.0,0.0,0.0,0.0,0.0,0.0,0.0,0.0,0.5608372690854865,0.0,1.05e-08
2387.0,0.9411428643249722,0.0,0.367012775,0.0,0.0,0.0,0.9411428643249722,0.0,0.0,0.0,0.0,0.0,0.0,0.0,0.0,0.0,0.4729270435928139,0.0,1.05e-08
2388.0,0.9602222982413096,0.000510751,0.327933284,0.0,0.0,0.0010025199879923868,0.9592197782533172,0.0,0.0,0.0,0.0,0.0,0.0,0.0,0.0,0.0,0.3042800786905102,0.0,1.05e-08
2389.0,0.9636762967718429,0.255303314,0.209627531,0.0,0.0,0.5011183047819712,0.46255799198987174,0.0,0.0,0.0,0.0,0.0,0.0,0.0,0.0,0.0,0.3451195703462154,0.0,1.05e-08
2390.0,0.9594813909309782,0.563726694,0.169554036,0.0,0.0,0.9594813909309782,0.0,0.0,0.0,0.0,0.0,0.0,0.0,0.0,0.0,0.14702114846663006,0.6532776960518852,0.0,1e-08
2391.0,0.9524320647297905,0.723783253,0.186574845,0.0,0.0,0.9524320647297905,0.0,0.0,0.0,0.0,0.0,0.0,0.0,0.0,0.0,0.4682351059789319,0.7188574672609834,0.0,1e-08
2392.0,0.9447874430596082,0.805402197,0.194519453,0.0,0.0,0.9447874430596082,0.0,0.0,0.0,0.0,0.0,0.0,0.0,0.0,0.0,0.6360842554108441,0.7494673856841307,0.0,1e-08
2393.0,0.9406674844900197,0.810826132,0.198815336,0.0,0.0,0.9406674844900197,0.0,0.0,0.0,0.0,0.0,0.0,0.0,0.0,0.0,0.6508505039555309,0.766019068056047,0.0,1e-08
2394.0,0.9345218082453634,0.795238373,0.206249941,0.0,0.0,0.9345218082453634,0.0,0.0,0.0,0.0,0.0,0.0,0.0,0.0,0.0,0.6263999797708034,0.7946639870449163,0.0,1e-08
2395.0,0.9295752883411277,0.776190488,0.216525576,0.0,0.0,0.9295752883411277,0.0,0.0,0.0,0.0,0.0,0.0,0.0,0.0,0.0,0.5939586424971179,0.8342551599632072,0.0,1e-08
2396.0,0.929104191207391,0.765202178,0.226025031,0.0,0.0,0.929104191207391,0.0,0.0,0.0,0.0,0.0,0.0,0.0,0.0,0.0,0.57286149911981,0.8708557754516439,0.0,1e-08
2397.0,0.9356695721711946,0.74550242,0.229892468,0.0,0.0,0.9356695721711946,0.0,0.0,0.0,0.0,0.0,0.0,0.0,0.0,0.0,0.5276287417757096,0.885756690773918,0.0,1e-08
2398.0,0.9423955544305903,0.691450725,0.219965312,0.0,0.0,0.9423955544305903,0.0,0.0,0.0,0.0,0.0,0.0,0.0,0.0,0.0,0.41480819558522397,0.8475081786593043,0.0,1e-08
2399.0,0.9519374127393668,0.564298634,0.220396617,0.0,0.0,0.9519374127393668,0.0,0.0,0.0,0.0,0.0,0.0,0.0,0.0,0.0,0.1556877505629083,0.8491699611998016,0.0,1e-08
2400.0,0.9727663301023538,0.35115285,0.28368821,0.0,0.0,0.6892551379546832,0.2835111921476705,0.0,0.0,0.0,0.0,0.0,0.0,0.0,0.0,0.0,0.8095160491849003,0.0,1.05e-08
2401.0,0.9701089139979571,0.053883086,0.384810104,0.0,0.0,0.1057636122684297,0.8643453017295274,0.0,0.0,0.0,0.0,0.0,0.0,0.0,0.0,0.0,0.6182962448191279,0.0,1.05e-08
2402.0,0.9347894770713501,1.7e-05,0.446662631,0.0,0.0,3.336819662784914e-05,0.9347561088747223,0.0,0.0,0.0,0.0,0.0,0.0,0.0,0.0,0.0,0.7861981153712485,0.0,1.05e-08
2403.0,0.889718329476393,0.0,0.491770324,0.0,0.0,0.0,0.889718329476393,0.0,0.0,0.0,0.0,0.0,0.0,0.0,0.0,0.0,1.0050321101380857,0.0,1.05e-08
2404.0,0.8446514645826516,0.0,0.531776871,0.0,0.0,0.0,0.8446514645826516,0.0,0.0,0.0,0.0,0.0,0.0,0.0,0.0,0.0,1.2042408962017337,0.0,1.05e-08
2405.0,0.8132207203599805,0.0,0.560136078,0.0,0.0,0.0,0.8132207203599805,0.0,0.0,0.0,0.0,0.0,0.0,0.0,0.0,0.0,1.3449373226097494,0.0,1.05e-08
2406.0,0.7916594610890938,0.0,0.574378196,0.0,0.0,0.0,0.7916594610890938,0.0,0.0,0.0,0.0,0.0,0.0,0.0,0.0,0.0,1.4213722861782978,0.0,1.05e-08
2407.0,0.783539459583959,0.0,0.580945166,0.0,0.0,0.0,0.783539459583959,0.0,0.0,0.0,0.0,0.0,0.0,0.0,0.0,0.0,1.454794280681357,0.0,1.05e-08
2408.0,0.7869998821663161,0.0,0.583596148,0.0,0.0,0.0,0.7869998821663161,0.0,0.0,0.0,0.0,0.0,0.0,0.0,0.0,0.0,1.4615478727818179,0.0,1.05e-08
2409.0,0.8152678515411274,0.0,0.579245243,0.0,0.0,0.0,0.8152678515411274,0.0,0.0,0.0,0.0,0.0,0.0,0.0,0.0,0.0,1.416516225813743,0.0,1.05e-08
2410.0,0.8787503316627588,0.0,0.568531277,0.0,0.0,0.0,0.8787503316627588,0.0,0.0,0.0,0.0,0.0,0.0,0.0,0.0,0.0,1.3117537196356497,0.0,1.05e-08
2411.0,0.9305902885292696,0.0,0.550478676,0.0,0.0,0.0,0.9305902885292696,0.0,0.0,0.0,0.0,0.0,0.0,0.0,0.0,0.0,1.1903585822069733,0.0,1.05e-08
2412.0,0.9432199744146296,0.000869845,0.476982104,0.0,0.0,0.0017073622938677312,0.9415126121207619,0.0,0.0,0.0,0.0,0.0,0.0,0.0,0.0,0.0,0.8962600372964468,0.0,1.05e-08
2413.0,0.9398537712590199,0.237629743,0.332966403,0.0,0.0,0.4664279993558386,0.47342577190318125,0.0,0.0,0.0,0.0,0.0,0.0,0.0,0.0,5.551115123125783e-17,0.8094662768270747,0.0,1.05e-08
2414.0,0.9313290544889931,0.523893102,0.330724812,0.0,0.0,0.9313290544889931,0.0,0.0,0.0,0.0,0.0,0.0,0.0,0.0,0.0,0.09698671254099678,1.274255383755966,0.0,1e-08
2415.0,0.9214231665768745,0.693146107,0.424078147,0.0,0.0,0.9214231665768745,0.0,0.0,0.0,0.0,0.0,0.0,0.0,0.0,0.0,0.43910833872925237,1.6339380728047828,0.0,1e-08
2416.0,0.9149455809879945,0.768427203,0.475333168,0.0,0.0,0.9149455809879945,0.0,0.0,0.0,0.0,0.0,0.0,0.0,0.0,0.0,0.5933503015938963,1.8314194352063888,0.0,1e-08
2417.0,0.9142753382477237,0.780847477,0.5038139,0.0,0.0,0.9142753382477237,0.0,0.0,0.0,0.0,0.0,0.0,0.0,0.0,0.0,0.618399494040271,1.9411533431791324,0.0,1e-08
2418.0,0.9165173323341889,0.773339094,0.528199695,0.0,0.0,0.9165173323341889,0.0,0.0,0.0,0.0,0.0,0.0,0.0,0.0,0.0,0.6014197822890293,2.0351097971204206,0.0,1e-08
2419.0,0.9198621219837196,0.764973249,0.547543405,0.0,0.0,0.9198621219837196,0.0,0.0,0.0,0.0,0.0,0.0,0.0,0.0,0.0,0.5816542184678449,2.1096395140178457,0.0,1e-08
2420.0,0.9258172180242734,0.762541961,0.559620699,0.0,0.0,0.9258172180242734,0.0,0.0,0.0,0.0,0.0,0.0,0.0,0.0,0.0,0.5709269050130013,2.1561723302514935,0.0,1e-08
2421.0,0.9329778944570716,0.752418959,0.570789453,0.0,0.0,0.9329778944570716,0.0,0.0,0.0,0.0,0.0,0.0,0.0,0.0,0.0,0.5438964449801965,2.1992046169078265,0.0,1e-08
2422.0,0.9375817982640442,0.702944617,0.589138738,0.0,0.0,0.9375817982640442,0.0,0.0,0.0,0.0,0.0,0.0,0.0,0.0,0.0,0.4421825663561971,2.269902896416782,0.0,1e-08
2423.0,0.943354879502927,0.583592856,0.618308728,0.0,0.0,0.943354879502927,0.0,0.0,0.0,0.0,0.0,0.0,0.0,0.0,0.0,0.2021416598862522,2.3822924585328766,0.0,1e-08
2424.0,0.9607683426463225,0.36828301,0.657415923,0.0,0.0,0.7228788171985959,0.23788952544772657,0.0,0.0,0.0,0.0,0.0,0.0,0.0,0.0,0.0,2.2950797252828403,0.0,1.05e-08
2425.0,0.9551258837945213,0.058619843,0.687451773,0.0,0.0,0.1150610851480968,0.8400647986464246,0.0,0.0,0.0,0.0,0.0,0.0,0.0,0.0,0.0,1.808630101262792,0.0,1.05e-08
2426.0,0.9204552761021063,3.21e-05,0.673240412,0.0,0.0,6.30070065737622e-05,0.9203922690955326,0.0,0.0,0.0,0.0,0.0,0.0,0.0,0.0,0.0,1.6735474306965856,0.0,1.05e-08
2427.0,0.8726710372869473,0.0,0.646827005,0.0,0.0,0.0,0.8726710372869473,0.0,0.0,0.0,0.0,0.0,0.0,0.0,0.0,0.0,1.619499987002568,0.0,1.05e-08
2428.0,0.824646967203704,0.0,0.635782244,0.0,0.0,0.0,0.824646967203704,0.0,0.0,0.0,0.0,0.0,0.0,0.0,0.0,0.0,1.6249695052170268,0.0,1.05e-08
2429.0,0.7857364853076585,0.0,0.643066345,0.0,0.0,0.0,0.7857364853076585,0.0,0.0,0.0,0.0,0.0,0.0,0.0,0.0,0.0,1.6919450266211218,0.0,1.05e-08
2430.0,0.7613614913379988,0.0,0.646027833,0.0,0.0,0.0,0.7613614913379988,0.0,0.0,0.0,0.0,0.0,0.0,0.0,0.0,0.0,1.7277303892447327,0.0,1.05e-08
2431.0,0.7513057088833276,0.0,0.641184668,0.0,0.0,0.0,0.7513057088833276,0.0,0.0,0.0,0.0,0.0,0.0,0.0,0.0,0.0,1.7191258569853431,0.0,1.05e-08
2432.0,0.7524834517176694,0.0,0.633930776,0.0,0.0,0.0,0.7524834517176694,0.0,0.0,0.0,0.0,0.0,0.0,0.0,0.0,0.0,1.6899994674247791,0.0,1.05e-08
2433.0,0.7757727809291268,0.0,0.621752989,0.0,0.0,0.0,0.7757727809291268,0.0,0.0,0.0,0.0,0.0,0.0,0.0,0.0,0.0,1.6197901307510951,0.0,1.05e-08
2434.0,0.8364607985074564,0.0,0.609083827,0.0,0.0,0.0,0.8364607985074565,0.0,0.0,0.0,0.0,0.0,0.0,0.0,0.0,0.0,1.510288878421644,0.0,1.05e-08
2435.0,0.8870823268780752,0.0,0.591883809,0.0,0.0,0.0,0.8870823268780752,0.0,0.0,0.0,0.0,0.0,0.0,0.0,0.0,0.0,1.3933971013670545,0.0,1.05e-08
2436.0,0.9029411694801397,0.000956522,0.53093375,0.0,0.0,0.0018774949514625595,0.9010636745286771,0.0,0.0,0.0,0.0,0.0,0.0,0.0,0.0,0.0,1.1445802106819802,0.0,1.05e-08
2437.0,0.9092196094624855,0.216132359,0.43920814,0.0,0.0,0.42423217957369874,0.48498742988878674,0.0,0.0,0.0,0.0,0.0,0.0,0.0,0.0,0.0,1.2072452562528388,0.0,1.05e-08
2438.0,0.9132110869956003,0.535688172,0.462973025,0.0,0.0,0.9132110869956003,0.0,0.0,0.0,0.0,0.0,0.0,0.0,0.0,0.0,0.13825645738728598,1.7837968251382226,0.0,1e-08
2439.0,0.9140590618363263,0.733228881,0.532762733,0.0,0.0,0.9140590618363263,0.0,0.0,0.0,0.0,0.0,0.0,0.0,0.0,0.0,0.52514831901225,2.0526908056411335,0.0,1e-08
2440.0,0.9138813297358711,0.811789537,0.568923069,0.0,0.0,0.9138813297358711,0.0,0.0,0.0,0.0,0.0,0.0,0.0,0.0,0.0,0.6795276638551061,2.1920135935135616,0.0,1e-08
2441.0,0.9167014884864678,0.827094289,0.588769388,0.0,0.0,0.9167014884864678,0.0,0.0,0.0,0.0,0.0,0.0,0.0,0.0,0.0,0.7067482094619487,2.2684798213739867,0.0,1e-08
2442.0,0.9219991898903981,0.820722247,0.605468343,0.0,0.0,0.9219991898903981,0.0,0.0,0.0,0.0,0.0,0.0,0.0,0.0,0.0,0.6889432403887881,2.3328195157052622,0.0,1e-08
2443.0,0.9282433682630176,0.813945513,0.619461555,0.0,0.0,0.9282433682630176,0.0,0.0,0.0,0.0,0.0,0.0,0.0,0.0,0.0,0.6693974506863669,2.386734205743815,0.0,1e-08
2444.0,0.9367231166702785,0.815565739,0.633287329,0.0,0.0,0.9367231166702785,0.0,0.0,0.0,0.0,0.0,0.0,0.0,0.0,0.0,0.6640979387349619,2.4400037709982456,0.0,1e-08
2445.0,0.9460743947749526,0.805987065,0.649140937,0.0,0.0,0.9460743947749526,0.0,0.0,0.0,0.0,0.0,0.0,0.0,0.0,0.0,0.6359453031322839,2.501086413161654,0.0,1e-08
2446.0,0.9452478334403054,0.761086799,0.670934588,0.0,0.0,0.9452478334403054,0.0,0.0,0.0,0.0,0.0,0.0,0.0,0.0,0.0,0.548640046553359,2.5850555503742827,0.0,1e-08
2447.0,0.9447467573980581,0.634939897,0.717350254,0.0,0.0,0.9447467573980581,0.0,0.0,0.0,0.0,0.0,0.0,0.0,0.0,0.0,0.30153555612913463,2.7638912776771334,0.0,1e-08
2448.0,0.9572800825060629,0.42819925,0.778343988,0.0,0.0,0.8404845158763252,0.11679556662973767,0.0,0.0,0.0,0.0,0.0,0.0,0.0,0.0,0.0,2.882099530249444,0.0,1.05e-08
2449.0,0.952945988875685,0.099588129,0.804354574,0.0,0.0,0.1954750747218591,0.757470914153826,0.0,0.0,0.0,0.0,0.0,0.0,0.0,0.0,0.0,2.3416408221867684,0.0,1.05e-08
2450.0,0.9188663939510489,5.24e-05,0.795258613,0.0,0.0,0.00010285255901760557,0.9187635413920312,0.0,0.0,0.0,0.0,0.0,0.0,0.0,0.0,0.0,2.145302208514729,0.0,1.05e-08
2451.0,0.8688273129457772,0.0,0.777162161,0.0,0.0,0.0,0.8688273129457772,0.0,0.0,0.0,0.0,0.0,0.0,0.0,0.0,0.0,2.125514302117779,0.0,1.05e-08
2452.0,0.817908136840661,0.0,0.756050415,0.0,0.0,0.0,0.817908136840661,0.0,0.0,0.0,0.0,0.0,0.0,0.0,0.0,0.0,2.0950916646519544,0.0,1.05e-08
2453.0,0.7782289100763814,0.0,0.746798555,0.0,0.0,0.0,0.7782289100763814,0.0,0.0,0.0,0.0,0.0,0.0,0.0,0.0,0.0,2.099124239012191,0.0,1.05e-08
2454.0,0.7497660777962517,0.0,0.737011691,0.0,0.0,0.0,0.7497660777962517,0.0,0.0,0.0,0.0,0.0,0.0,0.0,0.0,0.0,2.089879092666007,0.0,1.05e-08
2455.0,0.7365261069876419,0.0,0.738385101,0.0,0.0,0.0,0.7365261069876419,0.0,0.0,0.0,0.0,0.0,0.0,0.0,0.0,0.0,2.10841069876506,0.0,1.05e-08
2456.0,0.7348943978244264,0.0,0.734670087,0.0,0.0,0.0,0.7348943978244263,0.0,0.0,0.0,0.0,0.0,0.0,0.0,0.0,0.0,2.0957287658353176,0.0,1.05e-08
2457.0,0.755751152745316,0.0,0.73529153,0.0,0.0,0.0,0.755751152745316,0.0,0.0,0.0,0.0,0.0,0.0,0.0,0.0,0.0,2.0772663794640955,0.0,1.05e-08
2458.0,0.8079037468005793,0.0,0.738254624,0.0,0.0,0.0,0.8079037468005793,0.0,0.0,0.0,0.0,0.0,0.0,0.0,0.0,0.0,2.0365303418481324,0.0,1.05e-08
2459.0,0.8589985136555428,0.0,0.737725679,0.0,0.0,0.0,0.8589985136555428,0.0,0.0,0.0,0.0,0.0,0.0,0.0,0.0,0.0,1.9833975935974437,0.0,1.05e-08
2460.0,0.8876497847891672,0.0014757,0.718350256,0.0,0.0,0.0028965557508068805,0.8847532290383604,0.0,0.0,0.0,0.0,0.0,0.0,0.0,0.0,0.0,1.8829909737476,0.0,1.05e-08
2461.0,0.90985559059303,0.232473371,0.712298487,0.0,0.0,0.456306891427466,0.453548699165564,0.0,0.0,0.0,0.0,0.0,0.0,0.0,0.0,0.0,2.2908785375214102,0.0,1.05e-08
2462.0,0.9246480405923632,0.567565585,0.753566869,0.0,0.0,0.9246480405923632,0.0,0.0,0.0,0.0,0.0,0.0,0.0,0.0,0.0,0.1893896087888265,2.903430903888085,0.0,1e-08
2463.0,0.9321085061102665,0.737026922,0.777050502,0.0,0.0,0.9321085061102665,0.0,0.0,0.0,0.0,0.0,0.0,0.0,0.0,0.0,0.5145538029082293,2.993911402159256,0.0,1e-08
2464.0,0.9371813657003679,0.793573781,0.781954936,0.0,0.0,0.9371813657003679,0.0,0.0,0.0,0.0,0.0,0.0,0.0,0.0,0.0,0.6204731027180844,3.0128077812696796,0.0,1e-08
2465.0,0.9422221050313508,0.809809781,0.779177872,0.0,0.0,0.9422221050313508,0.0,0.0,0.0,0.0,0.0,0.0,0.0,0.0,0.0,0.6473009540017931,3.002107983054858,0.0,1e-08
2466.0,0.9481322327091388,0.806237015,0.776462529,0.0,0.0,0.9481322327091388,0.0,0.0,0.0,0.0,0.0,0.0,0.0,0.0,0.0,0.6343780758302819,2.9916459907550665,0.0,1e-08
2467.0,0.9532629087656533,0.79934966,0.779163681,0.0,0.0,0.9532629087656533,0.0,0.0,0.0,0.0,0.0,0.0,0.0,0.0,0.0,0.6157286576628379,3.002053306303992,0.0,1e-08
2468.0,0.9569331837075841,0.794992546,0.782837763,0.0,0.0,0.9569331837075841,0.0,0.0,0.0,0.0,0.0,0.0,0.0,0.0,0.0,0.6035060864454984,3.016209240781811,0.0,1e-08
2469.0,0.9581708843589469,0.780192166,0.78715426,0.0,0.0,0.9581708843589469,0.0,0.0,0.0,0.0,0.0,0.0,0.0,0.0,0.0,0.5732176804996127,3.0328403471930723,0.0,1e-08
2470.0,0.9522136469677852,0.74495609,0.79293278,0.0,0.0,0.9522136469677852,0.0,0.0,0.0,0.0,0.0,0.0,0.0,0.0,0.0,0.5100123112812546,3.055104507464608,0.0,1e-08
2471.0,0.943676082094111,0.636443452,0.795900242,0.0,0.0,0.9436760820941111,0.0,0.0,0.0,0.0,0.0,0.0,0.0,0.0,0.0,0.3055574619554807,3.0665378934471246,0.0,1e-08
2472.0,0.9496140473298017,0.447296557,0.794225107,0.0,0.0,0.8779693802903488,0.071644667039453,0.0,0.0,0.0,0.0,0.0,0.0,0.0,0.0,0.0,2.9884390696138112,0.0,1.05e-08
2473.0,0.9402520624720883,0.111355758,0.788293786,0.0,0.0,0.2185729899168932,0.721679072555195,0.0,0.0,0.0,0.0,0.0,0.0,0.0,0.0,0.0,2.315551774194439,0.0,1.05e-08
2474.0,0.9085686388776856,7.29e-05,0.769473536,0.0,0.0,0.0001430906784806001,0.908425548199205,0.0,0.0,0.0,0.0,0.0,0.0,0.0,0.0,0.0,2.056292429796774,0.0,1.05e-08
2475.0,0.8634760777766496,0.0,0.750620934,0.0,0.0,0.0,0.8634760777766496,0.0,0.0,0.0,0.0,0.0,0.0,0.0,0.0,0.0,2.028604381881853,0.0,1.05e-08
2476.0,0.8191008691292581,0.0,0.735037214,0.0,0.0,0.0,0.8191008691292581,0.0,0.0,0.0,0.0,0.0,0.0,0.0,0.0,0.0,2.012936804537894,0.0,1.05e-08
2477.0,0.7796207879715127,0.0,0.725431733,0.0,0.0,0.0,0.7796207879715127,0.0,0.0,0.0,0.0,0.0,0.0,0.0,0.0,0.0,2.0154077607866334,0.0,1.05e-08
2478.0,0.7483870480047679,0.0,0.718227105,0.0,0.0,0.0,0.7483870480047679,0.0,0.0,0.0,0.0,0.0,0.0,0.0,0.0,0.0,2.0188826641500963,0.0,1.05e-08
2479.0,0.7275688373948204,0.0,0.719030247,0.0,0.0,0.0,0.7275688373948204,0.0,0.0,0.0,0.0,0.0,0.0,0.0,0.0,0.0,2.0427953145489175,0.0,1.05e-08
2480.0,0.7180912196042807,0.0,0.714437511,0.0,0.0,0.0,0.7180912196042807,0.0,0.0,0.0,0.0,0.0,0.0,0.0,0.0,0.0,2.0345774998777104,0.0,1.05e-08
2481.0,0.7210698382998615,0.0,0.703571034,0.0,0.0,0.0,0.7210698382998615,0.0,0.0,0.0,0.0,0.0,0.0,0.0,0.0,0.0,1.9897312428396203,0.0,1.05e-08
2482.0,0.7364789972742682,0.0,0.691909209,0.0,0.0,0.0,0.7364789972742682,0.0,0.0,0.0,0.0,0.0,0.0,0.0,0.0,0.0,1.9293900353720697,0.0,1.05e-08
2483.0,0.756742598076771,0.0,0.680800281,0.0,0.0,0.0,0.756742598076771,0.0,0.0,0.0,0.0,0.0,0.0,0.0,0.0,0.0,1.8663246525497852,0.0,1.05e-08
2484.0,0.7878864013179843,0.001945426,0.6651098,0.0,0.0,0.0038185504289958844,0.7840678508889884,0.0,0.0,0.0,0.0,0.0,0.0,0.0,0.0,4.336808689942018e-19,1.7785452724313564,0.0,1.05e-08
2485.0,0.8220388021632888,0.270337109,0.647077296,0.0,0.0,0.5306271652303697,0.2914116369329191,0.0,0.0,0.0,0.0,0.0,0.0,0.0,0.0,0.0,2.201723737906308,0.0,1.05e-08
2486.0,0.8499127630262476,0.649536428,0.661320842,0.0,0.0,0.8499127630262476,0.0,0.0,0.0,0.0,0.0,0.0,0.0,0.0,0.0,0.42502013382403325,2.54801458110294,0.0,1e-08
2487.0,0.8681527875042905,0.830844691,0.661529274,0.0,0.0,0.8681527875042905,0.0,0.0,0.0,0.0,0.0,0.0,0.0,0.0,0.0,0.7626583311129189,2.5488176523830806,0.0,1e-08
2488.0,0.8766667975212779,0.894543875,0.652463507,0.0,0.0,0.8766667975212779,0.0,0.0,0.0,0.0,0.0,0.0,0.0,0.0,0.0,0.8791753150221397,2.5138880009373126,0.0,1e-08
2489.0,0.8794783908694429,0.899480515,0.642010612,0.0,0.0,0.8794783908694429,0.0,0.0,0.0,0.0,0.0,0.0,0.0,0.0,0.0,0.8860535319210868,2.4736138598801674,0.0,1e-08
2490.0,0.8792920933665561,0.882682107,0.630431804,0.0,0.0,0.8792920933665561,0.0,0.0,0.0,0.0,0.0,0.0,0.0,0.0,0.0,0.8532673246487482,2.4290016690310674,0.0,1e-08
2491.0,0.8806197307434506,0.868850456,0.625301323,0.0,0.0,0.8806197307434506,0.0,0.0,0.0,0.0,0.0,0.0,0.0,0.0,0.0,0.8247904372568075,2.409234349500449,0.0,1e-08
2492.0,0.8859902380680492,0.865643363,0.621990705,0.0,0.0,0.8859902380680492,0.0,0.0,0.0,0.0,0.0,0.0,0.0,0.0,0.0,0.8131249352364559,2.3964788117935916,0.0,1e-08
2493.0,0.8919603235628581,0.860513917,0.617708422,0.0,0.0,0.8919603235628581,0.0,0.0,0.0,0.0,0.0,0.0,0.0,0.0,0.0,0.7970865931110627,2.379979529098356,0.0,1e-08
2494.0,0.8933457774061657,0.829678091,0.613001649,0.0,0.0,0.8933457774061657,0.0,0.0,0.0,0.0,0.0,0.0,0.0,0.0,0.0,0.7351754977883349,2.3618447214947245,0.0,1e-08
2495.0,0.8934528449365604,0.699451131,0.603706475,0.0,0.0,0.8934528449365604,0.0,0.0,0.0,0.0,0.0,0.0,0.0,0.0,0.0,0.47945438275634933,2.326031183826288,0.0,1e-08
2496.0,0.9039304734609868,0.472018456,0.589585887,0.0,0.0,0.9039304734609869,0.0,0.0,0.0,0.0,0.0,0.0,0.0,0.0,0.0,0.022563917820292878,2.271625724580612,0.0,1e-08
2497.0,0.8986499028619197,0.107888625,0.611991178,0.0,0.0,0.21176757958284,0.6868823232790797,0.0,0.0,0.0,0.0,0.0,0.0,0.0,0.0,0.0,1.6710691369145265,0.0,1.05e-08
2498.0,0.8737459952921102,8.31e-05,0.59840271,0.0,0.0,0.0001631115964573096,0.8735828836956528,0.0,0.0,0.0,0.0,0.0,0.0,0.0,0.0,0.0,1.432013331660757,0.0,1.05e-08
2499.0,0.8381781616949875,0.0,0.561600587,0.0,0.0,0.0,0.8381781616949876,0.0,0.0,0.0,0.0,0.0,0.0,0.0,0.0,0.0,1.3256225134876805,0.0,1.05e-08
2500.0,0.8002355702737102,0.0,0.527799034,0.0,0.0,0.0,0.8002355702737102,0.0,0.0,0.0,0.0,0.0,0.0,0.0,0.0,0.0,1.2333305131071102,0.0,1.05e-08
2501.0,0.7695628641662335,0.0,0.5039485,0.0,0.0,0.0,0.7695628641662335,0.0,0.0,0.0,0.0,0.0,0.0,0.0,0.0,0.0,1.1721090816953414,0.0,1.05e-08
2502.0,0.7450058553949029,0.0,0.486782236,0.0,0.0,0.0,0.7450058553949029,0.0,0.0,0.0,0.0,0.0,0.0,0.0,0.0,0.0,1.1305258931567215,0.0,1.05e-08
2503.0,0.7298536584934435,0.0,0.475447499,0.0,0.0,0.0,0.7298536584934435,0.0,0.0,0.0,0.0,0.0,0.0,0.0,0.0,0.0,1.1020062846125467,0.0,1.05e-08
2504.0,0.7221790579147507,0.0,0.472374198,0.0,0.0,0.0,0.7221790579147507,0.0,0.0,0.0,0.0,0.0,0.0,0.0,0.0,0.0,1.0978397102837079,0.0,1.05e-08
2505.0,0.7237165476512187,0.0,0.468206263,0.0,0.0,0.0,0.7237165476512187,0.0,0.0,0.0,0.0,0.0,0.0,0.0,0.0,0.0,1.0802435112512017,0.0,1.05e-08
2506.0,0.7361406638782209,0.0,0.46439301,0.0,0.0,0.0,0.7361406638782209,0.0,0.0,0.0,0.0,0.0,0.0,0.0,0.0,0.0,1.0531272461784889,0.0,1.05e-08
2507.0,0.7571280411861919,0.0,0.456994905,0.0,0.0,0.0,0.7571280411861919,0.0,0.0,0.0,0.0,0.0,0.0,0.0,0.0,0.0,1.0036355813668578,0.0,1.05e-08
2508.0,0.7909356845836256,0.003200968,0.429860801,0.0,0.0,0.006282972330791353,0.7846527122528343,0.0,0.0,0.0,0.0,0.0,0.0,0.0,0.0,0.0,0.8715654487840282,0.0,1.05e-08
2509.0,0.8296534449249606,0.285657134,0.42362143,0.0,0.0,0.5606978479682263,0.26895559695673427,0.0,0.0,0.0,0.0,0.0,0.0,0.0,0.0,1.1102230246251565e-16,1.3632227829705061,0.0,1.05e-08
2510.0,0.8561226797891408,0.516108248,0.417572239,0.0,0.0,0.8561226797891407,0.0,0.0,0.0,0.0,0.0,0.0,0.0,0.0,0.0,0.15691270259431367,1.6088713466493196,0.0,1e-08
2511.0,0.8717224189676501,0.679154803,0.411832475,0.0,0.0,0.8717224189676501,0.0,0.0,0.0,0.0,0.0,0.0,0.0,0.0,0.0,0.4613464638118877,1.5867565100446541,0.0,1e-08
2512.0,0.8784890868885958,0.753070522,0.415864452,0.0,0.0,0.8784890868885958,0.0,0.0,0.0,0.0,0.0,0.0,0.0,0.0,0.0,0.5996641632721683,1.6022913843964166,0.0,1e-08
2513.0,0.8787396249097194,0.774480823,0.426428217,0.0,0.0,0.8787396249097194,0.0,0.0,0.0,0.0,0.0,0.0,0.0,0.0,0.0,0.6414385154645409,1.6429926984060315,0.0,1e-08
2514.0,0.8743884004744784,0.777083957,0.43926212,0.0,0.0,0.8743884004744784,0.0,0.0,0.0,0.0,0.0,0.0,0.0,0.0,0.0,0.6508992626739372,1.692440666623039,0.0,1e-08
2515.0,0.8702919967615768,0.770397864,0.447459523,0.0,0.0,0.8702919967615768,0.0,0.0,0.0,0.0,0.0,0.0,0.0,0.0,0.0,0.6418719683929512,1.7240245833010757,0.0,1e-08
2516.0,0.873304877066884,0.763629208,0.451954952,0.0,0.0,0.873304877066884,0.0,0.0,0.0,0.0,0.0,0.0,0.0,0.0,0.0,0.6255733325397458,1.7413450999290894,0.0,1e-08
2517.0,0.8831101215004314,0.743543772,0.446665532,0.0,0.0,0.8831101215004314,0.0,0.0,0.0,0.0,0.0,0.0,0.0,0.0,0.0,0.5763436894118407,1.7209654015593567,0.0,1e-08
2518.0,0.8934849651956789,0.684434957,0.428856732,0.0,0.0,0.8934849651956789,0.0,0.0,0.0,0.0,0.0,0.0,0.0,0.0,0.0,0.4499479891660547,1.652349566112958,0.0,1e-08
2519.0,0.9065643347086967,0.566286741,0.400829781,0.0,0.0,0.9065643347086967,0.0,0.0,0.0,0.0,0.0,0.0,0.0,0.0,0.0,0.2049631547872961,1.5443640388522615,0.0,1e-08
2520.0,0.9203460672211037,0.361598519,0.417785512,0.0,0.0,0.7097582636665318,0.21058780355457177,0.0,0.0,0.0,0.0,0.0,0.0,0.0,0.0,1.1102230246251565e-16,1.3991052663480361,0.0,1.05e-08
2521.0,0.9168428176265888,0.081002865,0.526795223,0.0,0.0,0.15899526627877167,0.7578475513478171,0.0,0.0,0.0,0.0,0.0,0.0,0.0,0.0,2.7755575615628914e-17,1.2718509311617892,0.0,1.05e-08
2522.0,0.8899988464060271,7.19e-05,0.581832727,0.0,0.0,0.00014112784338484428,0.8898577185626422,0.0,0.0,0.0,0.0,0.0,0.0,0.0,0.0,0.0,1.3518957209257907,0.0,1.05e-08
2523.0,0.8500926364773108,0.0,0.584816811,0.0,0.0,0.0,0.8500926364773108,0.0,0.0,0.0,0.0,0.0,0.0,0.0,0.0,0.0,1.403158232186711,0.0,1.05e-08
2524.0,0.8128395599517754,0.0,0.575044086,0.0,0.0,0.0,0.8128395599517754,0.0,0.0,0.0,0.0,0.0,0.0,0.0,0.0,0.0,1.402757806485094,0.0,1.05e-08
2525.0,0.7832311050964222,0.0,0.561396985,0.0,0.0,0.0,0.7832311050964222,0.0,0.0,0.0,0.0,0.0,0.0,0.0,0.0,0.0,1.3797851083971617,0.0,1.05e-08
2526.0,0.7636291816317587,0.0,0.547784901,0.0,0.0,0.0,0.7636291816317587,0.0,0.0,0.0,0.0,0.0,0.0,0.0,0.0,0.0,1.3469407965272397,0.0,1.05e-08
2527.0,0.7561473026077764,0.0,0.537211178,0.0,0.0,0.0,0.7561473026077764,0.0,0.0,0.0,0.0,0.0,0.0,0.0,0.0,0.0,1.313682994190108,0.0,1.05e-08
2528.0,0.7612608478594278,0.0,0.533449735,0.0,0.0,0.0,0.7612608478594278,0.0,0.0,0.0,0.0,0.0,0.0,0.0,0.0,0.0,1.294076919743396,0.0,1.05e-08
2529.0,0.7895159691305917,0.0,0.520305974,0.0,0.0,0.0,0.7895159691305917,0.0,0.0,0.0,0.0,0.0,0.0,0.0,0.0,0.0,1.2151799729745678,0.0,1.05e-08
2530.0,0.855007036122428,0.0,0.511912695,0.0,0.0,0.0,0.855007036122428,0.0,0.0,0.0,0.0,0.0,0.0,0.0,0.0,0.0,1.1173502952554666,0.0,1.05e-08
2531.0,0.9181597482504438,0.0,0.508726786,0.0,0.0,0.0,0.9181597482504438,0.0,0.0,0.0,0.0,0.0,0.0,0.0,0.0,0.0,1.0419225388970028,0.0,1.05e-08
2532.0,0.9525348495589694,0.003741768,0.478585671,0.0,0.0,0.007344473550576106,0.9451903760083933,0.0,0.0,0.0,0.0,0.0,0.0,0.0,0.0,0.0,0.8987606846099785,0.0,1.05e-08
2533.0,0.9709226272289568,0.250974916,0.414246348,0.0,0.0,0.49262237327917174,0.47830025394978504,0.0,0.0,0.0,0.0,0.0,0.0,0.0,0.0,5.551115123125783e-17,1.1177567093851808,0.0,1.05e-08
2534.0,0.9767042738702711,0.510825306,0.400313606,0.0,0.0,0.9767042738702711,0.0,0.0,0.0,0.0,0.0,0.0,0.0,0.0,0.0,0.025961564546740812,1.5423752592117723,0.0,1e-08
2535.0,0.9741260877383666,0.675625463,0.471283325,0.0,0.0,0.9741260877383666,0.0,0.0,0.0,0.0,0.0,0.0,0.0,0.0,0.0,0.3520152826243166,1.8158157246323046,0.0,1e-08
2536.0,0.9659889554283686,0.760810197,0.527964338,0.0,0.0,0.9659889554283686,0.0,0.0,0.0,0.0,0.0,0.0,0.0,0.0,0.0,0.5273560004521395,2.0342029860392046,0.0,1e-08
2537.0,0.9591066545745967,0.776916431,0.564355542,0.0,0.0,0.9591066545745967,0.0,0.0,0.0,0.0,0.0,0.0,0.0,0.0,0.0,0.5658521826615671,2.174415289246627,0.0,1e-08
2538.0,0.9511665265205249,0.770210569,0.589605757,0.0,0.0,0.9511665265205249,0.0,0.0,0.0,0.0,0.0,0.0,0.0,0.0,0.0,0.5606298094347435,2.2717022820494095,0.0,1e-08
2539.0,0.9451771688702448,0.750417012,0.608626036,0.0,0.0,0.9451771688702448,0.0,0.0,0.0,0.0,0.0,0.0,0.0,0.0,0.0,0.5277676787355803,2.3449858460182673,0.0,1e-08
2540.0,0.9478774119867994,0.730948149,0.623019987,0.0,0.0,0.9478774119867994,0.0,0.0,0.0,0.0,0.0,0.0,0.0,0.0,0.0,0.4868532680481634,2.4004445503239777,0.0,1e-08
2541.0,0.9531815374425534,0.699124176,0.631253352,0.0,0.0,0.9531815374425535,0.0,0.0,0.0,0.0,0.0,0.0,0.0,0.0,0.0,0.4190839315016234,2.4321670256176606,0.0,1e-08
2542.0,0.9582693864869101,0.642191819,0.629505635,0.0,0.0,0.9582693864869101,0.0,0.0,0.0,0.0,0.0,0.0,0.0,0.0,0.0,0.30224725405356656,2.425433216372856,0.0,1e-08
2543.0,0.9658883119497976,0.534566995,0.624714994,0.0,0.0,0.9658883119497976,0.0,0.0,0.0,0.0,0.0,0.0,0.0,0.0,0.0,0.08337854686893453,2.4069752722924704,0.0,1e-08
2544.0,0.9816850553842331,0.337620299,0.682409023,0.0,0.0,0.6626929719167775,0.31899208346745567,0.0,0.0,0.0,0.0,0.0,0.0,0.0,0.0,1.1102230246251565e-16,2.3102735172078237,0.0,1.05e-08
2545.0,0.9796571963585573,0.073757979,0.724405487,0.0,0.0,0.1447747497732216,0.8348824465853357,0.0,0.0,0.0,0.0,0.0,0.0,0.0,0.0,0.0,1.9561920610996593,0.0,1.05e-08
2546.0,0.9487339522299572,9.33e-05,0.735894464,0.0,0.0,0.00018313251443401909,0.9485508197155232,0.0,0.0,0.0,0.0,0.0,0.0,0.0,0.0,0.0,1.8867897673953438,0.0,1.05e-08
2547.0,0.9036585219337843,0.0,0.731135319,0.0,0.0,0.0,0.9036585219337843,0.0,0.0,0.0,0.0,0.0,0.0,0.0,0.0,0.0,1.9133454725832215,0.0,1.05e-08
2548.0,0.8580862982965798,0.0,0.721694806,0.0,0.0,0.0,0.8580862982965798,0.0,0.0,0.0,0.0,0.0,0.0,0.0,0.0,0.0,1.9225441793895566,0.0,1.05e-08
2549.0,0.8253257753464065,0.0,0.706730674,0.0,0.0,0.0,0.8253257753464065,0.0,0.0,0.0,0.0,0.0,0.0,0.0,0.0,0.0,1.8976491377362645,0.0,1.05e-08
2550.0,0.8047945057179169,0.0,0.693250805,0.0,0.0,0.0,0.8047945057179169,0.0,0.0,0.0,0.0,0.0,0.0,0.0,0.0,0.0,1.8662435855046053,0.0,1.05e-08
2551.0,0.7963897045819321,0.0,0.678200861,0.0,0.0,0.0,0.7963897045819321,0.0,0.0,0.0,0.0,0.0,0.0,0.0,0.0,0.0,1.816662195488939,0.0,1.05e-08
2552.0,0.8009957497395126,0.0,0.660591011,0.0,0.0,0.0,0.8009957497395126,0.0,0.0,0.0,0.0,0.0,0.0,0.0,0.0,0.0,1.7442068528022845,0.0,1.05e-08
2553.0,0.8290859870138687,0.0,0.636009561,0.0,0.0,0.0,0.8290859870138686,0.0,0.0,0.0,0.0,0.0,0.0,0.0,0.0,0.0,1.621406319032158,0.0,1.05e-08
2554.0,0.8934121592750105,0.0,0.613064784,0.0,0.0,0.0,0.8934121592750105,0.0,0.0,0.0,0.0,0.0,0.0,0.0,0.0,0.0,1.4686758161599518,0.0,1.05e-08
2555.0,0.9456546900558053,0.0,0.590910512,0.0,0.0,0.0,0.9456546900558053,0.0,0.0,0.0,0.0,0.0,0.0,0.0,0.0,0.0,1.331074705239745,0.0,1.05e-08
2556.0,0.9643529635639374,0.006954397,0.531910382,0.0,0.0,0.013650334501419068,0.9507026290625183,0.0,0.0,0.0,0.0,0.0,0.0,0.0,0.0,0.0,1.0987041385772573,0.0,1.05e-08
2557.0,0.9641281217501085,0.250323158,0.473000377,0.0,0.0,0.49134307980283215,0.4727850419472764,0.0,0.0,0.0,0.0,0.0,0.0,0.0,0.0,0.0,1.3496463422176703,0.0,1.05e-08
2558.0,0.9596077306168439,0.586486517,0.538134602,0.0,0.0,0.9596077306168439,0.0,0.0,0.0,0.0,0.0,0.0,0.0,0.0,0.0,0.1915685881383552,2.073388173197825,0.0,1e-08
2559.0,0.9498795748051805,0.774930417,0.600423868,0.0,0.0,0.9498795748051806,0.0,0.0,0.0,0.0,0.0,0.0,0.0,0.0,0.0,0.5711810444511208,2.313383570188806,0.0,1e-08
2560.0,0.9403098789385014,0.843602181,0.609156249,0.0,0.0,0.9403098789385014,0.0,0.0,0.0,0.0,0.0,0.0,0.0,0.0,0.0,0.7155420887844619,2.34702871291326,0.0,1e-08
2561.0,0.9340549938128424,0.854135987,0.605432354,0.0,0.0,0.9340549938128424,0.0,0.0,0.0,0.0,0.0,0.0,0.0,0.0,0.0,0.7424730980188043,2.332680853060846,0.0,1e-08
2562.0,0.930581723126838,0.847048296,0.609342339,0.0,0.0,0.9305817231268381,0.0,0.0,0.0,0.0,0.0,0.0,0.0,0.0,0.0,0.7320344000621359,2.347745702312783,0.0,1e-08
2563.0,0.9313675987999351,0.835994611,0.621016428,0.0,0.0,0.9313675987999351,0.0,0.0,0.0,0.0,0.0,0.0,0.0,0.0,0.0,0.709551963533609,2.392725002984957,0.0,1e-08
2564.0,0.9359136861404945,0.835965054,0.626754169,0.0,0.0,0.9359136861404945,0.0,0.0,0.0,0.0,0.0,0.0,0.0,0.0,0.0,0.7049478606761245,2.4148320451377163,0.0,1e-08
2565.0,0.9417938349097721,0.834875483,0.618696162,0.0,0.0,0.9417938349097721,0.0,0.0,0.0,0.0,0.0,0.0,0.0,0.0,0.0,0.6969290637087291,2.383785209733987,0.0,1e-08
2566.0,0.9459930234518525,0.806264556,0.605264826,0.0,0.0,0.9459930234518525,0.0,0.0,0.0,0.0,0.0,0.0,0.0,0.0,0.0,0.6365713435289406,2.332035381514158,0.0,1e-08
2567.0,0.9516975814712827,0.711167152,0.606361118,0.0,0.0,0.9516975814712827,0.0,0.0,0.0,0.0,0.0,0.0,0.0,0.0,0.0,0.4442062634230395,2.3362593040397184,0.0,1e-08
2568.0,0.9657298520048134,0.521533233,0.656035533,0.0,0.0,0.9657298520048134,0.0,0.0,0.0,0.0,0.0,0.0,0.0,0.0,0.0,0.057953881330589985,2.5276507220766513,0.0,1e-08
2569.0,0.9656591874347529,0.135678393,0.678405801,0.0,0.0,0.26631431151615237,0.6993448759186006,0.0,0.0,0.0,0.0,0.0,0.0,0.0,0.0,0.0,1.9144966410448396,0.0,1.05e-08
2570.0,0.9330635484813874,0.000179662,0.678388247,0.0,0.0,0.00035264687897368417,0.9327109016024138,0.0,0.0,0.0,0.0,0.0,0.0,0.0,0.0,5.421010862427522e-20,1.6810629812489344,0.0,1.05e-08
2571.0,0.8862472001409964,0.0,0.668401101,0.0,0.0,0.0,0.8862472001409964,0.0,0.0,0.0,0.0,0.0,0.0,0.0,0.0,0.0,1.6890470340807326,0.0,1.05e-08
2572.0,0.8380132776981796,0.0,0.659960303,0.0,0.0,0.0,0.8380132776981796,0.0,0.0,0.0,0.0,0.0,0.0,0.0,0.0,0.0,1.7047592590142115,0.0,1.05e-08
2573.0,0.8017495051534913,0.0,0.657680988,0.0,0.0,0.0,0.8017495051534913,0.0,0.0,0.0,0.0,0.0,0.0,0.0,0.0,0.0,1.7322410191285,0.0,1.05e-08
2574.0,0.7792953026791127,0.0,0.650059048,0.0,0.0,0.0,0.7792953026791128,0.0,0.0,0.0,0.0,0.0,0.0,0.0,0.0,0.0,1.7253285163323198,0.0,1.05e-08
2575.0,0.7684943302128944,0.0,0.634297077,0.0,0.0,0.0,0.7684943302128944,0.0,0.0,0.0,0.0,0.0,0.0,0.0,0.0,0.0,1.6753999164271876,0.0,1.05e-08
2576.0,0.7676078110612262,0.0,0.616730374,0.0,0.0,0.0,0.7676078110612262,0.0,0.0,0.0,0.0,0.0,0.0,0.0,0.0,0.0,1.6086033798769686,0.0,1.05e-08
2577.0,0.7925909486035279,0.0,0.588603705,0.0,0.0,0.0,0.7925909486035279,0.0,0.0,0.0,0.0,0.0,0.0,0.0,0.0,0.0,1.4752505098563793,0.0,1.05e-08
2578.0,0.8513988603481263,0.0,0.564772431,0.0,0.0,0.0,0.8513988603481264,0.0,0.0,0.0,0.0,0.0,0.0,0.0,0.0,0.0,1.3246226677817161,0.0,1.05e-08
2579.0,0.8994079409771142,0.0,0.545131666,0.0,0.0,0.0,0.8994079409771142,0.0,0.0,0.0,0.0,0.0,0.0,0.0,0.0,0.0,1.2009393418761576,0.0,1.05e-08
2580.0,0.9185023643477068,0.005048648,0.493626864,0.0,0.0,0.009909663480517488,0.9085927008671894,0.0,0.0,0.0,0.0,0.0,0.0,0.0,0.0,0.0,0.9933108340226396,0.0,1.05e-08
2581.0,0.9271641275566389,0.311176204,0.434541035,0.0,0.0,0.6107875741752763,0.31637655338136267,0.0,0.0,0.0,0.0,0.0,0.0,0.0,0.0,-1.1102230246251565e-16,1.3578741626841733,0.0,1.05e-08
2582.0,0.9302519551332223,0.607653707,0.480278936,0.0,0.0,0.9302519551332223,0.0,0.0,0.0,0.0,0.0,0.0,0.0,0.0,0.0,0.2624720670325086,1.8504750708047484,0.0,1e-08
2583.0,0.9275281571599808,0.761159072,0.476030539,0.0,0.0,0.9275281571599808,0.0,0.0,0.0,0.0,0.0,0.0,0.0,0.0,0.0,0.5665015828145591,1.8341063480686306,0.0,1e-08
2584.0,0.925014211546313,0.827195111,0.462342852,0.0,0.0,0.925014211546313,0.0,0.0,0.0,0.0,0.0,0.0,0.0,0.0,0.0,0.6986333833621278,1.7813688206196272,0.0,1e-08
2585.0,0.9269221549379468,0.840723978,0.454799191,0.0,0.0,0.9269221549379468,0.0,0.0,0.0,0.0,0.0,0.0,0.0,0.0,0.0,0.7232803749239068,1.752303717870457,0.0,1e-08
2586.0,0.9308879362637669,0.83269472,0.449673612,0.0,0.0,0.9308879362637669,0.0,0.0,0.0,0.0,0.0,0.0,0.0,0.0,0.0,0.7035544842028084,1.7325552853409483,0.0,1e-08
2587.0,0.9347680635652712,0.821689802,0.442648058,0.0,0.0,0.9347680635652712,0.0,0.0,0.0,0.0,0.0,0.0,0.0,0.0,0.0,0.6780735176249891,1.70548640606869,0.0,1e-08
2588.0,0.9410015351848512,0.816794113,0.43255092,0.0,0.0,0.9410015351848512,0.0,0.0,0.0,0.0,0.0,0.0,0.0,0.0,0.0,0.6622306158183034,1.666582967348081,0.0,1e-08
2589.0,0.9501408195793436,0.803520753,0.41847888,0.0,0.0,0.9501408195793436,0.0,0.0,0.0,0.0,0.0,0.0,0.0,0.0,0.0,0.6270379145772095,1.6123645595364853,0.0,1e-08
2590.0,0.9544021072890531,0.749639747,0.402249496,0.0,0.0,0.9544021072890531,0.0,0.0,0.0,0.0,0.0,0.0,0.0,0.0,0.0,0.5170170972960694,1.54983408348305,0.0,1e-08
2591.0,0.9553378775047029,0.614745576,0.385894822,0.0,0.0,0.9553378775047029,0.0,0.0,0.0,0.0,0.0,0.0,0.0,0.0,0.0,0.25130631402873094,1.4868208754081937,0.0,1e-08
2592.0,0.9657898098218345,0.421889238,0.41155903,0.0,0.0,0.8280990028680848,0.13769080695374963,0.0,0.0,0.0,0.0,0.0,0.0,0.0,0.0,0.0,1.4480121420916434,0.0,1.05e-08
2593.0,0.9596526989796097,0.087183733,0.516008628,0.0,0.0,0.17112729091140585,0.7885254080682038,0.0,0.0,0.0,0.0,0.0,0.0,0.0,0.0,0.0,1.199613214846879,0.0,1.05e-08
2594.0,0.9249478296774684,0.00016637,0.554775227,0.0,0.0,0.0003265568748808977,0.9246212728025875,0.0,0.0,0.0,0.0,0.0,0.0,0.0,0.0,0.0,1.2128818540543966,0.0,1.05e-08
2595.0,0.8756282424764491,0.0,0.560437289,0.0,0.0,0.0,0.8756282424764491,0.0,0.0,0.0,0.0,0.0,0.0,0.0,0.0,0.0,1.2836903415971532,0.0,1.05e-08
2596.0,0.8275463559267927,0.0,0.553345522,0.0,0.0,0.0,0.8275463559267927,0.0,0.0,0.0,0.0,0.0,0.0,0.0,0.0,0.0,1.3044482356545473,0.0,1.05e-08
2597.0,0.787708669217529,0.0,0.538898001,0.0,0.0,0.0,0.787708669217529,0.0,0.0,0.0,0.0,0.0,0.0,0.0,0.0,0.0,1.2886208172728224,0.0,1.05e-08
2598.0,0.7611195187193067,0.0,0.524972862,0.0,0.0,0.0,0.7611195187193067,0.0,0.0,0.0,0.0,0.0,0.0,0.0,0.0,0.0,1.2615575573788662,0.0,1.05e-08
2599.0,0.7480016048953468,0.0,0.512162045,0.0,0.0,0.0,0.7480016048953468,0.0,0.0,0.0,0.0,0.0,0.0,0.0,0.0,0.0,1.2253164514369836,0.0,1.05e-08
2600.0,0.748686837089873,0.0,0.500194425,0.0,0.0,0.0,0.748686837089873,0.0,0.0,0.0,0.0,0.0,0.0,0.0,0.0,0.0,1.1785209678720658,0.0,1.05e-08
2601.0,0.7726528330934249,0.0,0.472815471,0.0,0.0,0.0,0.7726528330934249,0.0,0.0,0.0,0.0,0.0,0.0,0.0,0.0,0.0,1.0490661235262038,0.0,1.05e-08
2602.0,0.8276812610150901,0.0,0.44353918,0.0,0.0,0.0,0.8276812610150901,0.0,0.0,0.0,0.0,0.0,0.0,0.0,0.0,0.0,0.8812385645155887,0.0,1.05e-08
2603.0,0.8836840034633471,0.0,0.412745585,0.0,0.0,0.0,0.8836840034633471,0.0,0.0,0.0,0.0,0.0,0.0,0.0,0.0,0.0,0.7065906439911529,0.0,1.05e-08
2604.0,0.9125237134504662,0.004969372,0.336983401,0.0,0.0,0.009754057765466347,0.9027696556849999,0.0,0.0,0.0,0.0,0.0,0.0,0.0,0.0,1.734723475976807e-18,0.39559955454723894,0.0,1.05e-08
2605.0,0.9311705945440089,0.209638311,0.248584352,0.0,0.0,0.41148543424577577,0.5196851602982332,0.0,0.0,0.0,0.0,0.0,0.0,0.0,0.0,0.0,0.4380898156339874,0.0,1.05e-08
2606.0,0.9412820521144853,0.439173872,0.305271346,0.0,0.0,0.8620258891005793,0.079256163013906,0.0,0.0,0.0,0.0,0.0,0.0,0.0,0.0,1.1102230246251565e-16,1.096929118624202,0.0,1.05e-08
2607.0,0.9420979066960931,0.594591627,0.352141705,0.0,0.0,0.9420979066960931,0.0,0.0,0.0,0.0,0.0,0.0,0.0,0.0,0.0,0.2249874064220676,1.356772903513678,0.0,1e-08
2608.0,0.9386182119582649,0.68314369,0.351571962,0.0,0.0,0.9386182119582649,0.0,0.0,0.0,0.0,0.0,0.0,0.0,0.0,0.0,0.4022801982178772,1.3545777307937452,0.0,1e-08
2609.0,0.9369201209262048,0.722389985,0.344687665,0.0,0.0,0.9369201209262048,0.0,0.0,0.0,0.0,0.0,0.0,0.0,0.0,0.0,0.4810122944543238,1.3280531030750813,0.0,1e-08
2610.0,0.9346567133336606,0.734844221,0.343533934,0.0,0.0,0.9346567133336606,0.0,0.0,0.0,0.0,0.0,0.0,0.0,0.0,0.0,0.5077213135584938,1.3236078728268104,0.0,1e-08
2611.0,0.9328965231339716,0.732441953,0.348770985,0.0,0.0,0.9328965231339716,0.0,0.0,0.0,0.0,0.0,0.0,0.0,0.0,0.0,0.5047662478183716,1.3437857977650656,0.0,1e-08
2612.0,0.9323997297929402,0.724334325,0.360088902,0.0,0.0,0.9323997297929402,0.0,0.0,0.0,0.0,0.0,0.0,0.0,0.0,0.0,0.48934910437767043,1.3873927971399813,0.0,1e-08
2613.0,0.9327723247987137,0.692511233,0.380009287,0.0,0.0,0.9327723247987137,0.0,0.0,0.0,0.0,0.0,0.0,0.0,0.0,0.0,0.42651302753883014,1.4641443951807767,0.0,1e-08
2614.0,0.9295859950941672,0.616792034,0.401571597,0.0,0.0,0.9295859950941671,0.0,0.0,0.0,0.0,0.0,0.0,0.0,0.0,0.0,0.2810750560236571,1.5472221946284792,0.0,1e-08
2615.0,0.929448948655262,0.498248714,0.438248575,0.0,0.0,0.929448948655262,0.0,0.0,0.0,0.0,0.0,0.0,0.0,0.0,0.0,0.04853111359914797,1.6885355614538238,0.0,1e-08
2616.0,0.9444426856117372,0.327011781,0.520175304,0.0,0.0,0.64187020047242,0.3025724851393171,0.0,0.0,0.0,0.0,0.0,0.0,0.0,0.0,0.0,1.7016199962487932,0.0,1.05e-08
2617.0,0.9471600595331549,0.092520491,0.632355476,0.0,0.0,0.18160246681136155,0.7655575927217934,0.0,0.0,0.0,0.0,0.0,0.0,0.0,0.0,0.0,1.670855825635722,0.0,1.05e-08
2618.0,0.9171404653610861,0.000274059,0.670433994,0.0,0.0,0.0005379326235077474,0.9166025327375784,0.0,0.0,0.0,0.0,0.0,0.0,0.0,0.0,1.0842021724855044e-19,1.666524270302271,0.0,1.05e-08
2619.0,0.875711755150157,0.0,0.669926834,0.0,0.0,0.0,0.875711755150157,0.0,0.0,0.0,0.0,0.0,0.0,0.0,0.0,0.0,1.7054610022995909,0.0,1.05e-08
2620.0,0.8332316417907518,0.0,0.655588516,0.0,0.0,0.0,0.8332316417907518,0.0,0.0,0.0,0.0,0.0,0.0,0.0,0.0,0.0,1.6926967607071668,0.0,1.05e-08
2621.0,0.8007602011726442,0.0,0.633504007,0.0,0.0,0.0,0.8007602011726442,0.0,0.0,0.0,0.0,0.0,0.0,0.0,0.0,0.0,1.6400784122626466,0.0,1.05e-08
2622.0,0.779916294355402,0.0,0.604915842,0.0,0.0,0.0,0.779916294355402,0.0,0.0,0.0,0.0,0.0,0.0,0.0,0.0,0.0,1.5507744806317905,0.0,1.05e-08
2623.0,0.7705478854458649,0.0,0.573828408,0.0,0.0,0.0,0.7705478854458649,0.0,0.0,0.0,0.0,0.0,0.0,0.0,0.0,0.0,1.4403655740683707,0.0,1.05e-08
2624.0,0.7737384978516273,0.0,0.547104624,0.0,0.0,0.0,0.7737384978516273,0.0,0.0,0.0,0.0,0.0,0.0,0.0,0.0,0.0,1.3342104292152164,0.0,1.05e-08
2625.0,0.8007966041329784,0.0,0.513992995,0.0,0.0,0.0,0.8007966041329784,0.0,0.0,0.0,0.0,0.0,0.0,0.0,0.0,0.0,1.1795759513183597,0.0,1.05e-08
2626.0,0.8608036722179976,0.0,0.480695028,0.0,0.0,0.0,0.8608036722179976,0.0,0.0,0.0,0.0,0.0,0.0,0.0,0.0,0.0,0.9912745666947965,0.0,1.05e-08
2627.0,0.9136993149342001,0.0,0.445463943,0.0,0.0,0.0,0.9136993149342001,0.0,0.0,0.0,0.0,0.0,0.0,0.0,0.0,0.0,0.8026364634558132,0.0,1.05e-08
2628.0,0.9304917864013065,0.006261039,0.36052459,0.0,0.0,0.012289387085095997,0.9182023993162106,0.0,0.0,0.0,0.0,0.0,0.0,0.0,0.0,0.0,0.47086906770124537,0.0,1.05e-08
2629.0,0.9329157952894427,0.217959138,0.311705718,0.0,0.0,0.4278178455070885,0.5050979497823541,0.0,0.0,0.0,0.0,0.0,0.0,0.0,0.0,0.0,0.6958784357118767,0.0,1.05e-08
2630.0,0.9290870604025279,0.523767052,0.383737658,0.0,0.0,0.9290870604025279,0.0,0.0,0.0,0.0,0.0,0.0,0.0,0.0,0.0,0.09898129126364164,1.4785095006914863,0.0,1e-08
2631.0,0.9181019317840307,0.666242623,0.411678399,0.0,0.0,0.9181019317840307,0.0,0.0,0.0,0.0,0.0,0.0,0.0,0.0,0.0,0.38962247092879077,1.5861628679428708,0.0,1e-08
2632.0,0.9059519084348389,0.736759836,0.414504028,0.0,0.0,0.9059519084348389,0.0,0.0,0.0,0.0,0.0,0.0,0.0,0.0,0.0,0.5401861548092719,1.597049783091369,0.0,1e-08
2633.0,0.8975042802866963,0.761211075,0.41610337,0.0,0.0,0.8975042802866963,0.0,0.0,0.0,0.0,0.0,0.0,0.0,0.0,0.0,0.5966275330013281,1.6032119157165043,0.0,1e-08
2634.0,0.8906369688871796,0.758021135,0.419235622,0.0,0.0,0.8906369688871796,0.0,0.0,0.0,0.0,0.0,0.0,0.0,0.0,0.0,0.5972335182154895,1.61528022395786,0.0,1e-08
2635.0,0.8862043731288386,0.740090058,0.427461116,0.0,0.0,0.8862043731288386,0.0,0.0,0.0,0.0,0.0,0.0,0.0,0.0,0.0,0.5664703667335304,1.646972372938664,0.0,1e-08
2636.0,0.8863414195677438,0.721320743,0.437387293,0.0,0.0,0.8863414195677438,0.0,0.0,0.0,0.0,0.0,0.0,0.0,0.0,0.0,0.5294922500893288,1.6852171130471403,0.0,1e-08
2637.0,0.8834998473110682,0.696852886,0.439714823,0.0,0.0,0.8834998473110682,0.0,0.0,0.0,0.0,0.0,0.0,0.0,0.0,0.0,0.4843074539084693,1.6941848938901256,0.0,1e-08
2638.0,0.8803542032680717,0.651657552,0.440689841,0.0,0.0,0.8803542032680717,0.0,0.0,0.0,0.0,0.0,0.0,0.0,0.0,0.0,0.398742110211859,1.6979415577105559,0.0,1e-08
2639.0,0.8773584537676277,0.553460256,0.449662505,0.0,0.0,0.8773584537676277,0.0,0.0,0.0,0.0,0.0,0.0,0.0,0.0,0.0,0.20899276081517948,1.732512490987353,0.0,1e-08
2640.0,0.8919003657458372,0.405345358,0.481437392,0.0,0.0,0.7956260945841118,0.09627427116172534,0.0,0.0,0.0,0.0,0.0,0.0,0.0,0.0,0.0,1.7586642349260235,0.0,1.05e-08
2641.0,0.8969796493877622,0.157921527,0.525297938,0.0,0.0,0.30997391557095216,0.5870057338168101,0.0,0.0,0.0,0.0,0.0,0.0,0.0,0.0,0.0,1.436923833259058,0.0,1.05e-08
2642.0,0.8770543819813067,0.000375527,0.531055052,0.0,0.0,0.0007370975750039002,0.8763172844063027,0.0,0.0,0.0,0.0,0.0,0.0,0.0,0.0,0.0,1.1697939673911724,0.0,1.05e-08
2643.0,0.8452553254540778,0.0,0.515096058,0.0,0.0,0.0,0.8452553254540778,0.0,0.0,0.0,0.0,0.0,0.0,0.0,0.0,0.0,1.139367240626557,0.0,1.05e-08
2644.0,0.8053833771350878,0.0,0.489860255,0.0,0.0,0.0,0.8053833771350878,0.0,0.0,0.0,0.0,0.0,0.0,0.0,0.0,0.0,1.0820077243883761,0.0,1.05e-08
2645.0,0.7752695635362716,0.0,0.463545525,0.0,0.0,0.0,0.7752695635362716,0.0,0.0,0.0,0.0,0.0,0.0,0.0,0.0,0.0,1.0107330568151638,0.0,1.05e-08
2646.0,0.7544963212890899,0.0,0.43472509,0.0,0.0,0.0,0.7544963212890899,0.0,0.0,0.0,0.0,0.0,0.0,0.0,0.0,0.0,0.9204635434890535,0.0,1.05e-08
2647.0,0.7429758550186192,0.0,0.406712368,0.0,0.0,0.0,0.7429758550186192,0.0,0.0,0.0,0.0,0.0,0.0,0.0,0.0,0.0,0.8240533056605552,0.0,1.05e-08
2648.0,0.7410315086666512,0.0,0.383789041,0.0,0.0,0.0,0.7410315086666512,0.0,0.0,0.0,0.0,0.0,0.0,0.0,0.0,0.0,0.7376759664797532,0.0,1.05e-08
2649.0,0.7483163834347073,0.0,0.355303896,0.0,0.0,0.0,0.7483163834347073,0.0,0.0,0.0,0.0,0.0,0.0,0.0,0.0,0.0,0.6206401808144544,0.0,1.05e-08
2650.0,0.7691003324349285,0.0,0.327503797,0.0,0.0,0.0,0.7691003324349285,0.0,0.0,0.0,0.0,0.0,0.0,0.0,0.0,0.0,0.4927447465722402,0.0,1.05e-08
2651.0,0.7934667610021565,0.0,0.306579821,0.0,0.0,0.0,0.7934667610021565,0.0,0.0,0.0,0.0,0.0,0.0,0.0,0.0,0.0,0.38775996673483093,0.0,1.05e-08
2652.0,0.8157881997388456,0.002851775,0.241504515,0.0,0.0,0.005597564055199086,0.8101906356836466,0.0,0.0,0.0,0.0,0.0,0.0,0.0,0.0,8.673617379884035e-19,0.12030631306092932,0.0,1.05e-08
2653.0,0.8317690993255601,0.240167682,0.160919689,0.0,0.0,0.4714095550959261,0.36035954422963395,0.0,0.0,0.0,0.0,0.0,0.0,0.0,0.0,0.0,0.259650726002482,0.0,1.05e-08
2654.0,0.8410261580034868,0.566980552,0.157874273,0.0,0.0,0.8410261580034868,0.0,0.0,0.0,0.0,0.0,0.0,0.0,0.0,0.0,0.2718631680731274,0.6082765339263665,0.0,1e-08
2655.0,0.8431332470016546,0.752205987,0.185932232,0.0,0.0,0.8431332470016546,0.0,0.0,0.0,0.0,0.0,0.0,0.0,0.0,0.0,0.6333230635196001,0.7163815324498948,0.0,1e-08
2656.0,0.8377884358843507,0.827998083,0.206548706,0.0,0.0,0.8377884358843507,0.0,0.0,0.0,0.0,0.0,0.0,0.0,0.0,0.0,0.7874352606465992,0.7958151039128212,0.0,1e-08
2657.0,0.8309767996006393,0.846493092,0.211984449,0.0,0.0,0.8309767996006393,0.0,0.0,0.0,0.0,0.0,0.0,0.0,0.0,0.0,0.8305495496918306,0.8167585727157115,0.0,1e-08
2658.0,0.8285163877521688,0.839471862,0.215778076,0.0,0.0,0.8285163877521688,0.0,0.0,0.0,0.0,0.0,0.0,0.0,0.0,0.0,0.8192284448809275,0.8313751042044709,0.0,1e-08
2659.0,0.8297647951565712,0.831047479,0.220476899,0.0,0.0,0.8297647951565712,0.0,0.0,0.0,0.0,0.0,0.0,0.0,0.0,0.0,0.8014443628640362,0.8494792811147487,0.0,1e-08
2660.0,0.8346642053474331,0.831174799,0.223360833,0.0,0.0,0.8346642053474331,0.0,0.0,0.0,0.0,0.0,0.0,0.0,0.0,0.0,0.7967948608375659,0.8605908406124282,0.0,1e-08
2661.0,0.8394158623463503,0.824785169,0.223638976,0.0,0.0,0.8394158623463503,0.0,0.0,0.0,0.0,0.0,0.0,0.0,0.0,0.0,0.7795014138257543,0.8616625026176484,0.0,1e-08
2662.0,0.8425893439472495,0.792376038,0.233125589,0.0,0.0,0.8425893439472495,0.0,0.0,0.0,0.0,0.0,0.0,0.0,0.0,0.0,0.7127141524751069,0.898213638940796,0.0,1e-08
2663.0,0.846525146364559,0.681453527,0.261754269,0.0,0.0,0.846525146364559,0.0,0.0,0.0,0.0,0.0,0.0,0.0,0.0,0.0,0.491055752557635,1.0085175783374771,0.0,1e-08
2664.0,0.8650028607600782,0.495603948,0.321995127,0.0,0.0,0.8650028607600782,0.0,0.0,0.0,0.0,0.0,0.0,0.0,0.0,0.0,0.1077859619694701,1.2406206284968304,0.0,1e-08
2665.0,0.8665981669629593,0.147026663,0.408088375,0.0,0.0,0.2885890941482654,0.5780090728146939,0.0,0.0,0.0,0.0,0.0,0.0,0.0,0.0,0.0,0.9943217291814189,0.0,1.05e-08
2666.0,0.8476536381349193,0.000484657,0.45234925,0.0,0.0,0.000951301769003734,0.8467023363659155,0.0,0.0,0.0,0.0,0.0,0.0,0.0,0.0,1.0842021724855044e-19,0.8961619611893387,0.0,1.05e-08
2667.0,0.8174070607984137,0.0,0.454579299,0.0,0.0,0.0,0.8174070607984137,0.0,0.0,0.0,0.0,0.0,0.0,0.0,0.0,0.0,0.9340494313584647,0.0,1.05e-08
2668.0,0.7820447968596489,0.0,0.441799659,0.0,0.0,0.0,0.7820447968596489,0.0,0.0,0.0,0.0,0.0,0.0,0.0,0.0,0.0,0.9201727979372605,0.0,1.05e-08
2669.0,0.748040149206289,0.0,0.42253005,0.0,0.0,0.0,0.748040149206289,0.0,0.0,0.0,0.0,0.0,0.0,0.0,0.0,0.0,0.8799332337256743,0.0,1.05e-08
2670.0,0.7257957990914841,0.0,0.393601676,0.0,0.0,0.0,0.7257957990914841,0.0,0.0,0.0,0.0,0.0,0.0,0.0,0.0,0.0,0.790718948215626,0.0,1.05e-08
2671.0,0.7129391300416873,0.0,0.362503538,0.0,0.0,0.0,0.7129391300416873,0.0,0.0,0.0,0.0,0.0,0.0,0.0,0.0,0.0,0.6837570601645845,0.0,1.05e-08
2672.0,0.7073030952417098,0.0,0.337668045,0.0,0.0,0.0,0.7073030952417098,0.0,0.0,0.0,0.0,0.0,0.0,0.0,0.0,0.0,0.593703991772983,0.0,1.05e-08
2673.0,0.7103844987664695,0.0,0.314921429,0.0,0.0,0.0,0.7103844987664695,0.0,0.0,0.0,0.0,0.0,0.0,0.0,0.0,0.0,0.5029817556026531,0.0,1.05e-08
2674.0,0.7197678971302619,0.0,0.301284459,0.0,0.0,0.0,0.719767897130262,0.0,0.0,0.0,0.0,0.0,0.0,0.0,0.0,0.0,0.4410562382017845,0.0,1.05e-08
2675.0,0.7351770561046685,0.0,0.292399798,0.0,0.0,0.0,0.7351770561046685,0.0,0.0,0.0,0.0,0.0,0.0,0.0,0.0,0.0,0.39141521424079617,0.0,1.05e-08
2676.0,0.7557575767971397,0.006957386,0.241989412,0.0,0.0,0.013656201415520283,0.7421013753816195,0.0,0.0,0.0,0.0,0.0,0.0,0.0,0.0,0.0,0.19026384145291486,0.0,1.05e-08
2677.0,0.7779055661345894,0.309672662,0.187473609,0.0,0.0,0.6078363691697333,0.1700691969648561,0.0,0.0,0.0,0.0,0.0,0.0,0.0,0.0,0.0,0.5522511337529099,0.0,1.05e-08
2678.0,0.7915695243635623,0.609900147,0.180973646,0.0,0.0,0.7915695243635622,0.0,0.0,0.0,0.0,0.0,0.0,0.0,0.0,0.0,0.40556388907467855,0.6972765101562636,0.0,1e-08
2679.0,0.7979871521354213,0.769509007,0.204257887,0.0,0.0,0.7979871521354213,0.0,0.0,0.0,0.0,0.0,0.0,0.0,0.0,0.0,0.7124321333043987,0.7869887675206171,0.0,1e-08
2680.0,0.8040878600173118,0.838072291,0.205499021,0.0,0.0,0.8040878600173118,0.0,0.0,0.0,0.0,0.0,0.0,0.0,0.0,0.0,0.8409098455379824,0.7917707543086618,0.0,1e-08
2681.0,0.8069123014691242,0.845412062,0.20147043,0.0,0.0,0.8069123014691242,0.0,0.0,0.0,0.0,0.0,0.0,0.0,0.0,0.0,0.8524921641997807,0.776248925935226,0.0,1e-08
2682.0,0.8087645697449527,0.834079695,0.20026179,0.0,0.0,0.8087645697449528,0.0,0.0,0.0,0.0,0.0,0.0,0.0,0.0,0.0,0.8283963282583671,0.771592135845274,0.0,1e-08
2683.0,0.8133363532928068,0.82280517,0.201812089,0.0,0.0,0.8133363532928068,0.0,0.0,0.0,0.0,0.0,0.0,0.0,0.0,0.0,0.8016945113525364,0.7775653098422147,0.0,1e-08
2684.0,0.8206469242681577,0.819620309,0.203773267,0.0,0.0,0.8206469242681577,0.0,0.0,0.0,0.0,0.0,0.0,0.0,0.0,0.0,0.7881325834312817,0.7851215666887792,0.0,1e-08
2685.0,0.8344436462348199,0.809567324,0.207736571,0.0,0.0,0.8344436462348199,0.0,0.0,0.0,0.0,0.0,0.0,0.0,0.0,0.0,0.7546035096895123,0.8003918496437259,0.0,1e-08
2686.0,0.8487478682955533,0.779266339,0.214735648,0.0,0.0,0.8487478682955533,0.0,0.0,0.0,0.0,0.0,0.0,0.0,0.0,0.0,0.680823450834808,0.8273587152219051,0.0,1e-08
2687.0,0.8618186724061394,0.684918284,0.239331686,0.0,0.0,0.8618186724061394,0.0,0.0,0.0,0.0,0.0,0.0,0.0,0.0,0.0,0.4825629731539205,0.9221252180767507,0.0,1e-08
2688.0,0.8833263979118288,0.479818772,0.313304576,0.0,0.0,0.8833263979118288,0.0,0.0,0.0,0.0,0.0,0.0,0.0,0.0,0.0,0.058478727372236805,1.2071366533073433,0.0,1e-08
2689.0,0.8855919468549809,0.146370097,0.44102755,0.0,0.0,0.28730036336078535,0.5982915834941955,0.0,0.0,0.0,0.0,0.0,0.0,0.0,0.0,0.0,1.1009511390996072,0.0,1.05e-08
2690.0,0.8566216144807802,0.000651783,0.519087309,0.0,0.0,0.0012793425472170231,0.8553422719335633,0.0,0.0,0.0,0.0,0.0,0.0,0.0,0.0,0.0,1.1446582545846795,0.0,1.05e-08
2691.0,0.8175119869782005,0.0,0.522856198,0.0,0.0,0.0,0.8175119869782005,0.0,0.0,0.0,0.0,0.0,0.0,0.0,0.0,0.0,1.1970097575580865,0.0,1.05e-08
2692.0,0.7738070210710799,0.0,0.500101021,0.0,0.0,0.0,0.7738070210710799,0.0,0.0,0.0,0.0,0.0,0.0,0.0,0.0,0.0,1.1530409059937496,0.0,1.05e-08
2693.0,0.7378965713766942,0.0,0.469880907,0.0,0.0,0.0,0.7378965713766942,0.0,0.0,0.0,0.0,0.0,0.0,0.0,0.0,0.0,1.0725157525371416,0.0,1.05e-08
2694.0,0.7150569257928946,0.0,0.440112795,0.0,0.0,0.0,0.7150569257928947,0.0,0.0,0.0,0.0,0.0,0.0,0.0,0.0,0.0,0.9806613213419344,0.0,1.05e-08
2695.0,0.7040610904213579,0.0,0.417771499,0.0,0.0,0.0,0.7040610904213579,0.0,0.0,0.0,0.0,0.0,0.0,0.0,0.0,0.0,0.9055779885496819,0.0,1.05e-08
2696.0,0.7081767662897306,0.0,0.405722466,0.0,0.0,0.0,0.7081767662897306,0.0,0.0,0.0,0.0,0.0,0.0,0.0,0.0,0.0,0.8550383837463876,0.0,1.05e-08
2697.0,0.7358237439882526,0.0,0.391491186,0.0,0.0,0.0,0.7358237439882526,0.0,0.0,0.0,0.0,0.0,0.0,0.0,0.0,0.0,0.7725594596690174,0.0,1.05e-08
2698.0,0.7947301578608141,0.0,0.376272866,0.0,0.0,0.0,0.7947301578608141,0.0,0.0,0.0,0.0,0.0,0.0,0.0,0.0,0.0,0.6550181158241588,0.0,1.05e-08
2699.0,0.8489705687587742,0.0,0.352863732,0.0,0.0,0.0,0.8489705687587742,0.0,0.0,0.0,0.0,0.0,0.0,0.0,0.0,0.0,0.5105842451486334,0.0,1.05e-08
2700.0,0.8752363753152045,0.01075099,0.265245836,0.0,0.0,0.021102420486119988,0.8541339548290845,0.0,0.0,0.0,0.0,0.0,0.0,0.0,0.0,0.0,0.16783634276640425,0.0,1.05e-08
2701.0,0.8907868634297321,0.344824278,0.142190212,0.0,0.0,0.6768331947270654,0.21395366870266674,0.0,0.0,0.0,0.0,0.0,0.0,0.0,0.0,1.1102230246251565e-16,0.333893473647216,0.0,1.05e-08
2702.0,0.9025321715140319,0.643724492,0.1395852,0.0,0.0,0.9025321715140319,0.0,0.0,0.0,0.0,0.0,0.0,0.0,0.0,0.0,0.36099285338116227,0.5378102462800803,0.0,1e-08
2703.0,0.9077035332320964,0.783233487,0.18995955,0.0,0.0,0.9077035332320964,0.0,0.0,0.0,0.0,0.0,0.0,0.0,0.0,0.0,0.6296546432227224,0.7318984560594766,0.0,1e-08
2704.0,0.9096564449864959,0.84455226,0.200375143,0.0,0.0,0.9096564449864959,0.0,0.0,0.0,0.0,0.0,0.0,0.0,0.0,0.0,0.7480603711414082,0.7720288755916553,0.0,1e-08
2705.0,0.912851340093474,0.854130748,0.199393876,0.0,0.0,0.912851340093474,0.0,0.0,0.0,0.0,0.0,0.0,0.0,0.0,0.0,0.7636664684451061,0.7682481348903739,0.0,1e-08
2706.0,0.9163160453770468,0.843338352,0.197100686,0.0,0.0,0.9163160453770468,0.0,0.0,0.0,0.0,0.0,0.0,0.0,0.0,0.0,0.7390180695254384,0.7594126632310073,0.0,1e-08
2707.0,0.9202325756388853,0.833567016,0.196189207,0.0,0.0,0.9202325756388853,0.0,0.0,0.0,0.0,0.0,0.0,0.0,0.0,0.0,0.7159220180303777,0.7559008099294457,0.0,1e-08
2708.0,0.9276716276507098,0.831226958,0.195346237,0.0,0.0,0.9276716276507098,0.0,0.0,0.0,0.0,0.0,0.0,0.0,0.0,0.0,0.7038898180500488,0.7526529161462459,0.0,1e-08
2709.0,0.9387723892020333,0.825034616,0.194686856,0.0,0.0,0.9387723892020333,0.0,0.0,0.0,0.0,0.0,0.0,0.0,0.0,0.0,0.6806345102962025,0.7501123756161437,0.0,1e-08
2710.0,0.9455026541626448,0.792431763,0.197576409,0.0,0.0,0.9455026541626448,0.0,0.0,0.0,0.0,0.0,0.0,0.0,0.0,0.0,0.6099102212454226,0.7612455846567108,0.0,1e-08
2711.0,0.9505947859082172,0.689814066,0.218336745,0.0,0.0,0.9505947859082171,0.0,0.0,0.0,0.0,0.0,0.0,0.0,0.0,0.0,0.4033964723826122,0.8412334445230663,0.0,1e-08
2712.0,0.9612629946367461,0.495482188,0.281760524,0.0,0.0,0.9612629946367461,0.0,0.0,0.0,0.0,0.0,0.0,0.0,0.0,0.0,0.011286833291542786,1.0856000263956673,0.0,1e-08
2713.0,0.9501215474238726,0.157066724,0.387636722,0.0,0.0,0.30829607824259475,0.6418254691812778,0.0,0.0,0.0,0.0,0.0,0.0,0.0,0.0,0.0,0.8517068030511871,0.0,1.05e-08
2714.0,0.9092131854106618,0.000868018,0.449965552,0.0,0.0,0.0017037761941477855,0.9075094092165139,0.0,0.0,0.0,0.0,0.0,0.0,0.0,0.0,0.0,0.8261706968310636,0.0,1.05e-08
2715.0,0.8559749265971962,0.0,0.463609152,0.0,0.0,0.0,0.8559749265971962,0.0,0.0,0.0,0.0,0.0,0.0,0.0,0.0,0.0,0.9302728433298394,0.0,1.05e-08
2716.0,0.8039401068253671,0.0,0.444077093,0.0,0.0,0.0,0.8039401068253671,0.0,0.0,0.0,0.0,0.0,0.0,0.0,0.0,0.0,0.9070522530643073,0.0,1.05e-08
2717.0,0.7520658883491301,0.0,0.419453163,0.0,0.0,0.0,0.7520658883491301,0.0,0.0,0.0,0.0,0.0,0.0,0.0,0.0,0.0,0.8640525031134944,0.0,1.05e-08
2718.0,0.7239456721662635,0.0,0.399512193,0.0,0.0,0.0,0.7239456721662634,0.0,0.0,0.0,0.0,0.0,0.0,0.0,0.0,0.0,0.8153418089508251,0.0,1.05e-08
2719.0,0.7098641505687512,0.0,0.38382345,0.0,0.0,0.0,0.7098641505687512,0.0,0.0,0.0,0.0,0.0,0.0,0.0,0.0,0.0,0.7689758996125727,0.0,1.05e-08
2720.0,0.7094508699014276,0.0,0.373754614,0.0,0.0,0.0,0.7094508699014276,0.0,0.0,0.0,0.0,0.0,0.0,0.0,0.0,0.0,0.7305947868276267,0.0,1.05e-08
2721.0,0.7312605258428301,0.0,0.35901854,0.0,0.0,0.0,0.7312605258428301,0.0,0.0,0.0,0.0,0.0,0.0,0.0,0.0,0.0,0.6520082549198504,0.0,1.05e-08
2722.0,0.7847900083389693,0.0,0.345256022,0.0,0.0,0.0,0.7847900083389693,0.0,0.0,0.0,0.0,0.0,0.0,0.0,0.0,0.0,0.5454529273125243,0.0,1.05e-08
2723.0,0.8345207348567042,0.0,0.333328092,0.0,0.0,0.0,0.8345207348567042,0.0,0.0,0.0,0.0,0.0,0.0,0.0,0.0,0.0,0.44976487171612234,0.0,1.05e-08
2724.0,0.8619921218053789,0.011653553,0.287164287,0.0,0.0,0.02287400281865066,0.8391181189867283,0.0,0.0,0.0,0.0,0.0,0.0,0.0,0.0,0.0,0.2673021599132819,0.0,1.05e-08
2725.0,0.8795297832840324,0.315718649,0.244144532,0.0,0.0,0.6197036446418168,0.2598261386422157,0.0,0.0,0.0,0.0,0.0,0.0,0.0,0.0,0.0,0.6808425775458542,0.0,1.05e-08
2726.0,0.8939796171861024,0.612439042,0.250351775,0.0,0.0,0.8939796171861024,0.0,0.0,0.0,0.0,0.0,0.0,0.0,0.0,0.0,0.3081372284625773,0.9645847107673684,0.0,1e-08
2727.0,0.9025364542152476,0.762947874,0.265455804,0.0,0.0,0.9025364542152476,0.0,0.0,0.0,0.0,0.0,0.0,0.0,0.0,0.0,0.5950044091042503,1.0227792869567602,0.0,1e-08
2728.0,0.9175644527814492,0.837100887,0.259085065,0.0,0.0,0.9175644527814493,0.0,0.0,0.0,0.0,0.0,0.0,0.0,0.0,0.0,0.7255265469104872,0.9982333557937421,0.0,1e-08
2729.0,0.9256159310671314,0.84606099,0.247027338,0.0,0.0,0.9256159310671314,0.0,0.0,0.0,0.0,0.0,0.0,0.0,0.0,0.0,0.7350622732547923,0.9517759295949189,0.0,1e-08
2730.0,0.9324875251678638,0.836515115,0.239620268,0.0,0.0,0.9324875251678638,0.0,0.0,0.0,0.0,0.0,0.0,0.0,0.0,0.0,0.7094537006843616,0.9232371006867409,0.0,1e-08
2731.0,0.9394190770856173,0.823394252,0.238276649,0.0,0.0,0.9394190770856173,0.0,0.0,0.0,0.0,0.0,0.0,0.0,0.0,0.0,0.6767680583836041,0.9180602476586506,0.0,1e-08
2732.0,0.9505669483503145,0.81718205,0.243918802,0.0,0.0,0.9505669483503145,0.0,0.0,0.0,0.0,0.0,0.0,0.0,0.0,0.0,0.6534266590113822,0.9397989971426925,0.0,1e-08
2733.0,0.9619632162855275,0.800695637,0.25573342,0.0,0.0,0.9619632162855275,0.0,0.0,0.0,0.0,0.0,0.0,0.0,0.0,0.0,0.609670281036644,0.9853197444445918,0.0,1e-08
2734.0,0.9653958013099819,0.757209506,0.272149793,0.0,0.0,0.9653958013099819,0.0,0.0,0.0,0.0,0.0,0.0,0.0,0.0,0.0,0.520881591906754,1.048570673670295,0.0,1e-08
2735.0,0.9661088710624107,0.643559294,0.302369276,0.0,0.0,0.9661088710624107,0.0,0.0,0.0,0.0,0.0,0.0,0.0,0.0,0.0,0.2970918974006346,1.165003845630408,0.0,1e-08
2736.0,0.9699440300011491,0.479629983,0.357251243,0.0,0.0,0.9414345636091729,0.028509466391976317,0.0,0.0,0.0,0.0,0.0,0.0,0.0,0.0,0.0,1.347950065003149,0.0,1.05e-08
2737.0,0.9583272029533232,0.158638666,0.437721565,0.0,0.0,0.3113815411686874,0.6469456617846359,0.0,0.0,0.0,0.0,0.0,0.0,0.0,0.0,0.0,1.0395593736686373,0.0,1.05e-08
2738.0,0.9157143258562286,0.001048077,0.483311986,0.0,0.0,0.0020572023186544845,0.9136571235375741,0.0,0.0,0.0,0.0,0.0,0.0,0.0,0.0,0.0,0.9485040383963186,0.0,1.05e-08
2739.0,0.8668958146974566,0.0,0.507364158,0.0,0.0,0.0,0.8668958146974566,0.0,0.0,0.0,0.0,0.0,0.0,0.0,0.0,0.0,1.0879363793149863,0.0,1.05e-08
2740.0,0.8188952994709002,0.0,0.513452432,0.0,0.0,0.0,0.8188952994709002,0.0,0.0,0.0,0.0,0.0,0.0,0.0,0.0,0.0,1.1593945113903246,0.0,1.05e-08
2741.0,0.7704515246685096,0.0,0.509213881,0.0,0.0,0.0,0.7704515246685096,0.0,0.0,0.0,0.0,0.0,0.0,0.0,0.0,0.0,1.191507499281347,0.0,1.05e-08
2742.0,0.7414811922943091,0.0,0.500377013,0.0,0.0,0.0,0.7414811922943091,0.0,0.0,0.0,0.0,0.0,0.0,0.0,0.0,0.0,1.186430109150407,0.0,1.05e-08
2743.0,0.725735841274463,0.0,0.490538015,0.0,0.0,0.0,0.725735841274463,0.0,0.0,0.0,0.0,0.0,0.0,0.0,0.0,0.0,1.1642666135480524,0.0,1.05e-08
2744.0,0.7245795119462001,0.0,0.478857067,0.0,0.0,0.0,0.7245795119462001,0.0,0.0,0.0,0.0,0.0,0.0,0.0,0.0,0.0,1.1204172150436742,0.0,1.05e-08
2745.0,0.7451429018338082,0.0,0.463783629,0.0,0.0,0.0,0.7451429018338082,0.0,0.0,0.0,0.0,0.0,0.0,0.0,0.0,0.0,1.041777113562949,0.0,1.05e-08
2746.0,0.7967494514840584,0.0,0.449396712,0.0,0.0,0.0,0.7967494514840584,0.0,0.0,0.0,0.0,0.0,0.0,0.0,0.0,0.0,0.9347389610280014,0.0,1.05e-08
2747.0,0.8463003045507301,0.0,0.432438208,0.0,0.0,0.0,0.8463003045507301,0.0,0.0,0.0,0.0,0.0,0.0,0.0,0.0,0.0,0.8198483927710248,0.0,1.05e-08
2748.0,0.8759387383145938,0.0075341,0.380810866,0.0,0.0,0.014788195894934011,0.8611505424196598,0.0,0.0,0.0,0.0,0.0,0.0,0.0,0.0,0.0,0.6060822704400898,0.0,1.05e-08
2749.0,0.8946905455879233,0.290089665,0.300472056,0.0,0.0,0.5693981753780522,0.3252923702098711,0.0,0.0,0.0,0.0,0.0,0.0,0.0,0.0,0.0,0.8324016434652328,0.0,1.05e-08
2750.0,0.909412331017196,0.556755326,0.269306859,0.0,0.0,0.9094123310171961,0.0,0.0,0.0,0.0,0.0,0.0,0.0,0.0,0.0,0.1834065626045832,1.0376170837861385,0.0,1e-08
2751.0,0.9155708553654996,0.73986189,0.267510568,0.0,0.0,0.9155708553654996,0.0,0.0,0.0,0.0,0.0,0.0,0.0,0.0,0.0,0.536656028338741,1.0306961229314011,0.0,1e-08
2752.0,0.9205152339191274,0.816633924,0.256684153,0.0,0.0,0.9205152339191274,0.0,0.0,0.0,0.0,0.0,0.0,0.0,0.0,0.0,0.6824024924928731,0.9889828401658904,0.0,1e-08
2753.0,0.9273953934222914,0.834715378,0.244668982,0.0,0.0,0.9273953934222914,0.0,0.0,0.0,0.0,0.0,0.0,0.0,0.0,0.0,0.7110132454832037,0.942689378720069,0.0,1e-08
2754.0,0.9350293083394342,0.832129207,0.237223327,0.0,0.0,0.9350293083394342,0.0,0.0,0.0,0.0,0.0,0.0,0.0,0.0,0.0,0.698303103363635,0.9140018849938966,0.0,1e-08
2755.0,0.9394490559941279,0.827615622,0.237322832,0.0,0.0,0.9394490559941278,0.0,0.0,0.0,0.0,0.0,0.0,0.0,0.0,0.0,0.6850239326632646,0.9143852695400813,0.0,1e-08
2756.0,0.946145059345013,0.832193787,0.242064091,0.0,0.0,0.946145059345013,0.0,0.0,0.0,0.0,0.0,0.0,0.0,0.0,0.0,0.6873141122485401,0.9326529488532724,0.0,1e-08
2757.0,0.951793942248638,0.834953867,0.248340494,0.0,0.0,0.9517939422486381,0.0,0.0,0.0,0.0,0.0,0.0,0.0,0.0,0.0,0.6870828112360088,0.9568354112001618,0.0,1e-08
2758.0,0.9509952184718934,0.809408457,0.255026437,0.0,0.0,0.9509952184718934,0.0,0.0,0.0,0.0,0.0,0.0,0.0,0.0,0.0,0.6377401077292814,0.9825957973402726,0.0,1e-08
2759.0,0.9491108299369465,0.702604513,0.262859755,0.0,0.0,0.9491108299369465,0.0,0.0,0.0,0.0,0.0,0.0,0.0,0.0,0.0,0.42998596661588795,1.0127769245856408,0.0,1e-08
2760.0,0.9562607996167053,0.528511003,0.303703829,0.0,0.0,0.9562607996167053,0.0,0.0,0.0,0.0,0.0,0.0,0.0,0.0,0.0,0.08111914556481026,1.1701457681093226,0.0,1e-08
2761.0,0.9490444480681018,0.159037339,0.365924934,0.0,0.0,0.31216407052481765,0.6368803775432842,0.0,0.0,0.0,0.0,0.0,0.0,0.0,0.0,0.0,0.7729981688539137,0.0,1.05e-08
2762.0,0.9087549363805724,0.001251819,0.411163204,0.0,0.0,0.0024571142667339694,0.9062978221138384,0.0,0.0,0.0,0.0,0.0,0.0,0.0,0.0,0.0,0.6778800420475982,0.0,1.05e-08
2763.0,0.857576656851901,0.0,0.43125759,0.0,0.0,0.0,0.857576656851901,0.0,0.0,0.0,0.0,0.0,0.0,0.0,0.0,0.0,0.8040232168313688,0.0,1.05e-08
2764.0,0.8076724809349267,0.0,0.437043561,0.0,0.0,0.0,0.8076724809349267,0.0,0.0,0.0,0.0,0.0,0.0,0.0,0.0,0.0,0.8762202611074486,0.0,1.05e-08
2765.0,0.7656313444501398,0.0,0.435217327,0.0,0.0,0.0,0.7656313444501398,0.0,0.0,0.0,0.0,0.0,0.0,0.0,0.0,0.0,0.9112250688317002,0.0,1.05e-08
2766.0,0.7399372785060173,0.0,0.429725424,0.0,0.0,0.0,0.7399372785060173,0.0,0.0,0.0,0.0,0.0,0.0,0.0,0.0,0.0,0.9157592861315803,0.0,1.05e-08
2767.0,0.726200514356376,0.0,0.425876765,0.0,0.0,0.0,0.726200514356376,0.0,0.0,0.0,0.0,0.0,0.0,0.0,0.0,0.0,0.9146674850419408,0.0,1.05e-08
2768.0,0.7253996492290236,0.0,0.423543473,0.0,0.0,0.0,0.7253996492290236,0.0,0.0,0.0,0.0,0.0,0.0,0.0,0.0,0.0,0.9064783688162319,0.0,1.05e-08
2769.0,0.7459159294032579,0.0,0.419111055,0.0,0.0,0.0,0.7459159294032579,0.0,0.0,0.0,0.0,0.0,0.0,0.0,0.0,0.0,0.8688843481924639,0.0,1.05e-08
2770.0,0.799892954176447,0.0,0.414808324,0.0,0.0,0.0,0.799892954176447,0.0,0.0,0.0,0.0,0.0,0.0,0.0,0.0,0.0,0.7983292562689828,0.0,1.05e-08
2771.0,0.8502725099283739,0.0,0.397555667,0.0,0.0,0.0,0.8502725099283739,0.0,0.0,0.0,0.0,0.0,0.0,0.0,0.0,0.0,0.6814766381139088,0.0,1.05e-08
2772.0,0.8738830417310154,0.015595162,0.311401934,0.0,0.0,0.030610731297597702,0.8432723104334178,0.0,0.0,0.0,0.0,0.0,0.0,0.0,0.0,3.469446951953614e-18,0.35653362040046244,0.0,1.05e-08
2773.0,0.8858960186413019,0.351734613,0.224880271,0.0,0.0,0.6903970427884952,0.19549897585280665,0.0,0.0,0.0,0.0,0.0,0.0,0.0,0.0,1.1102230246251565e-16,0.6709461338725885,0.0,1.05e-08
2774.0,0.8936005981285051,0.639944972,0.238531361,0.0,0.0,0.8936005981285051,0.0,0.0,0.0,0.0,0.0,0.0,0.0,0.0,0.0,0.36250585226557774,0.9190416319562014,0.0,1e-08
2775.0,0.8969689426347227,0.795784761,0.275652467,0.0,0.0,0.8969689426347227,0.0,0.0,0.0,0.0,0.0,0.0,0.0,0.0,0.0,0.6650253149237437,1.062066187281902,0.0,1e-08
2776.0,0.8992644704863854,0.849057796,0.282235199,0.0,0.0,0.8992644704863854,0.0,0.0,0.0,0.0,0.0,0.0,0.0,0.0,0.0,0.76729596982751,1.0874289099639325,0.0,1e-08
2777.0,0.9048876571827155,0.856421765,0.281314569,0.0,0.0,0.9048876571827155,0.0,0.0,0.0,0.0,0.0,0.0,0.0,0.0,0.0,0.7761270399284378,1.0838817986152163,0.0,1e-08
2778.0,0.9105172679308693,0.846746801,0.284775079,0.0,0.0,0.9105172679308693,0.0,0.0,0.0,0.0,0.0,0.0,0.0,0.0,0.0,0.7515070702909097,1.097214857817443,0.0,1e-08
2779.0,0.9158021212311522,0.836337404,0.292192324,0.0,0.0,0.9158021212311522,0.0,0.0,0.0,0.0,0.0,0.0,0.0,0.0,0.0,0.7257902872333715,1.1257928901601963,0.0,1e-08
2780.0,0.923517407471395,0.833958345,0.300421789,0.0,0.0,0.923517407471395,0.0,0.0,0.0,0.0,0.0,0.0,0.0,0.0,0.0,0.7134053004930547,1.1575003390760077,0.0,1e-08
2781.0,0.9300078411639223,0.822944205,0.30583885,0.0,0.0,0.9300078411639223,0.0,0.0,0.0,0.0,0.0,0.0,0.0,0.0,0.0,0.6852959262589593,1.1783718276759754,0.0,1e-08
2782.0,0.9313290544889931,0.778058952,0.308196795,0.0,0.0,0.9313290544889931,0.0,0.0,0.0,0.0,0.0,0.0,0.0,0.0,0.0,0.5958723630636088,1.187456795001773,0.0,1e-08
2783.0,0.9324489808569217,0.661064909,0.314430352,0.0,0.0,0.9324489808569217,0.0,0.0,0.0,0.0,0.0,0.0,0.0,0.0,0.0,0.3651124231009134,1.2114741752496139,0.0,1e-08
2784.0,0.9412542145565826,0.461894088,0.340780489,0.0,0.0,0.9066219264485325,0.03463228810805017,0.0,0.0,0.0,0.0,0.0,0.0,0.0,0.0,0.0,1.2783667885600798,0.0,1.05e-08
2785.0,0.9370871462736206,0.137024788,0.403665782,0.0,0.0,0.2689570628749025,0.668130083398718,0.0,0.0,0.0,0.0,0.0,0.0,0.0,0.0,5.551115123125783e-17,0.8871608330613454,0.0,1.05e-08
2786.0,0.8995642595714906,0.001486176,0.434826305,0.0,0.0,0.002917118411270019,0.8966471411602206,0.0,0.0,0.0,0.0,0.0,0.0,0.0,0.0,0.0,0.778702696652867,0.0,1.05e-08
2787.0,0.8512618139092211,0.0,0.436718829,0.0,0.0,0.0,0.8512618139092211,0.0,0.0,0.0,0.0,0.0,0.0,0.0,0.0,0.0,0.8313797625590457,0.0,1.05e-08
2788.0,0.8013983236537967,0.0,0.430375066,0.0,0.0,0.0,0.8013983236537967,0.0,0.0,0.0,0.0,0.0,0.0,0.0,0.0,0.0,0.8568012579513151,0.0,1.05e-08
2789.0,0.7608732633993989,0.0,0.425043222,0.0,0.0,0.0,0.760873263399399,0.0,0.0,0.0,0.0,0.0,0.0,0.0,0.0,0.0,0.876783163668076,0.0,1.05e-08
2790.0,0.7338065917156162,0.0,0.427093232,0.0,0.0,0.0,0.7338065917156162,0.0,0.0,0.0,0.0,0.0,0.0,0.0,0.0,0.0,0.9117483545571656,0.0,1.05e-08
2791.0,0.7193075067495646,0.0,0.446741479,0.0,0.0,0.0,0.7193075067495646,0.0,0.0,0.0,0.0,0.0,0.0,0.0,0.0,0.0,1.0019505123277974,0.0,1.05e-08
2792.0,0.7185965783477437,0.0,0.468003338,0.0,0.0,0.0,0.7185965783477436,0.0,0.0,0.0,0.0,0.0,0.0,0.0,0.0,0.0,1.0845816272906745,0.0,1.05e-08
2793.0,0.7375989236421968,0.0,0.476439432,0.0,0.0,0.0,0.7375989236421968,0.0,0.0,0.0,0.0,0.0,0.0,0.0,0.0,0.0,1.0980828553820952,0.0,1.05e-08
2794.0,0.7880812642233026,0.0,0.474472327,0.0,0.0,0.0,0.7880812642233026,0.0,0.0,0.0,0.0,0.0,0.0,0.0,0.0,0.0,1.0400214217129775,0.0,1.05e-08
2795.0,0.836852665668701,0.0,0.462924474,0.0,0.0,0.0,0.836852665668701,0.0,0.0,0.0,0.0,0.0,0.0,0.0,0.0,0.0,0.9467570964766889,0.0,1.05e-08
2796.0,0.864559601184244,0.021691814,0.344534679,0.0,0.0,0.04257745380980769,0.8219821473744363,0.0,0.0,0.0,0.0,0.0,0.0,0.0,0.0,0.0,0.505481513278831,0.0,1.05e-08
2797.0,0.8826154695100079,0.296950552,0.202779778,0.0,0.0,0.582864965169667,0.29975050434034095,0.0,0.0,0.0,0.0,0.0,0.0,0.0,0.0,0.0,0.4815432312906574,0.0,1.05e-08
2798.0,0.8988233522611591,0.567491429,0.200517083,0.0,0.0,0.8988233522611591,0.0,0.0,0.0,0.0,0.0,0.0,0.0,0.0,0.0,0.21506874112066976,0.772575758687836,0.0,1e-08
2799.0,0.9079176682928858,0.728364888,0.247689041,0.0,0.0,0.9079176682928858,0.0,0.0,0.0,0.0,0.0,0.0,0.0,0.0,0.0,0.5217424963897797,0.9543254165992306,0.0,1e-08
2800.0,0.9122838821823821,0.799942956,0.245619616,0.0,0.0,0.9122838821823821,0.0,0.0,0.0,0.0,0.0,0.0,0.0,0.0,0.0,0.6578722264570808,0.9463520930025446,0.0,1e-08
2801.0,0.9174509611992308,0.819311714,0.244309243,0.0,0.0,0.9174509611992308,0.0,0.0,0.0,0.0,0.0,0.0,0.0,0.0,0.0,0.6907228254038338,0.9413033340664341,0.0,1e-08
2802.0,0.9208985356779404,0.814131183,0.253097143,0.0,0.0,0.9208985356779404,0.0,0.0,0.0,0.0,0.0,0.0,0.0,0.0,0.0,0.6771067228636729,0.9751623869121852,0.0,1e-08
2803.0,0.9236951395718502,0.803968727,0.266894307,0.0,0.0,0.9236951395718502,0.0,0.0,0.0,0.0,0.0,0.0,0.0,0.0,0.0,0.6543628936738888,1.028321720199716,0.0,1e-08
2804.0,0.9274467858368809,0.799530443,0.281292022,0.0,0.0,0.9274467858368809,0.0,0.0,0.0,0.0,0.0,0.0,0.0,0.0,0.0,0.6418996278087266,1.0837949268865308,0.0,1e-08
2805.0,0.9290892017531357,0.785202222,0.292785217,0.0,0.0,0.9290892017531357,0.0,0.0,0.0,0.0,0.0,0.0,0.0,0.0,0.0,0.6121332768539262,1.1280772579180083,0.0,1e-08
2806.0,0.9238064898034608,0.740510167,0.299960924,0.0,0.0,0.9238064898034608,0.0,0.0,0.0,0.0,0.0,0.0,0.0,0.0,0.0,0.5296928547481512,1.155724664297078,0.0,1e-08
2807.0,0.9160076908895101,0.637947921,0.313002198,0.0,0.0,0.9160076908895101,0.0,0.0,0.0,0.0,0.0,0.0,0.0,0.0,0.0,0.33617887771375865,1.2059716158488614,0.0,1e-08
2808.0,0.9142774795983316,0.459909915,0.347816947,0.0,0.0,0.9027273220480813,0.011550157550250366,0.0,0.0,0.0,0.0,0.0,0.0,0.0,0.0,1.1102230246251565e-16,1.3285598106014997,0.0,1.05e-08
2809.0,0.9077613496985095,0.168528556,0.469019004,0.0,0.0,0.330793764353852,0.5769675853446574,0.0,0.0,0.0,0.0,0.0,0.0,0.0,0.0,0.0,1.2301238975007878,0.0,1.05e-08
2810.0,0.8777010698648907,0.001846669,0.542983697,0.0,0.0,0.0036247067234443254,0.8740763631414464,0.0,0.0,0.0,0.0,0.0,0.0,0.0,0.0,4.336808689942018e-19,1.2179949725706392,0.0,1.05e-08
2811.0,0.8370047015618615,0.0,0.56408042,0.0,0.0,0.0,0.8370047015618615,0.0,0.0,0.0,0.0,0.0,0.0,0.0,0.0,0.0,1.3363505653430199,0.0,1.05e-08
2812.0,0.7931434170603645,0.0,0.56127631,0.0,0.0,0.0,0.7931434170603645,0.0,0.0,0.0,0.0,0.0,0.0,0.0,0.0,0.0,1.3694078456256134,0.0,1.05e-08
2813.0,0.7527125762327141,0.0,0.545567209,0.0,0.0,0.0,0.7527125762327141,0.0,0.0,0.0,0.0,0.0,0.0,0.0,0.0,0.0,1.349312817825009,0.0,1.05e-08
2814.0,0.7262240692130628,0.0,0.522400458,0.0,0.0,0.0,0.7262240692130628,0.0,0.0,0.0,0.0,0.0,0.0,0.0,0.0,0.0,1.2865417467459845,0.0,1.05e-08
2815.0,0.7088298782251383,0.0,0.498480795,0.0,0.0,0.0,0.7088298782251383,0.0,0.0,0.0,0.0,0.0,0.0,0.0,0.0,0.0,1.2117754518875117,0.0,1.05e-08
2816.0,0.7019796976304847,0.0,0.478004219,0.0,0.0,0.0,0.7019796976304847,0.0,0.0,0.0,0.0,0.0,0.0,0.0,0.0,0.0,1.1397310764580828,0.0,1.05e-08
2817.0,0.7078191607382122,0.0,0.455678666,0.0,0.0,0.0,0.7078191607382122,0.0,0.0,0.0,0.0,0.0,0.0,0.0,0.0,0.0,1.0478731016652412,0.0,1.05e-08
2818.0,0.7226544377497033,0.0,0.433538439,0.0,0.0,0.0,0.7226544377497033,0.0,0.0,0.0,0.0,0.0,0.0,0.0,0.0,0.0,0.9477333587392627,0.0,1.05e-08
2819.0,0.7428195364242429,0.0,0.394361805,0.0,0.0,0.0,0.7428195364242429,0.0,0.0,0.0,0.0,0.0,0.0,0.0,0.0,0.0,0.7766239251354858,0.0,1.05e-08
2820.0,0.7703573052417624,0.02145346,0.29723705,0.0,0.0,0.04210960421339391,0.7282477010283684,0.0,0.0,0.0,0.0,0.0,0.0,0.0,0.0,-6.938893903907228e-18,0.4169821017305527,0.0,1.05e-08
2821.0,0.7949485756228193,0.348787743,0.190134057,0.0,0.0,0.6846128229298654,0.11033575269295398,0.0,0.0,0.0,0.0,0.0,0.0,0.0,0.0,0.0,0.6222350644237664,0.0,1.05e-08
2822.0,0.8114605301602915,0.627234122,0.218093989,0.0,0.0,0.8114605301602915,0.0,0.0,0.0,0.0,0.0,0.0,0.0,0.0,0.0,0.41969661775690326,0.8402981257059856,0.0,1e-08
2823.0,0.8231865660891201,0.775347156,0.238352922,0.0,0.0,0.8231865660891201,0.0,0.0,0.0,0.0,0.0,0.0,0.0,0.0,0.0,0.6986920431021516,0.918354121227729,0.0,1e-08
2824.0,0.8307712299422814,0.832297935,0.239663289,0.0,0.0,0.8307712299422814,0.0,0.0,0.0,0.0,0.0,0.0,0.0,0.0,0.0,0.8028923670008246,0.9234028570463351,0.0,1e-08
2825.0,0.8386107145177821,0.840086254,0.247574283,0.0,0.0,0.8386107145177821,0.0,0.0,0.0,0.0,0.0,0.0,0.0,0.0,0.0,0.8103400682954658,0.9538832635038982,0.0,1e-08
2826.0,0.8464137961329485,0.828891646,0.261385775,0.0,0.0,0.8464137961329485,0.0,0.0,0.0,0.0,0.0,0.0,0.0,0.0,0.0,0.7805638172146703,1.0070978013919791,0.0,1e-08
2827.0,0.8564974161455223,0.812475904,0.27829077,0.0,0.0,0.8564974161455223,0.0,0.0,0.0,0.0,0.0,0.0,0.0,0.0,0.0,0.7382588026816235,1.0722313508249672,0.0,1e-08
2828.0,0.8690178931498798,0.799753121,0.297231322,0.0,0.0,0.8690178931498798,0.0,0.0,0.0,0.0,0.0,0.0,0.0,0.0,0.0,0.7007656006891803,1.145207733248037,0.0,1e-08
2829.0,0.8808702687645741,0.776065174,0.317528454,0.0,0.0,0.8808702687645741,0.0,0.0,0.0,0.0,0.0,0.0,0.0,0.0,0.0,0.642417691356482,1.2234109063616572,0.0,1e-08
2830.0,0.8855641092970782,0.735691059,0.34335647,0.0,0.0,0.8855641092970781,0.0,0.0,0.0,0.0,0.0,0.0,0.0,0.0,0.0,0.558476120941896,1.322924118692806,0.0,1e-08
2831.0,0.8822407331536264,0.643659559,0.384684961,0.0,0.0,0.8822407331536264,0.0,0.0,0.0,0.0,0.0,0.0,0.0,0.0,0.0,0.38115683897029506,1.4821593809060927,0.0,1e-08
2832.0,0.8830672944882736,0.462113191,0.506007262,0.0,0.0,0.8830672944882736,0.0,0.0,0.0,0.0,0.0,0.0,0.0,0.0,0.0,0.023984695018244295,1.949604185799993,0.0,1e-08
2833.0,0.8794698254670114,0.167699971,0.671207539,0.0,0.0,0.3291673886360352,0.5503024368309762,0.0,0.0,0.0,0.0,0.0,0.0,0.0,0.0,0.0,2.03580477120137,0.0,1.05e-08
2834.0,0.8542404326048019,0.001671667,0.725597088,0.0,0.0,0.0032812066560168633,0.850959225948785,0.0,0.0,0.0,0.0,0.0,0.0,0.0,0.0,4.336808689942018e-19,1.9447064219665324,0.0,1.05e-08
2835.0,0.8180259111240952,0.0,0.747721862,0.0,0.0,0.0,0.8180259111240952,0.0,0.0,0.0,0.0,0.0,0.0,0.0,0.0,0.0,2.0628846635730813,0.0,1.05e-08
2836.0,0.7790726022158917,0.0,0.750783467,0.0,0.0,0.0,0.7790726022158917,0.0,0.0,0.0,0.0,0.0,0.0,0.0,0.0,0.0,2.113634083666871,0.0,1.05e-08
2837.0,0.7433527327256085,0.0,0.74100485,0.0,0.0,0.0,0.7433527327256085,0.0,0.0,0.0,0.0,0.0,0.0,0.0,0.0,0.0,2.111677749540664,0.0,1.05e-08
2838.0,0.7169220421723704,0.0,0.721844853,0.0,0.0,0.0,0.7169220421723704,0.0,0.0,0.0,0.0,0.0,0.0,0.0,0.0,0.0,2.0642865542113324,0.0,1.05e-08
2839.0,0.7007334315766903,0.0,0.697608565,0.0,0.0,0.0,0.7007334315766903,0.0,0.0,0.0,0.0,0.0,0.0,0.0,0.0,0.0,1.987094748987893,0.0,1.05e-08
2840.0,0.6925406241508871,0.0,0.674936362,0.0,0.0,0.0,0.6925406241508871,0.0,0.0,0.0,0.0,0.0,0.0,0.0,0.0,0.0,1.907933430910835,0.0,1.05e-08
2841.0,0.6934292846531632,0.0,0.646624274,0.0,0.0,0.0,0.6934292846531632,0.0,0.0,0.0,0.0,0.0,0.0,0.0,0.0,0.0,1.7979606338383256,0.0,1.05e-08
2842.0,0.7004571973482719,0.0,0.622624639,0.0,0.0,0.0,0.7004571973482719,0.0,0.0,0.0,0.0,0.0,0.0,0.0,0.0,0.0,1.6984641097862676,0.0,1.05e-08
2843.0,0.715393117838334,0.0,0.591387472,0.0,0.0,0.0,0.715393117838334,0.0,0.0,0.0,0.0,0.0,0.0,0.0,0.0,0.0,1.5631739649417469,0.0,1.05e-08
2844.0,0.7434383867499244,0.030595784,0.46025028,0.0,0.0,0.06005447861736474,0.6833839081325596,0.0,0.0,0.0,0.0,0.0,0.0,0.0,0.0,6.938893903907228e-18,1.0899224054112544,0.0,1.05e-08
2845.0,0.7717020734235199,0.364169568,0.370063057,0.0,0.0,0.7148048088766398,0.05689726454688013,0.0,0.0,0.0,0.0,0.0,0.0,0.0,0.0,0.0,1.3689251279727381,0.0,1.05e-08
2846.0,0.7907558111325625,0.580107616,0.460125439,0.0,0.0,0.7907558111325625,0.0,0.0,0.0,0.0,0.0,0.0,0.0,0.0,0.0,0.34789977686748474,1.7728253114823072,0.0,1e-08
2847.0,0.8043041364287091,0.731881738,0.51824096,0.0,0.0,0.8043041364287091,0.0,0.0,0.0,0.0,0.0,0.0,0.0,0.0,0.0,0.6322590248604654,1.9967396137271378,0.0,1e-08
2848.0,0.8175398245361032,0.790565937,0.517651425,0.0,0.0,0.8175398245361032,0.0,0.0,0.0,0.0,0.0,0.0,0.0,0.0,0.0,0.7342107421165904,1.9944681840659655,0.0,1e-08
2849.0,0.8258161446356143,0.799246682,0.514342167,0.0,0.0,0.8258161446356143,0.0,0.0,0.0,0.0,0.0,0.0,0.0,0.0,0.0,0.7429732929603865,1.9817178863267757,0.0,1e-08
2850.0,0.833229500440144,0.790554668,0.51961883,0.0,0.0,0.833229500440144,0.0,0.0,0.0,0.0,0.0,0.0,0.0,0.0,0.0,0.7184989470238556,2.002048433029198,0.0,1e-08
2851.0,0.841122518780842,0.775771506,0.536158162,0.0,0.0,0.841122518780842,0.0,0.0,0.0,0.0,0.0,0.0,0.0,0.0,0.0,0.6815890194833136,2.065773113125856,0.0,1e-08
2852.0,0.8538228692362625,0.767111911,0.558277782,0.0,0.0,0.8538228692362625,0.0,0.0,0.0,0.0,0.0,0.0,0.0,0.0,0.0,0.6518913120468613,2.15099818197142,0.0,1e-08
2853.0,0.8681570702055063,0.74804391,0.582642365,0.0,0.0,0.8681570702055063,0.0,0.0,0.0,0.0,0.0,0.0,0.0,0.0,0.0,0.6001297695089104,2.244872907828756,0.0,1e-08
2854.0,0.8793199309244587,0.70402794,0.606496175,0.0,0.0,0.8793199309244587,0.0,0.0,0.0,0.0,0.0,0.0,0.0,0.0,0.0,0.5025708181002221,2.336779667505414,0.0,1e-08
2855.0,0.8842364719201838,0.596690197,0.632737918,0.0,0.0,0.8842364719201838,0.0,0.0,0.0,0.0,0.0,0.0,0.0,0.0,0.0,0.2869679880448772,2.4378869357949506,0.0,1e-08
2856.0,0.8964849973973387,0.421974231,0.703136599,0.0,0.0,0.8282658301113783,0.06821916728596032,0.0,0.0,0.0,0.0,0.0,0.0,0.0,0.0,0.0,2.640908071681553,0.0,1.05e-08
2857.0,0.8968575924031122,0.13555932,0.743576072,0.0,0.0,0.26608059085279545,0.6307770015503169,0.0,0.0,0.0,0.0,0.0,0.0,0.0,0.0,0.0,2.2341601867067102,0.0,1.05e-08
2858.0,0.8695746443079322,0.002519161,0.754055357,0.0,0.0,0.004944697622659356,0.8646299466852728,0.0,0.0,0.0,0.0,0.0,0.0,0.0,0.0,0.0,2.040683061119165,0.0,1.05e-08
2859.0,0.8248354060571987,0.0,0.752239144,0.0,0.0,0.0,0.8248354060571987,0.0,0.0,0.0,0.0,0.0,0.0,0.0,0.0,0.0,2.073479883071999,0.0,1.05e-08
2860.0,0.782548014252504,0.0,0.743048307,0.0,0.0,0.0,0.782548014252504,0.0,0.0,0.0,0.0,0.0,0.0,0.0,0.0,0.0,2.0803557390513334,0.0,1.05e-08
2861.0,0.7474833980482365,0.0,0.736391194,0.0,0.0,0.0,0.7474833980482365,0.0,0.0,0.0,0.0,0.0,0.0,0.0,0.0,0.0,2.0897710487242183,0.0,1.05e-08
2862.0,0.7251491112078999,0.0,0.731670703,0.0,0.0,0.0,0.7251491112078999,0.0,0.0,0.0,0.0,0.0,0.0,0.0,0.0,0.0,2.0939176736399894,0.0,1.05e-08
2863.0,0.7141639825894027,0.0,0.71951342,0.0,0.0,0.0,0.7141639825894027,0.0,0.0,0.0,0.0,0.0,0.0,0.0,0.0,0.0,2.058061795014691,0.0,1.05e-08
2864.0,0.7178299748301176,0.0,0.70457365,0.0,0.0,0.0,0.7178299748301176,0.0,0.0,0.0,0.0,0.0,0.0,0.0,0.0,0.0,1.9968341029442827,0.0,1.05e-08
2865.0,0.7482928285780205,0.0,0.677199023,0.0,0.0,0.0,0.7482928285780205,0.0,0.0,0.0,0.0,0.0,0.0,0.0,0.0,0.0,1.8608990724276722,0.0,1.05e-08
2866.0,0.8083491477270213,0.0,0.649540308,0.0,0.0,0.0,0.8083491477270213,0.0,0.0,0.0,0.0,0.0,0.0,0.0,0.0,0.0,1.6942760089107833,0.0,1.05e-08
2867.0,0.8601869632429241,0.0,0.616111277,0.0,0.0,0.0,0.8601869632429241,0.0,0.0,0.0,0.0,0.0,0.0,0.0,0.0,0.0,1.5136388980898308,0.0,1.05e-08
2868.0,0.8837182650730734,0.033696476,0.488595601,0.0,0.0,0.06614062569609408,0.8175776393769792,0.0,0.0,0.0,0.0,0.0,0.0,0.0,0.0,1.3877787807814457e-17,1.0649408547411214,0.0,1.05e-08
2869.0,0.8965535206167913,0.345696404,0.434834666,0.0,0.0,0.6785450342477867,0.21800848636900463,0.0,0.0,0.0,0.0,0.0,0.0,0.0,0.0,0.0,1.457373565686489,0.0,1.05e-08
2870.0,0.9106950000313245,0.587872884,0.520219927,0.0,0.0,0.9106950000313245,0.0,0.0,0.0,0.0,0.0,0.0,0.0,0.0,0.0,0.24320252852707247,2.004364410121384,0.0,1e-08
2871.0,0.9198385671270328,0.73431059,0.57005704,0.0,0.0,0.9198385671270328,0.0,0.0,0.0,0.0,0.0,0.0,0.0,0.0,0.0,0.5214920301101384,2.1963826901139494,0.0,1e-08
2872.0,0.9259349923077076,0.798562503,0.563986615,0.0,0.0,0.9259349923077076,0.0,0.0,0.0,0.0,0.0,0.0,0.0,0.0,0.0,0.6415115147353139,2.1729938439878933,0.0,1e-08
2873.0,0.9327209323841243,0.801493799,0.561874756,0.0,0.0,0.9327209323841243,0.0,0.0,0.0,0.0,0.0,0.0,0.0,0.0,0.0,0.6404792253237459,2.1648570256941286,0.0,1e-08
2874.0,0.9392499103875938,0.791575006,0.567314668,0.0,0.0,0.9392499103875938,0.0,0.0,0.0,0.0,0.0,0.0,0.0,0.0,0.0,0.6144812923123391,2.185816557309672,0.0,1e-08
2875.0,0.9431642992988243,0.774500152,0.577427533,0.0,0.0,0.9431642992988244,0.0,0.0,0.0,0.0,0.0,0.0,0.0,0.0,0.0,0.5770517807150016,2.224780590862278,0.0,1e-08
2876.0,0.951145113014446,0.759962683,0.589173631,0.0,0.0,0.951145113014446,0.0,0.0,0.0,0.0,0.0,0.0,0.0,0.0,0.0,0.5405363126427177,2.2700373362637243,0.0,1e-08
2877.0,0.9577468969385838,0.733156219,0.600826904,0.0,0.0,0.9577468969385838,0.0,0.0,0.0,0.0,0.0,0.0,0.0,0.0,0.0,0.4813178603862647,2.314936434607238,0.0,1e-08
2878.0,0.9582222767735363,0.673103439,0.614151523,0.0,0.0,0.9582222767735363,0.0,0.0,0.0,0.0,0.0,0.0,0.0,0.0,0.0,0.3629687763696082,2.366275091040572,0.0,1e-08
2879.0,0.9526654719460509,0.553300019,0.649758068,0.0,0.0,0.9526654719460509,0.0,0.0,0.0,0.0,0.0,0.0,0.0,0.0,0.0,0.1333712238295176,2.50346416793148,0.0,1e-08
2880.0,0.9567554516071288,0.366755025,0.684300371,0.0,0.0,0.7198796346148074,0.2368758169923214,0.0,0.0,0.0,0.0,0.0,0.0,0.0,0.0,0.0,2.3996769913072717,0.0,1.05e-08
2881.0,0.9519673916478774,0.099668516,0.715848252,0.0,0.0,0.19563286114670164,0.7563345305011756,0.0,0.0,0.0,0.0,0.0,0.0,0.0,0.0,0.0,2.0017696575308297,0.0,1.05e-08
2882.0,0.9120140720057874,0.002345519,0.729879932,0.0,0.0,0.004603867010962122,0.9074102049948253,0.0,0.0,0.0,0.0,0.0,0.0,0.0,0.0,0.0,1.904756887102391,0.0,1.05e-08
2883.0,0.8592469103260585,0.0,0.72681961,0.0,0.0,0.0,0.8592469103260585,0.0,0.0,0.0,0.0,0.0,0.0,0.0,0.0,0.0,1.941129013878599,0.0,1.05e-08
2884.0,0.8069187255209479,0.0,0.715639749,0.0,0.0,0.0,0.8069187255209479,0.0,0.0,0.0,0.0,0.0,0.0,0.0,0.0,0.0,1.9503821176737817,0.0,1.05e-08
2885.0,0.7651452578621478,0.0,0.699072278,0.0,0.0,0.0,0.7651452578621478,0.0,0.0,0.0,0.0,0.0,0.0,0.0,0.0,0.0,1.928322487993121,0.0,1.05e-08
2886.0,0.7391085758207623,0.0,0.679069721,0.0,0.0,0.0,0.7391085758207623,0.0,0.0,0.0,0.0,0.0,0.0,0.0,0.0,0.0,1.877290970064872,0.0,1.05e-08
2887.0,0.7250013580159552,0.0,0.657493534,0.0,0.0,0.0,0.7250013580159552,0.0,0.0,0.0,0.0,0.0,0.0,0.0,0.0,0.0,1.8082669214871756,0.0,1.05e-08
2888.0,0.724622338958358,0.0,0.630661209,0.0,0.0,0.0,0.724622338958358,0.0,0.0,0.0,0.0,0.0,0.0,0.0,0.0,0.0,1.705263208589543,0.0,1.05e-08
2889.0,0.7467467734391209,0.0,0.593231181,0.0,0.0,0.0,0.7467467734391209,0.0,0.0,0.0,0.0,0.0,0.0,0.0,0.0,0.0,1.5389239678331126,0.0,1.05e-08
2890.0,0.7962569408442427,0.0,0.555547334,0.0,0.0,0.0,0.7962569408442427,0.0,0.0,0.0,0.0,0.0,0.0,0.0,0.0,0.0,1.3442210505100136,0.0,1.05e-08
2891.0,0.8433302512575809,0.0,0.503444853,0.0,0.0,0.0,0.843330251257581,0.0,0.0,0.0,0.0,0.0,0.0,0.0,0.0,0.0,1.0964011843127293,0.0,1.05e-08
2892.0,0.8675767641907669,0.010722868,0.373855582,0.0,0.0,0.02104722163755714,0.8465295425532097,0.0,0.0,0.0,0.0,0.0,0.0,0.0,0.0,3.469446951953614e-18,0.59390513554019,0.0,1.05e-08
2893.0,0.8868210821039121,0.26683655,0.315223581,0.0,0.0,0.5237561451704058,0.36306493693350633,0.0,0.0,0.0,0.0,0.0,0.0,0.0,0.0,0.0,0.8514654841347649,0.0,1.05e-08
2894.0,0.9051467606062706,0.503270781,0.384451239,0.0,0.0,0.9051467606062706,0.0,0.0,0.0,0.0,0.0,0.0,0.0,0.0,0.0,0.08269079100897647,1.4812588693448308,0.0,1e-08
2895.0,0.919915655748917,0.65792384,0.42796426,0.0,0.0,0.919915655748917,0.0,0.0,0.0,0.0,0.0,0.0,0.0,0.0,0.0,0.37148034773752747,1.648910945212475,0.0,1e-08
2896.0,0.9322584006528192,0.73301718,0.437693429,0.0,0.0,0.9322584006528192,0.0,0.0,0.0,0.0,0.0,0.0,0.0,0.0,0.0,0.5065334460431505,1.6863966297692228,0.0,1e-08
2897.0,0.9455690360314896,0.749202635,0.452282945,0.0,0.0,0.9455690360314895,0.0,0.0,0.0,0.0,0.0,0.0,0.0,0.0,0.0,0.5249921897792569,1.7426088298668487,0.0,1e-08
2898.0,0.9553614323613897,0.741762439,0.475715098,0.0,0.0,0.9553614323613896,0.0,0.0,0.0,0.0,0.0,0.0,0.0,0.0,0.0,0.5005959156212546,1.8328909799501136,0.0,1e-08
2899.0,0.9666870357265421,0.724909379,0.497148049,0.0,0.0,0.9666870357265421,0.0,0.0,0.0,0.0,0.0,0.0,0.0,0.0,0.0,0.45619053461722314,1.9154703698554822,0.0,1e-08
2900.0,0.9774451811806025,0.69954751,0.507042218,0.0,0.0,0.9774451811806025,0.0,0.0,0.0,0.0,0.0,0.0,0.0,0.0,0.0,0.39565122259600105,1.9535917857837237,0.0,1e-08
2901.0,0.9863060899960688,0.64824494,0.507770059,0.0,0.0,0.9863060899960688,0.0,0.0,0.0,0.0,0.0,0.0,0.0,0.0,0.0,0.2860918288820645,1.9563960970392347,0.0,1e-08
2902.0,0.9853253514176532,0.5651242,0.507722071,0.0,0.0,0.9853253514176532,0.0,0.0,0.0,0.0,0.0,0.0,0.0,0.0,0.0,0.12392026180328441,1.9562112032388999,0.0,1e-08
2903.0,0.978691447234397,0.446957563,0.527008554,0.0,0.0,0.8773039909698981,0.10138745626449902,0.0,0.0,0.0,0.0,0.0,0.0,0.0,0.0,0.0,1.9291329729676048,0.0,1.05e-08
2904.0,0.9808627767508017,0.285427449,0.564327655,0.0,0.0,0.5602470141892577,0.4206157625615439,0.0,0.0,0.0,0.0,0.0,0.0,0.0,0.0,0.0,1.753692080377466,0.0,1.05e-08
2905.0,0.9753573643379058,0.083891954,0.605601418,0.0,0.0,0.16466607156273383,0.8106912927751718,0.0,0.0,0.0,0.0,0.0,0.0,0.0,0.0,0.0,1.5226409499134936,0.0,1.05e-08
2906.0,0.9344832639344213,0.003097031,0.617164558,0.0,0.0,0.006078961139443779,0.9284043027949775,0.0,0.0,0.0,0.0,0.0,0.0,0.0,0.0,0.0,1.449479763232918,0.0,1.05e-08
2907.0,0.879861692628256,0.0,0.610560578,0.0,0.0,0.0,0.879861692628256,0.0,0.0,0.0,0.0,0.0,0.0,0.0,0.0,0.0,1.4725777839286298,0.0,1.05e-08
2908.0,0.8240024206707278,0.0,0.593892337,0.0,0.0,0.0,0.8240024206707278,0.0,0.0,0.0,0.0,0.0,0.0,0.0,0.0,0.0,1.4642157000599982,0.0,1.05e-08
2909.0,0.7799912416266783,0.0,0.580106853,0.0,0.0,0.0,0.7799912416266783,0.0,0.0,0.0,0.0,0.0,0.0,0.0,0.0,0.0,1.4551125478917835,0.0,1.05e-08
2910.0,0.7497939153541543,0.0,0.570725794,0.0,0.0,0.0,0.7497939153541543,0.0,0.0,0.0,0.0,0.0,0.0,0.0,0.0,0.0,1.4491654286847155,0.0,1.05e-08
2911.0,0.731643827601643,0.0,0.561792916,0.0,0.0,0.0,0.731643827601643,0.0,0.0,0.0,0.0,0.0,0.0,0.0,0.0,0.0,1.4328978753322248,0.0,1.05e-08
2912.0,0.7277851138062177,0.0,0.548919578,0.0,0.0,0.0,0.7277851138062177,0.0,0.0,0.0,0.0,0.0,0.0,0.0,0.0,0.0,1.3871566811128555,0.0,1.05e-08
2913.0,0.7459908766745342,0.0,0.528903371,0.0,0.0,0.0,0.7459908766745342,0.0,0.0,0.0,0.0,0.0,0.0,0.0,0.0,0.0,1.291830125952354,0.0,1.05e-08
2914.0,0.794308311791059,0.0,0.506065147,0.0,0.0,0.0,0.794308311791059,0.0,0.0,0.0,0.0,0.0,0.0,0.0,0.0,0.0,1.1555189001328063,0.0,1.05e-08
2915.0,0.8435401036171546,0.0,0.47124591,0.0,0.0,0.0,0.8435401036171546,0.0,0.0,0.0,0.0,0.0,0.0,0.0,0.0,0.0,0.9721314641105172,0.0,1.05e-08
2916.0,0.8759023353542595,0.010801656,0.3719923,0.0,0.0,0.02120186948908155,0.854700465865178,0.0,0.0,0.0,0.0,0.0,0.0,0.0,0.0,0.0,0.5785551405837404,0.0,1.05e-08
2917.0,0.905101792243505,0.178481523,0.31514431,0.0,0.0,0.3503297972883517,0.5547719949551533,0.0,0.0,0.0,0.0,0.0,0.0,0.0,0.0,0.0,0.6594530014976654,0.0,1.05e-08
2918.0,0.9316695292356483,0.406130132,0.366889251,0.0,0.0,0.7971664765335484,0.13450305270209986,0.0,0.0,0.0,0.0,0.0,0.0,0.0,0.0,0.0,1.279090927446399,0.0,1.05e-08
2919.0,0.954849649566103,0.557083771,0.411285826,0.0,0.0,0.9548496495661029,0.0,0.0,0.0,0.0,0.0,0.0,0.0,0.0,0.0,0.13861392742870182,1.5846503165992263,0.0,1e-08
2920.0,0.9767556662848607,0.641698675,0.424999401,0.0,0.0,0.9767556662848608,0.0,0.0,0.0,0.0,0.0,0.0,0.0,0.0,0.0,0.28279301390515454,1.6374875883739584,0.0,1e-08
2921.0,0.9999893203805127,0.669440522,0.428961928,0.0,0.0,0.9999893203805127,0.0,0.0,0.0,0.0,0.0,0.0,0.0,0.0,0.0,0.3140120307221913,1.6527548776120828,0.0,1e-08
2922.0,1.0224028371933414,0.672927486,0.434951921,0.0,0.0,1.0224028371933414,0.0,0.0,0.0,0.0,0.0,0.0,0.0,0.0,0.0,0.2984428492261997,1.6758338258855816,0.0,1e-08
2923.0,1.0409533575095289,0.665967911,0.440588608,0.0,0.0,1.0409533575095289,0.0,0.0,0.0,0.0,0.0,0.0,0.0,0.0,0.0,0.26623183084846724,1.6975515153230987,0.0,1e-08
2924.0,1.0559235396093172,0.65608564,0.436661325,0.0,0.0,1.0559235396093172,0.0,0.0,0.0,0.0,0.0,0.0,0.0,0.0,0.0,0.23186438040410895,1.6824200183059252,0.0,1e-08
2925.0,1.0654761046711332,0.630107165,0.428610785,0.0,0.0,1.0654761046711332,0.0,0.0,0.0,0.0,0.0,0.0,0.0,0.0,0.0,0.17132035287807734,1.6514019526364443,0.0,1e-08
2926.0,1.0608379392544343,0.579277348,0.434797883,0.0,0.0,1.0608379392544343,0.0,0.0,0.0,0.0,0.0,0.0,0.0,0.0,0.0,0.0761879695763299,1.6752403301946595,0.0,1e-08
2927.0,1.0476771984183166,0.499692574,0.459701464,0.0,0.0,0.980814121335768,0.06686307708254871,0.0,0.0,0.0,0.0,0.0,0.0,0.0,0.0,0.0,1.704328693743825,0.0,1.05e-08
2928.0,1.0434951406810993,0.353481111,0.485510464,0.0,0.0,0.6938251303575628,0.3496700103235365,0.0,0.0,0.0,0.0,0.0,0.0,0.0,0.0,0.0,1.5209617057566502,0.0,1.05e-08
2929.0,1.0298654440618527,0.143427041,0.503746214,0.0,0.0,0.28152362975521056,0.748341814306642,0.0,0.0,0.0,0.0,0.0,0.0,0.0,0.0,5.551115123125783e-17,1.1925507403051512,0.0,1.05e-08
2930.0,0.9810747704609832,0.003911901,0.511926254,0.0,0.0,0.007678416573922333,0.9733963538870609,0.0,0.0,0.0,0.0,0.0,0.0,0.0,0.0,0.0,0.9990132191979009,0.0,1.05e-08
2931.0,0.9198878181910144,0.0,0.50762718,0.0,0.0,0.0,0.9198878181910144,0.0,0.0,0.0,0.0,0.0,0.0,0.0,0.0,0.0,1.035957777862598,0.0,1.05e-08
2932.0,0.8583111401104088,0.0,0.500311975,0.0,0.0,0.0,0.8583111401104088,0.0,0.0,0.0,0.0,0.0,0.0,0.0,0.0,0.0,1.069349575292252,0.0,1.05e-08
2933.0,0.8104476713227575,0.0,0.484640873,0.0,0.0,0.0,0.8104476713227575,0.0,0.0,0.0,0.0,0.0,0.0,0.0,0.0,0.0,1.0568335824600446,0.0,1.05e-08
2934.0,0.7759847746393083,0.0,0.471036458,0.0,0.0,0.0,0.7759847746393083,0.0,0.0,0.0,0.0,0.0,0.0,0.0,0.0,0.0,1.0388797918324721,0.0,1.05e-08
2935.0,0.753746848576327,0.0,0.462930152,0.0,0.0,0.0,0.753746848576327,0.0,0.0,0.0,0.0,0.0,0.0,0.0,0.0,0.0,1.029884790434077,0.0,1.05e-08
2936.0,0.7471857503137392,0.0,0.453337034,0.0,0.0,0.0,0.7471857503137392,0.0,0.0,0.0,0.0,0.0,0.0,0.0,0.0,0.0,0.9994843974055118,0.0,1.05e-08
2937.0,0.7653486861698978,0.0,0.448229794,0.0,0.0,0.0,0.7653486861698978,0.0,0.0,0.0,0.0,0.0,0.0,0.0,0.0,0.0,0.9616436876720976,0.0,1.05e-08
2938.0,0.8151993283216747,0.0,0.444166407,0.0,0.0,0.0,0.8151993283216746,0.0,0.0,0.0,0.0,0.0,0.0,0.0,0.0,0.0,0.8961371510329305,0.0,1.05e-08
2939.0,0.8649471856442729,0.0,0.427891765,0.0,0.0,0.0,0.8649471856442729,0.0,0.0,0.0,0.0,0.0,0.0,0.0,0.0,0.0,0.7836844423210721,0.0,1.05e-08
2940.0,0.8988790273769643,0.034009208,0.351436464,0.0,0.0,0.06675446704126,0.8321245603357044,0.0,0.0,0.0,0.0,0.0,0.0,0.0,0.0,0.0,0.5219311078557702,0.0,1.05e-08
2941.0,0.9288129675247174,0.381651817,0.257793926,0.0,0.0,0.7491195807665821,0.17969338675813526,0.0,0.0,0.0,0.0,0.0,0.0,0.0,0.0,0.0,0.8135653171128254,0.0,1.05e-08
2942.0,0.959282245324444,0.6571626,0.29739245,0.0,0.0,0.959282245324444,0.0,0.0,0.0,0.0,0.0,0.0,0.0,0.0,0.0,0.3306195695737074,1.1458285461233462,0.0,1e-08
2943.0,0.9851219231099033,0.793698426,0.338119775,0.0,0.0,0.9851219231099033,0.0,0.0,0.0,0.0,0.0,0.0,0.0,0.0,0.0,0.5727772028890594,1.3027475653931462,0.0,1e-08
2944.0,1.0063448489847426,0.85477631,0.350662897,0.0,0.0,1.0063448489847426,0.0,0.0,0.0,0.0,0.0,0.0,0.0,0.0,0.0,0.6714400913039238,1.3510751784347943,0.0,1e-08
2945.0,1.028340802429032,0.863554664,0.354449156,0.0,0.0,1.028340802429032,0.0,0.0,0.0,0.0,0.0,0.0,0.0,0.0,0.0,0.666674599173803,1.3656633216281284,0.0,1e-08
2946.0,1.0480369453204428,0.851215045,0.363189942,0.0,0.0,1.0480369453204428,0.0,0.0,0.0,0.0,0.0,0.0,0.0,0.0,0.0,0.6227578190409366,1.399340848123355,0.0,1e-08
2947.0,1.0649086467600413,0.839900576,0.374877568,0.0,0.0,1.0649086467600413,0.0,0.0,0.0,0.0,0.0,0.0,0.0,0.0,0.0,0.5836776807582968,1.4443723057384135,0.0,1e-08
2948.0,1.0770393979537618,0.839276224,0.377928863,0.0,0.0,1.0770393979537618,0.0,0.0,0.0,0.0,0.0,0.0,0.0,0.0,0.0,0.570321429546871,1.456128693345575,0.0,1e-08
2949.0,1.084482732666802,0.831934997,0.376097495,0.0,0.0,1.084482732666802,0.0,0.0,0.0,0.0,0.0,0.0,0.0,0.0,0.0,0.5484684768323203,1.449072583707093,0.0,1e-08
2950.0,1.0776068558648537,0.79596346,0.376849379,0.0,0.0,1.0776068558648537,0.0,0.0,0.0,0.0,0.0,0.0,0.0,0.0,0.0,0.4847381583623893,1.4519695306557239,0.0,1e-08
2951.0,1.060822949800179,0.70026269,0.386928324,0.0,0.0,1.060822949800179,0.0,0.0,0.0,0.0,0.0,0.0,0.0,0.0,0.0,0.313677234380207,1.4908028732500205,0.0,1e-08
2952.0,1.0546687081530912,0.535532347,0.424795377,0.0,0.0,1.0511616856040902,0.0035070225490010988,0.0,0.0,0.0,0.0,0.0,0.0,0.0,0.0,0.0,1.6331944782047292,0.0,1.05e-08
2953.0,1.0393837475139422,0.215479538,0.485712523,0.0,0.0,0.42295079960365234,0.6164329479102899,0.0,0.0,0.0,0.0,0.0,0.0,0.0,0.0,0.0,1.254977284807428,0.0,1.05e-08
2954.0,0.9934967453373775,0.004834748,0.507278701,0.0,0.0,0.009489813053535315,0.9840069322838423,0.0,0.0,0.0,0.0,0.0,0.0,0.0,0.0,0.0,0.9704960029660932,0.0,1.05e-08
2955.0,0.933800173090503,0.0,0.508817261,0.0,0.0,0.0,0.933800173090503,0.0,0.0,0.0,0.0,0.0,0.0,0.0,0.0,0.0,1.0266307067589793,0.0,1.05e-08
2956.0,0.8706217647551925,0.0,0.51568643,0.0,0.0,0.0,0.8706217647551925,0.0,0.0,0.0,0.0,0.0,0.0,0.0,0.0,0.0,1.116275455878481,0.0,1.05e-08
2957.0,0.8207047407345708,0.0,0.538814782,0.0,0.0,0.0,0.8207047407345708,0.0,0.0,0.0,0.0,0.0,0.0,0.0,0.0,0.0,1.2553041098224211,0.0,1.05e-08
2958.0,0.78611122166404,0.0,0.551498068,0.0,0.0,0.0,0.78611122166404,0.0,0.0,0.0,0.0,0.0,0.0,0.0,0.0,0.0,1.338765282249473,0.0,1.05e-08
2959.0,0.7638390339913324,0.0,0.560262157,0.0,0.0,0.0,0.7638390339913324,0.0,0.0,0.0,0.0,0.0,0.0,0.0,0.0,0.0,1.3948047809516493,0.0,1.05e-08
2960.0,0.7567083364670447,0.0,0.565505543,0.0,0.0,0.0,0.7567083364670447,0.0,0.0,0.0,0.0,0.0,0.0,0.0,0.0,0.0,1.42213781164594,0.0,1.05e-08
2961.0,0.773622864918801,0.0,0.5700188,0.0,0.0,0.0,0.773622864918801,0.0,0.0,0.0,0.0,0.0,0.0,0.0,0.0,0.0,1.422612489633658,0.0,1.05e-08
2962.0,0.817927408996132,0.0,0.574699222,0.0,0.0,0.0,0.817927408996132,0.0,0.0,0.0,0.0,0.0,0.0,0.0,0.0,0.0,1.3963412249334723,0.0,1.05e-08
2963.0,0.866360477045483,0.0,0.56361392,0.0,0.0,0.0,0.866360477045483,0.0,0.0,0.0,0.0,0.0,0.0,0.0,0.0,0.0,1.3051974038909022,0.0,1.05e-08
2964.0,0.9027099036144871,0.035805475,0.454640232,0.0,0.0,0.07028024295020804,0.832429660664279,0.0,0.0,0.0,0.0,0.0,0.0,0.0,0.0,0.0,0.9192616013087159,0.0,1.05e-08
2965.0,0.9316224195222745,0.415817187,0.311206727,0.0,0.0,0.8161805680620654,0.1154418514602091,0.0,0.0,0.0,0.0,0.0,0.0,0.0,0.0,1.1102230246251565e-16,1.0836119629261853,0.0,1.05e-08
2966.0,0.9602886801101542,0.690462917,0.304029724,0.0,0.0,0.9602886801101542,0.0,0.0,0.0,0.0,0.0,0.0,0.0,0.0,0.0,0.3949761656953914,1.1714014146263707,0.0,1e-08
2967.0,0.9833231885992721,0.803815264,0.334946564,0.0,0.0,0.9833231885992721,0.0,0.0,0.0,0.0,0.0,0.0,0.0,0.0,0.0,0.5944336220841671,1.2905214455078813,0.0,1e-08
2968.0,1.0020642891195621,0.866059413,0.319655256,0.0,0.0,1.0020642891195621,0.0,0.0,0.0,0.0,0.0,0.0,0.0,0.0,0.0,0.6978675217265322,1.2316052988001747,0.0,1e-08
2969.0,1.021013100648818,0.876806501,0.294083112,0.0,0.0,1.021013100648818,0.0,0.0,0.0,0.0,0.0,0.0,0.0,0.0,0.0,0.7000134717008528,1.1330779401507642,0.0,1e-08
2970.0,1.037223124750577,0.867685077,0.278488738,0.0,0.0,1.037223124750577,0.0,0.0,0.0,0.0,0.0,0.0,0.0,0.0,0.0,0.6658995964486241,1.0729941051774028,0.0,1e-08
2971.0,1.0515230641100946,0.856953183,0.264223422,0.0,0.0,1.0515230641100946,0.0,0.0,0.0,0.0,0.0,0.0,0.0,0.0,0.0,0.6305347189019752,1.0180310209018264,0.0,1e-08
2972.0,1.0599300065966872,0.853216405,0.25050645,0.0,0.0,1.0599300065966872,0.0,0.0,0.0,0.0,0.0,0.0,0.0,0.0,0.0,0.614793097411934,0.9651806607666762,0.0,1e-08
2973.0,1.0589235718109768,0.842432179,0.233042664,0.0,0.0,1.0589235718109768,0.0,0.0,0.0,0.0,0.0,0.0,0.0,0.0,0.0,0.594631874924282,0.897894135765153,0.0,1e-08
2974.0,1.0449448350426436,0.810879647,0.21169343,0.0,0.0,1.0449448350426436,0.0,0.0,0.0,0.0,0.0,0.0,0.0,0.0,0.0,0.5466781945230563,0.8156373005460102,0.0,1e-08
2975.0,1.0237390399726674,0.725866382,0.197305985,0.0,0.0,1.0237390399726674,0.0,0.0,0.0,0.0,0.0,0.0,0.0,0.0,0.0,0.40101696944624154,0.760203663320924,0.0,1e-08
2976.0,1.0119915905377597,0.565318579,0.215176149,0.0,0.0,1.0119915905377597,0.0,0.0,0.0,0.0,0.0,0.0,0.0,0.0,0.0,0.09763555660625611,0.8290559291908404,0.0,1e-08
2977.0,0.9940620618978616,0.205629678,0.234624355,0.0,0.0,0.40361714870737087,0.5904449131904907,0.0,0.0,0.0,0.0,0.0,0.0,0.0,0.0,-5.551115123125783e-17,0.31354334735471767,0.0,1.05e-08
2978.0,0.9542072443837347,0.007346354,0.250404757,0.0,0.0,0.014419681457046236,0.9397875629266885,0.0,0.0,0.0,0.0,0.0,0.0,0.0,0.0,0.0,0.025001283110525185,0.0,1.05e-08
2979.0,0.9019133211883504,0.0,0.270035128,0.0,0.0,0.0,0.9019133211883504,0.0,0.0,0.0,0.0,0.0,0.0,0.0,0.0,0.0,0.13850972290194752,0.0,1.05e-08
2980.0,0.8414415800214182,0.0,0.291253416,0.0,0.0,0.0,0.8414415800214182,0.0,0.0,0.0,0.0,0.0,0.0,0.0,0.0,0.0,0.28073377516577,0.0,1.05e-08
2981.0,0.7920170666406122,0.0,0.309787444,0.0,0.0,0.0,0.7920170666406122,0.0,0.0,0.0,0.0,0.0,0.0,0.0,0.0,0.0,0.401568367575312,0.0,1.05e-08
2982.0,0.755710467083766,0.0,0.330680413,0.0,0.0,0.0,0.755710467083766,0.0,0.0,0.0,0.0,0.0,0.0,0.0,0.0,0.0,0.5183738509924247,0.0,1.05e-08
2983.0,0.7323247770949535,0.0,0.352148547,0.0,0.0,0.0,0.7323247770949535,0.0,0.0,0.0,0.0,0.0,0.0,0.0,0.0,0.0,0.6244744880795956,0.0,1.05e-08
2984.0,0.7173310401384783,0.0,0.37018327,0.0,0.0,0.0,0.7173310401384783,0.0,0.0,0.0,0.0,0.0,0.0,0.0,0.0,0.0,0.708954523140906,0.0,1.05e-08
2985.0,0.7144851851805869,0.0,0.378978146,0.0,0.0,0.0,0.7144851851805869,0.0,0.0,0.0,0.0,0.0,0.0,0.0,0.0,0.0,0.7456863088963517,0.0,1.05e-08
2986.0,0.7210591315468221,0.0,0.390984255,0.0,0.0,0.0,0.7210591315468221,0.0,0.0,0.0,0.0,0.0,0.0,0.0,0.0,0.0,0.7853709088384319,0.0,1.05e-08
2987.0,0.7390678901592123,0.0,0.392569118,0.0,0.0,0.0,0.7390678901592123,0.0,0.0,0.0,0.0,0.0,0.0,0.0,0.0,0.0,0.7734684964600995,0.0,1.05e-08
2988.0,0.7708797947900885,0.064606091,0.288628333,0.0,0.0,0.12681110281439498,0.6440686919756935,0.0,0.0,0.0,0.0,0.0,0.0,0.0,0.0,0.0,0.46799243523649703,0.0,1.05e-08
2989.0,0.8042784402214144,0.412247138,0.115673315,0.0,0.0,0.8042784402214145,0.0,0.0,0.0,0.0,0.0,0.0,0.0,0.0,0.0,0.004894710369883093,0.44567972842524367,0.0,1e-08
2990.0,0.8405486368179264,0.645098601,0.073082086,0.0,0.0,0.8405486368179264,0.0,0.0,0.0,0.0,0.0,0.0,0.0,0.0,0.0,0.42567353744786185,0.28157924099633785,0.0,1e-08
2991.0,0.8683969014735904,0.763798135,0.089853636,0.0,0.0,0.8683969014735903,0.0,0.0,0.0,0.0,0.0,0.0,0.0,0.0,0.0,0.6308128839772603,0.3461986378664837,0.0,1e-08
2992.0,0.8895534454795851,0.814455151,0.090512232,0.0,0.0,0.8895534454795853,0.0,0.0,0.0,0.0,0.0,0.0,0.0,0.0,0.0,0.70908770882233,0.3487361538564244,0.0,1e-08
2993.0,0.9066885330439545,0.820948221,0.089002394,0.0,0.0,0.9066885330439545,0.0,0.0,0.0,0.0,0.0,0.0,0.0,0.0,0.0,0.7046974469331602,0.3429188727505262,0.0,1e-08
2994.0,0.9196586936759696,0.812470795,0.091297323,0.0,0.0,0.9196586936759696,0.0,0.0,0.0,0.0,0.0,0.0,0.0,0.0,0.0,0.6750874970266718,0.3517610446332566,0.0,1e-08
2995.0,0.9323590441313901,0.804225863,0.095215633,0.0,0.0,0.9323590441313901,0.0,0.0,0.0,0.0,0.0,0.0,0.0,0.0,0.0,0.6462037046795311,0.3668579694225731,0.0,1e-08
2996.0,0.9454084347358974,0.798903868,0.099782151,0.0,0.0,0.9454084347358974,0.0,0.0,0.0,0.0,0.0,0.0,0.0,0.0,0.0,0.6227081155095869,0.3844523860958481,0.0,1e-08
2997.0,0.9551580040536397,0.784478058,0.102181969,0.0,0.0,0.9551580040536396,0.0,0.0,0.0,0.0,0.0,0.0,0.0,0.0,0.0,0.5846430600391392,0.39369868663206087,0.0,1e-08
2998.0,0.9546483626089609,0.743607469,0.102097095,0.0,0.0,0.9546483626089609,0.0,0.0,0.0,0.0,0.0,0.0,0.0,0.0,0.0,0.5049304750104057,0.39337167412039936,0.0,1e-08
2999.0,0.947481262124339,0.647637467,0.111969416,0.0,0.0,0.947481262124339,0.0,0.0,0.0,0.0,0.0,0.0,0.0,0.0,0.0,0.3237242874296703,0.43140891150922,0.0,1e-08
3000.0,0.9430957760793717,0.457660443,0.159508357,0.0,0.0,0.8983119794595613,0.044783796619810426,0.0,0.0,0.0,0.0,0.0,0.0,0.0,0.0,-1.1102230246251565e-16,0.5697887279881063,0.0,1.05e-08
3001.0,0.9285966911133201,0.142108466,0.242829226,0.0,0.0,0.27893548446882427,0.6496612066444959,0.0,0.0,0.0,0.0,0.0,0.0,0.0,0.0,5.551115123125783e-17,0.2859397441659146,0.0,1.05e-08
3002.0,0.8945984675117838,0.004838918,0.308318084,0.0,0.0,0.009497998075884617,0.8851004694358992,0.0,0.0,0.0,0.0,0.0,0.0,0.0,0.0,0.0,0.3028236420647651,0.0,1.05e-08
3003.0,0.8511740185342974,0.0,0.338504875,0.0,0.0,0.0,0.8511740185342974,0.0,0.0,0.0,0.0,0.0,0.0,0.0,0.0,0.0,0.4530573053507406,0.0,1.05e-08
3004.0,0.8028415939635174,0.0,0.344218464,0.0,0.0,0.0,0.8028415939635175,0.0,0.0,0.0,0.0,0.0,0.0,0.0,0.0,0.0,0.5234037164131627,0.0,1.05e-08
3005.0,0.7620510062337408,0.0,0.336574022,0.0,0.0,0.0,0.7620510062337407,0.0,0.0,0.0,0.0,0.0,0.0,0.0,0.0,0.0,0.5347409005249786,0.0,1.05e-08
3006.0,0.7273932466449731,0.0,0.328903617,0.0,0.0,0.0,0.7273932466449731,0.0,0.0,0.0,0.0,0.0,0.0,0.0,0.0,0.0,0.5398452232012516,0.0,1.05e-08
3007.0,0.7039454574885317,0.0,0.325415236,0.0,0.0,0.0,0.7039454574885317,0.0,0.0,0.0,0.0,0.0,0.0,0.0,0.0,0.0,0.5498525684945273,0.0,1.05e-08
3008.0,0.690943176597398,0.0,0.326596224,0.0,0.0,0.0,0.6909431765973981,0.0,0.0,0.0,0.0,0.0,0.0,0.0,0.0,0.0,0.5674050986035852,0.0,1.05e-08
3009.0,0.6873628383809989,0.0,0.332097847,0.0,0.0,0.0,0.6873628383809989,0.0,0.0,0.0,0.0,0.0,0.0,0.0,0.0,0.0,0.592182735821384,0.0,1.05e-08
3010.0,0.6905020583721718,0.0,0.337176892,0.0,0.0,0.0,0.6905020583721718,0.0,0.0,0.0,0.0,0.0,0.0,0.0,0.0,0.0,0.6086126567012892,0.0,1.05e-08
3011.0,0.701022513908756,0.0,0.326995304,0.0,0.0,0.0,0.701022513908756,0.0,0.0,0.0,0.0,0.0,0.0,0.0,0.0,0.0,0.5588633835694132,0.0,1.05e-08
3012.0,0.7294832048382779,0.04786511,0.222934124,0.0,0.0,0.09395131777021341,0.6355318870680644,0.0,0.0,0.0,0.0,0.0,0.0,0.0,0.0,0.0,0.22341487901225066,0.0,1.05e-08
3013.0,0.7671217244732342,0.35440289,0.113137151,0.0,0.0,0.6956344305292934,0.0714872939439408,0.0,0.0,0.0,0.0,0.0,0.0,0.0,0.0,1.1102230246251565e-16,0.3644208040688618,0.0,1.05e-08
3014.0,0.8027709293934568,0.558887101,0.089918897,0.0,0.0,0.8027709293934567,0.0,0.0,0.0,0.0,0.0,0.0,0.0,0.0,0.0,0.2942322870145776,0.34645008310912034,0.0,1e-08
3015.0,0.8351117476244829,0.687292756,0.116732605,0.0,0.0,0.8351117476244829,0.0,0.0,0.0,0.0,0.0,0.0,0.0,0.0,0.0,0.5139305949110664,0.44976108530105874,0.0,1e-08
3016.0,0.862413967875134,0.745155192,0.115005321,0.0,0.0,0.862413967875134,0.0,0.0,0.0,0.0,0.0,0.0,0.0,0.0,0.0,0.600202794767141,0.4431060027175496,0.0,1e-08
3017.0,0.887309310042512,0.761272013,0.108074483,0.0,0.0,0.887309310042512,0.0,0.0,0.0,0.0,0.0,0.0,0.0,0.0,0.0,0.6069421144905778,0.41640205637003325,0.0,1e-08
3018.0,0.9093266769928802,0.760890581,0.106248067,0.0,0.0,0.9093266769928802,0.0,0.0,0.0,0.0,0.0,0.0,0.0,0.0,0.0,0.584176059423965,0.4093650263785307,0.0,1e-08
3019.0,0.9315367654979588,0.752529177,0.109085761,0.0,0.0,0.9315367654979588,0.0,0.0,0.0,0.0,0.0,0.0,0.0,0.0,0.0,0.5455539136978932,0.4202984269754959,0.0,1e-08
3020.0,0.9526269276351088,0.744826575,0.117470872,0.0,0.0,0.9526269276351088,0.0,0.0,0.0,0.0,0.0,0.0,0.0,0.0,0.0,0.5093448140265043,0.45260556707341326,0.0,1e-08
3021.0,0.9731432078093432,0.726077317,0.128171119,0.0,0.0,0.9731432078093432,0.0,0.0,0.0,0.0,0.0,0.0,0.0,0.0,0.0,0.45202683223048923,0.49383273495602326,0.0,1e-08
3022.0,0.9813445806375779,0.688684148,0.138603694,0.0,0.0,0.9813445806375779,0.0,0.0,0.0,0.0,0.0,0.0,0.0,0.0,0.0,0.37042883494752543,0.5340285847315396,0.0,1e-08
3023.0,0.978569390249747,0.594493127,0.161665856,0.0,0.0,0.978569390249747,0.0,0.0,0.0,0.0,0.0,0.0,0.0,0.0,0.0,0.1883225836114817,0.6228851900519541,0.0,1e-08
3024.0,0.9740340096622271,0.426992994,0.241953835,0.0,0.0,0.8381168342650592,0.13591717539716786,0.0,0.0,0.0,0.0,0.0,0.0,0.0,0.0,0.0,0.7963109661949203,0.0,1.05e-08
3025.0,0.9581837324625943,0.151823642,0.375159056,0.0,0.0,0.2980047728830691,0.6601789595795251,0.0,0.0,0.0,0.0,0.0,0.0,0.0,0.0,0.0,0.7852778961728217,0.0,1.05e-08
3026.0,0.9165258977366205,0.003773504,0.470481644,0.0,0.0,0.007406766085175013,0.9091191316514454,0.0,0.0,0.0,0.0,0.0,0.0,0.0,0.0,0.0,0.9036077823043113,0.0,1.05e-08
3027.0,0.8600584822064504,0.0,0.508384697,0.0,0.0,0.0,0.8600584822064504,0.0,0.0,0.0,0.0,0.0,0.0,0.0,0.0,0.0,1.098705764279524,0.0,1.05e-08
3028.0,0.8033619421612357,0.0,0.521508765,0.0,0.0,0.0,0.8033619421612357,0.0,0.0,0.0,0.0,0.0,0.0,0.0,0.0,0.0,1.2059682543199857,0.0,1.05e-08
3029.0,0.7573186213902946,0.0,0.520271705,0.0,0.0,0.0,0.7573186213902946,0.0,0.0,0.0,0.0,0.0,0.0,0.0,0.0,0.0,1.2472452850883817,0.0,1.05e-08
3030.0,0.7248064951106369,0.0,0.51010678,0.0,0.0,0.0,0.7248064951106369,0.0,0.0,0.0,0.0,0.0,0.0,0.0,0.0,0.0,1.2405927949354338,0.0,1.05e-08
3031.0,0.7069369242877598,0.0,0.495867819,0.0,0.0,0.0,0.7069369242877598,0.0,0.0,0.0,0.0,0.0,0.0,0.0,0.0,0.0,1.2036008251208905,0.0,1.05e-08
3032.0,0.7040525250189263,0.0,0.480658545,0.0,0.0,0.0,0.7040525250189263,0.0,0.0,0.0,0.0,0.0,0.0,0.0,0.0,0.0,1.1478851479082546,0.0,1.05e-08
3033.0,0.7227079715149006,0.0,0.454985723,0.0,0.0,0.0,0.7227079715149006,0.0,0.0,0.0,0.0,0.0,0.0,0.0,0.0,0.0,1.0303144387445715,0.0,1.05e-08
3034.0,0.770344457138115,0.0,0.436605418,0.0,0.0,0.0,0.770344457138115,0.0,0.0,0.0,0.0,0.0,0.0,0.0,0.0,0.0,0.9118601561145613,0.0,1.05e-08
3035.0,0.8189873775470397,0.0,0.410620905,0.0,0.0,0.0,0.8189873775470397,0.0,0.0,0.0,0.0,0.0,0.0,0.0,0.0,0.0,0.7631010533596717,0.0,1.05e-08
3036.0,0.8547051056867149,0.048079552,0.29355284,0.0,0.0,0.09437223205381748,0.7603328736328974,0.0,0.0,0.0,0.0,0.0,0.0,0.0,0.0,0.0,0.37070197230074764,0.0,1.05e-08
3037.0,0.8863264301134886,0.316740387,0.138522404,0.0,0.0,0.6217091478468841,0.26461728226660436,0.0,0.0,0.0,0.0,0.0,0.0,0.0,0.0,0.0,0.269098098809246,0.0,1.05e-08
3038.0,0.9197079447399512,0.536081188,0.150768865,0.0,0.0,0.9197079447399512,0.0,0.0,0.0,0.0,0.0,0.0,0.0,0.0,0.0,0.13253102524092886,0.5808999837878098,0.0,1e-08
3039.0,0.9491600810009281,0.67603781,0.217066594,0.0,0.0,0.9491600810009281,0.0,0.0,0.0,0.0,0.0,0.0,0.0,0.0,0.0,0.3777906585249845,0.8363396576307389,0.0,1e-08
3040.0,0.9769098435286291,0.743454597,0.226311547,0.0,0.0,0.976909843528629,0.0,0.0,0.0,0.0,0.0,0.0,0.0,0.0,0.0,0.4823689315639794,0.8719596979342795,0.0,1e-08
3041.0,1.0065375705394533,0.76401525,0.232696884,0.0,0.0,1.0065375705394533,0.0,0.0,0.0,0.0,0.0,0.0,0.0,0.0,0.0,0.49309837585321237,0.8965618739855464,0.0,1e-08
3042.0,1.034957575807425,0.759534258,0.246738179,0.0,0.0,1.034957575807425,0.0,0.0,0.0,0.0,0.0,0.0,0.0,0.0,0.0,0.4558829222238394,0.9506618238515872,0.0,1e-08
3043.0,1.0585595422076348,0.748148378,0.264913386,0.0,0.0,1.0585595422076348,0.0,0.0,0.0,0.0,0.0,0.0,0.0,0.0,0.0,0.4099323509635653,1.0206893952048641,0.0,1e-08
3044.0,1.079200020717127,0.737067653,0.283142175,0.0,0.0,1.079200020717127,0.0,0.0,0.0,0.0,0.0,0.0,0.0,0.0,0.0,0.36754223653765394,1.0909234135784283,0.0,1e-08
3045.0,1.0933243693267973,0.712625616,0.291019282,0.0,0.0,1.0933243693267973,0.0,0.0,0.0,0.0,0.0,0.0,0.0,0.0,0.0,0.3054421998926211,1.1212732562239562,0.0,1e-08
3046.0,1.093249422055521,0.671216785,0.292227416,0.0,0.0,1.093249422055521,0.0,0.0,0.0,0.0,0.0,0.0,0.0,0.0,0.0,0.22423844040287566,1.1259280967377023,0.0,1e-08
3047.0,1.0806068880665136,0.585511071,0.318572338,0.0,0.0,1.0806068880665136,0.0,0.0,0.0,0.0,0.0,0.0,0.0,0.0,0.0,0.0686547910458708,1.2274329051919617,0.0,1e-08
3048.0,1.0671956092092723,0.436340568,0.426295385,0.0,0.0,0.8564645805724338,0.21073102863683837,0.0,0.0,0.0,0.0,0.0,0.0,0.0,0.0,1.1102230246251565e-16,1.4317498790447187,0.0,1.05e-08
3049.0,1.0450326304175672,0.212419637,0.55040442,0.0,0.0,0.416944718531314,0.6280879118862533,0.0,0.0,0.0,0.0,0.0,0.0,0.0,0.0,0.0,1.4925748566153128,0.0,1.05e-08
3050.0,0.9883617865796472,0.008652968,0.63249896,0.0,0.0,0.016984349272852146,0.971377437306795,0.0,0.0,0.0,0.0,0.0,0.0,0.0,0.0,0.0,1.4655888130513715,0.0,1.05e-08
3051.0,0.9204809723094011,0.0,0.662066365,0.0,0.0,0.0,0.9204809723094011,0.0,0.0,0.0,0.0,0.0,0.0,0.0,0.0,0.0,1.6304060473345703,0.0,1.05e-08
3052.0,0.8537736181722809,0.0,0.668690385,0.0,0.0,0.0,0.8537736181722809,0.0,0.0,0.0,0.0,0.0,0.0,0.0,0.0,0.0,1.7226352034074552,0.0,1.05e-08
3053.0,0.800117795990276,0.0,0.657758208,0.0,0.0,0.0,0.800117795990276,0.0,0.0,0.0,0.0,0.0,0.0,0.0,0.0,0.0,1.734170250573574,0.0,1.05e-08
3054.0,0.7614535694141382,0.0,0.63253382,0.0,0.0,0.0,0.7614535694141382,0.0,0.0,0.0,0.0,0.0,0.0,0.0,0.0,0.0,1.6756469936446965,0.0,1.05e-08
3055.0,0.7386738816473597,0.0,0.601691212,0.0,0.0,0.0,0.7386738816473597,0.0,0.0,0.0,0.0,0.0,0.0,0.0,0.0,0.0,1.579592660294623,0.0,1.05e-08
3056.0,0.7310977831966301,0.0,0.566152779,0.0,0.0,0.0,0.7310977831966301,0.0,0.0,0.0,0.0,0.0,0.0,0.0,0.0,0.0,1.4502421117645976,0.0,1.05e-08
3057.0,0.7442563826821399,0.0,0.526034718,0.0,0.0,0.0,0.7442563826821399,0.0,0.0,0.0,0.0,0.0,0.0,0.0,0.0,0.0,1.282511936877904,0.0,1.05e-08
3058.0,0.787545926571329,0.0,0.496226031,0.0,0.0,0.0,0.787545926571329,0.0,0.0,0.0,0.0,0.0,0.0,0.0,0.0,0.0,1.124371984086082,0.0,1.05e-08
3059.0,0.8329875278214519,0.0,0.462455656,0.0,0.0,0.0,0.8329875278214519,0.0,0.0,0.0,0.0,0.0,0.0,0.0,0.0,0.0,0.9488159172929022,0.0,1.05e-08
3060.0,0.8671227978618934,0.025895568,0.3278571,0.0,0.0,0.05082872969493165,0.8162940681669618,0.0,0.0,0.0,0.0,0.0,0.0,0.0,0.0,0.0,0.4469122581174362,0.0,1.05e-08
3061.0,0.8989796708555354,0.365919774,0.218498365,0.0,0.0,0.7182401746382422,0.1807394962172932,0.0,0.0,0.0,0.0,0.0,0.0,0.0,0.0,0.0,0.6611166568164446,0.0,1.05e-08
3062.0,0.931472524979722,0.584536432,0.269332637,0.0,0.0,0.931472524979722,0.0,0.0,0.0,0.0,0.0,0.0,0.0,0.0,0.0,0.21587609849777034,1.0377164042909528,0.0,1e-08
3063.0,0.9616719926028539,0.726276194,0.31868252,0.0,0.0,0.9616719926028539,0.0,0.0,0.0,0.0,0.0,0.0,0.0,0.0,0.0,0.4638884101923171,1.2278574273372582,0.0,1e-08
3064.0,0.9887151094299498,0.797022002,0.327300327,0.0,0.0,0.9887151094299498,0.0,0.0,0.0,0.0,0.0,0.0,0.0,0.0,0.0,0.5757076481852248,1.261061125903182,0.0,1e-08
3065.0,1.0195270033269395,0.815317247,0.325689293,0.0,0.0,1.0195270033269395,0.0,0.0,0.0,0.0,0.0,0.0,0.0,0.0,0.0,0.5808063032596864,1.2548539449677707,0.0,1e-08
3066.0,1.048317462250077,0.811431156,0.321004143,0.0,0.0,1.048317462250077,0.0,0.0,0.0,0.0,0.0,0.0,0.0,0.0,0.0,0.5443880885364483,1.236802448997144,0.0,1e-08
3067.0,1.072945135591468,0.803484553,0.318005367,0.0,0.0,1.072945135591468,0.0,0.0,0.0,0.0,0.0,0.0,0.0,0.0,0.0,0.5041625439346185,1.2252484127590701,0.0,1e-08
3068.0,1.0953458043006494,0.800903028,0.316915425,0.0,0.0,1.0953458043006494,0.0,0.0,0.0,0.0,0.0,0.0,0.0,0.0,0.0,0.47669476735486604,1.2210489562590183,0.0,1e-08
3069.0,1.110067589729922,0.791109172,0.31930966,0.0,0.0,1.110067589729922,0.0,0.0,0.0,0.0,0.0,0.0,0.0,0.0,0.0,0.4427492576460146,1.2302737459573705,0.0,1e-08
3070.0,1.107296682043307,0.762079662,0.329737825,0.0,0.0,1.1072966820433068,0.0,0.0,0.0,0.0,0.0,0.0,0.0,0.0,0.0,0.38854002429203494,1.2704526043671396,0.0,1e-08
3071.0,1.090517058679848,0.673482187,0.352985021,0.0,0.0,1.090517058679848,0.0,0.0,0.0,0.0,0.0,0.0,0.0,0.0,0.0,0.23141741433014373,1.3600221304062992,0.0,1e-08
3072.0,1.0756753576165332,0.503842135,0.401252173,0.0,0.0,0.9889590252985475,0.08671633231798571,0.0,0.0,0.0,0.0,0.0,0.0,0.0,0.0,1.1102230246251565e-16,1.4592751480219601,0.0,1.05e-08
3073.0,1.0553646471006568,0.201741468,0.488095487,0.0,0.0,0.395985233659702,0.6593794134409549,0.0,0.0,0.0,0.0,0.0,0.0,0.0,0.0,5.551115123125783e-17,1.221212182743066,0.0,1.05e-08
3074.0,0.9995846051156208,0.009071074,0.530112753,0.0,0.0,0.017805022403398235,0.9817795827122225,0.0,0.0,0.0,0.0,0.0,0.0,0.0,0.0,0.0,1.060701068869331,0.0,1.05e-08
3075.0,0.9317209216502377,0.0,0.531489939,0.0,0.0,0.0,0.9317209216502377,0.0,0.0,0.0,0.0,0.0,0.0,0.0,0.0,0.0,1.116065913837872,0.0,1.05e-08
3076.0,0.8645831560409308,0.0,0.520745375,0.0,0.0,0.0,0.8645831560409308,0.0,0.0,0.0,0.0,0.0,0.0,0.0,0.0,0.0,1.1418057618240205,0.0,1.05e-08
3077.0,0.809325603604221,0.0,0.508419538,0.0,0.0,0.0,0.8093256036042211,0.0,0.0,0.0,0.0,0.0,0.0,0.0,0.0,0.0,1.1495728823769908,0.0,1.05e-08
3078.0,0.7698262502910046,0.0,0.5001398,0.0,0.0,0.0,0.7698262502910046,0.0,0.0,0.0,0.0,0.0,0.0,0.0,0.0,0.0,1.1571710890577958,0.0,1.05e-08
3079.0,0.7473227967526445,0.0,0.490931055,0.0,0.0,0.0,0.7473227967526445,0.0,0.0,0.0,0.0,0.0,0.0,0.0,0.0,0.0,1.1441940087259428,0.0,1.05e-08
3080.0,0.739256329012707,0.0,0.485100013,0.0,0.0,0.0,0.739256329012707,0.0,0.0,0.0,0.0,0.0,0.0,0.0,0.0,0.0,1.1297939532665047,0.0,1.05e-08
3081.0,0.7536954561617376,0.0,0.46021484,0.0,0.0,0.0,0.7536954561617375,0.0,0.0,0.0,0.0,0.0,0.0,0.0,0.0,0.0,1.0194743099893144,0.0,1.05e-08
3082.0,0.7938843243706959,0.0,0.432210897,0.0,0.0,0.0,0.7938843243706959,0.0,0.0,0.0,0.0,0.0,0.0,0.0,0.0,0.0,0.8713885624432676,0.0,1.05e-08
3083.0,0.8382916532772059,0.0,0.392668134,0.0,0.0,0.0,0.8382916532772059,0.0,0.0,0.0,0.0,0.0,0.0,0.0,0.0,0.0,0.6746262338116805,0.0,1.05e-08
3084.0,0.8713969336752502,0.056855898,0.262458966,0.0,0.0,0.1115987519951138,0.7597981816801364,0.0,0.0,0.0,0.0,0.0,0.0,0.0,0.0,-1.3877787807814457e-17,0.2514345359924769,0.0,1.05e-08
3085.0,0.9038512434884947,0.374090611,0.199641802,0.0,0.0,0.7342781802635426,0.16957306322495203,0.0,0.0,0.0,0.0,0.0,0.0,0.0,0.0,0.0,0.599630310065476,0.0,1.05e-08
3086.0,0.9373483910477837,0.581816698,0.231184242,0.0,0.0,0.9373483910477837,0.0,0.0,0.0,0.0,0.0,0.0,0.0,0.0,0.0,0.20466184308338808,0.8907337892992503,0.0,1e-08
3087.0,0.9696335341630046,0.716666405,0.269239664,0.0,0.0,0.9696335341630045,0.0,0.0,0.0,0.0,0.0,0.0,0.0,0.0,0.0,0.4370644375201582,1.0373581870012443,0.0,1e-08
3088.0,1.0016167468425123,0.783381549,0.29360596,0.0,0.0,1.0016167468425123,0.0,0.0,0.0,0.0,0.0,0.0,0.0,0.0,0.0,0.5360320509022543,1.131239512906092,0.0,1e-08
3089.0,1.035970434644959,0.803837227,0.319488224,0.0,0.0,1.035970434644959,0.0,0.0,0.0,0.0,0.0,0.0,0.0,0.0,0.0,0.5418294857856882,1.2309617383005182,0.0,1e-08
3090.0,1.0672962526878433,0.797426145,0.342805408,0.0,0.0,1.0672962526878433,0.0,0.0,0.0,0.0,0.0,0.0,0.0,0.0,0.0,0.49791977099143536,1.3208009223228783,0.0,1e-08
3091.0,1.0928361413881973,0.785308953,0.365396625,0.0,0.0,1.0928361413881973,0.0,0.0,0.0,0.0,0.0,0.0,0.0,0.0,0.0,0.4485958325714696,1.4078430154569408,0.0,1e-08
3092.0,1.1172346902145438,0.778424653,0.388125823,0.0,0.0,1.1172346902145438,0.0,0.0,0.0,0.0,0.0,0.0,0.0,0.0,0.0,0.41068453809541117,1.4954167379871854,0.0,1e-08
3093.0,1.132917942066761,0.765533111,0.406178773,0.0,0.0,1.132917942066761,0.0,0.0,0.0,0.0,0.0,0.0,0.0,0.0,0.0,0.3696973151671836,1.564973263217525,0.0,1e-08
3094.0,1.131902941878619,0.727624941,0.41869986,0.0,0.0,1.131902941878619,0.0,0.0,0.0,0.0,0.0,0.0,0.0,0.0,0.0,0.2963048288634471,1.6132159772241983,0.0,1e-08
3095.0,1.1133952485745895,0.63671035,0.425700678,0.0,0.0,1.1133952485745895,0.0,0.0,0.0,0.0,0.0,0.0,0.0,0.0,0.0,0.13636217223638947,1.6401895507315762,0.0,1e-08
3096.0,1.0965963530556595,0.487587166,0.47599566,0.0,0.0,0.9570532016649246,0.13954315139073498,0.0,0.0,0.0,0.0,0.0,0.0,0.0,0.0,0.0,1.6944288107717966,0.0,1.05e-08
3097.0,1.0719922345709552,0.211873334,0.568144573,0.0,0.0,0.41587241582999723,0.656119818740958,0.0,0.0,0.0,0.0,0.0,0.0,0.0,0.0,5.551115123125783e-17,1.5328942939860442,0.0,1.05e-08
3098.0,1.0150537219070483,0.010560375,0.618890829,0.0,0.0,0.02072827467434249,0.9943254472327058,0.0,0.0,0.0,0.0,0.0,0.0,0.0,0.0,0.0,1.3902097983733697,0.0,1.05e-08
3099.0,0.9469180869144629,0.0,0.620749752,0.0,0.0,0.0,0.9469180869144629,0.0,0.0,0.0,0.0,0.0,0.0,0.0,0.0,0.0,1.4447794354691341,0.0,1.05e-08
3100.0,0.8784548252788694,0.0,0.596257794,0.0,0.0,0.0,0.8784548252788694,0.0,0.0,0.0,0.0,0.0,0.0,0.0,0.0,0.0,1.4188772058931853,0.0,1.05e-08
3101.0,0.8226705005926177,0.0,0.573060763,0.0,0.0,0.0,0.8226705005926177,0.0,0.0,0.0,0.0,0.0,0.0,0.0,0.0,0.0,1.3852852861417984,0.0,1.05e-08
3102.0,0.7836037001021958,0.0,0.54623161,0.0,0.0,0.0,0.7836037001021958,0.0,0.0,0.0,0.0,0.0,0.0,0.0,0.0,0.0,1.3209815761309922,0.0,1.05e-08
3103.0,0.7577768704203839,0.0,0.517887225,0.0,0.0,0.0,0.7577768704203839,0.0,0.0,0.0,0.0,0.0,0.0,0.0,0.0,0.0,1.2375998315692067,0.0,1.05e-08
3104.0,0.7484898328339468,0.0,0.497346084,0.0,0.0,0.0,0.7484898328339468,0.0,0.0,0.0,0.0,0.0,0.0,0.0,0.0,0.0,1.1677435495194373,0.0,1.05e-08
3105.0,0.764271586814127,0.0,0.463092364,0.0,0.0,0.0,0.764271586814127,0.0,0.0,0.0,0.0,0.0,0.0,0.0,0.0,0.0,1.0199850416340512,0.0,1.05e-08
3106.0,0.8064369216341717,0.0,0.42670345,0.0,0.0,0.0,0.8064369216341716,0.0,0.0,0.0,0.0,0.0,0.0,0.0,0.0,0.0,0.8376162267874374,0.0,1.05e-08
3107.0,0.8509770142783711,0.0,0.365490354,0.0,0.0,0.0,0.8509770142783711,0.0,0.0,0.0,0.0,0.0,0.0,0.0,0.0,0.0,0.5572271312738349,0.0,1.05e-08
3108.0,0.8874335083777699,0.05313299,0.266214954,0.0,0.0,0.10429129751444363,0.7831422108633262,0.0,0.0,0.0,0.0,0.0,0.0,0.0,0.0,1.3877787807814457e-17,0.24256201833991498,0.0,1.05e-08
3109.0,0.9218385885948059,0.426269299,0.240188267,0.0,0.0,0.8366963403204362,0.08514224827436975,0.0,0.0,0.0,0.0,0.0,0.0,0.0,0.0,0.0,0.840283305644353,0.0,1.05e-08
3110.0,0.9565027722353973,0.660009839,0.246785908,0.0,0.0,0.9565027722353973,0.0,0.0,0.0,0.0,0.0,0.0,0.0,0.0,0.0,0.3389877032979588,0.9508457197463146,0.0,1e-08
3111.0,0.9908693081414913,0.7651738,0.251211898,0.0,0.0,0.9908693081414913,0.0,0.0,0.0,0.0,0.0,0.0,0.0,0.0,0.0,0.5110406808513622,0.9678986936427818,0.0,1e-08
3112.0,1.0226619406168964,0.812774283,0.254885115,0.0,0.0,1.0226619406168964,0.0,0.0,0.0,0.0,0.0,0.0,0.0,0.0,0.0,0.572679946983286,0.9820512953470469,0.0,1e-08
3113.0,1.0541719148120596,0.817022983,0.269015781,0.0,0.0,1.0541719148120596,0.0,0.0,0.0,0.0,0.0,0.0,0.0,0.0,0.0,0.5495094702594605,1.0364955842943104,0.0,1e-08
3114.0,1.0832535974178708,0.807005984,0.294053614,0.0,0.0,1.0832535974178708,0.0,0.0,0.0,0.0,0.0,0.0,0.0,0.0,0.0,0.5007660704622983,1.132964286793211,0.0,1e-08
3115.0,1.1067656270925492,0.794697275,0.325735583,0.0,0.0,1.1067656270925492,0.0,0.0,0.0,0.0,0.0,0.0,0.0,0.0,0.0,0.45309407477897423,1.2550322965143552,0.0,1e-08
3116.0,1.125269037695363,0.785510988,0.357233365,0.0,0.0,1.1252690376953627,0.0,0.0,0.0,0.0,0.0,0.0,0.0,0.0,0.0,0.41655949765287503,1.3763906489377948,0.0,1e-08
3117.0,1.1337894717641739,0.76684431,0.388381985,0.0,0.0,1.1337894717641739,0.0,0.0,0.0,0.0,0.0,0.0,0.0,0.0,0.0,0.3713994528844906,1.4964037090149707,0.0,1e-08
3118.0,1.1240184889403526,0.722926859,0.425084419,0.0,0.0,1.1240184889403526,0.0,0.0,0.0,0.0,0.0,0.0,0.0,0.0,0.0,0.2949677215693749,1.637815155705726,0.0,1e-08
3119.0,1.1048191393899733,0.636945797,0.472368364,0.0,0.0,1.1048191393899733,0.0,0.0,0.0,0.0,0.0,0.0,0.0,0.0,0.0,0.1454004250557961,1.8199962902783293,0.0,1e-08
3120.0,1.0864998849394385,0.470803615,0.545186951,0.0,0.0,0.9241098587307167,0.1623900262087218,0.0,0.0,0.0,0.0,0.0,0.0,0.0,0.0,0.0,1.9381702651831747,0.0,1.05e-08
3121.0,1.0636495326025994,0.177686879,0.624545585,0.0,0.0,0.34877004215651985,0.7148794904460796,0.0,0.0,0.0,0.0,0.0,0.0,0.0,0.0,0.0,1.6914430629620676,0.0,1.05e-08
3122.0,1.009920904499926,0.018398547,0.652714453,0.0,0.0,0.03611331376251317,0.9738075907374129,0.0,0.0,0.0,0.0,0.0,0.0,0.0,0.0,0.0,1.5410472844105108,0.0,1.05e-08
3123.0,0.945337770165837,0.0,0.649199903,0.0,0.0,0.0,0.9453377701658371,0.0,0.0,0.0,0.0,0.0,0.0,0.0,0.0,0.0,1.555975834123402,0.0,1.05e-08
3124.0,0.8798445618233928,0.0,0.634025443,0.0,0.0,0.0,0.8798445618233928,0.0,0.0,0.0,0.0,0.0,0.0,0.0,0.0,0.0,1.5630031014508445,0.0,1.05e-08
3125.0,0.8256726741448853,0.0,0.622047268,0.0,0.0,0.0,0.8256726741448853,0.0,0.0,0.0,0.0,0.0,0.0,0.0,0.0,0.0,1.5710240702157718,0.0,1.05e-08
3126.0,0.786068394651882,0.0,0.599781044,0.0,0.0,0.0,0.786068394651882,0.0,0.0,0.0,0.0,0.0,0.0,0.0,0.0,0.0,1.5248384277602631,0.0,1.05e-08
3127.0,0.7612951094691541,0.0,0.571784125,0.0,0.0,0.0,0.7612951094691541,0.0,0.0,0.0,0.0,0.0,0.0,0.0,0.0,0.0,1.4417418964977409,0.0,1.05e-08
3128.0,0.7509887889933593,0.0,0.549987891,0.0,0.0,0.0,0.7509887889933593,0.0,0.0,0.0,0.0,0.0,0.0,0.0,0.0,0.0,1.3680691276752561,0.0,1.05e-08
3129.0,0.7657212811756714,0.0,0.526183019,0.0,0.0,0.0,0.7657212811756714,0.0,0.0,0.0,0.0,0.0,0.0,0.0,0.0,0.0,1.2616184298881539,0.0,1.05e-08
3130.0,0.8064883140487612,0.0,0.499949679,0.0,0.0,0.0,0.8064883140487612,0.0,0.0,0.0,0.0,0.0,0.0,0.0,0.0,0.0,1.1197765047904649,0.0,1.05e-08
3131.0,0.8527050842189418,0.0,0.46121667,0.0,0.0,0.0,0.8527050842189418,0.0,0.0,0.0,0.0,0.0,0.0,0.0,0.0,0.0,0.9243246501739494,0.0,1.05e-08
3132.0,0.8908061355852033,0.055480699,0.382030043,0.0,0.0,0.10889946313426548,0.7819066724509377,0.0,0.0,0.0,0.0,0.0,0.0,0.0,0.0,0.0,0.6900235286894388,0.0,1.05e-08
3133.0,0.929305478164533,0.325624378,0.36155157,0.0,0.0,0.6391469571720632,0.29015852099246986,0.0,0.0,0.0,0.0,0.0,0.0,0.0,0.0,-1.1102230246251565e-16,1.1028698151395107,0.0,1.05e-08
3134.0,0.9680682068686339,0.555042617,0.404887264,0.0,0.0,0.9680682068686339,0.0,0.0,0.0,0.0,0.0,0.0,0.0,0.0,0.0,0.12138892141912838,1.5599971857153048,0.0,1e-08
3135.0,1.0005353647855257,0.68639477,0.405710197,0.0,0.0,1.0005353647855257,0.0,0.0,0.0,0.0,0.0,0.0,0.0,0.0,0.0,0.34674437931372637,1.5631678785925007,0.0,1e-08
3136.0,1.03194255415151,0.742992716,0.38858337,0.0,0.0,1.03194255415151,0.0,0.0,0.0,0.0,0.0,0.0,0.0,0.0,0.0,0.4264296247042356,1.4971796287861723,0.0,1e-08
3137.0,1.0625553024419654,0.758469144,0.385336147,0.0,0.0,1.0625553024419654,0.0,0.0,0.0,0.0,0.0,0.0,0.0,0.0,0.0,0.4261945524491182,1.4846683467780772,0.0,1e-08
3138.0,1.0884378072395826,0.75973814,0.396642719,0.0,0.0,1.0884378072395826,0.0,0.0,0.0,0.0,0.0,0.0,0.0,0.0,0.0,0.40280287753667476,1.5282316348050562,0.0,1e-08
3139.0,1.1066863971200571,0.752194743,0.414361173,0.0,0.0,1.1066863971200571,0.0,0.0,0.0,0.0,0.0,0.0,0.0,0.0,0.0,0.36974784328338095,1.5964993745757645,0.0,1e-08
3140.0,1.1229264001303267,0.746193482,0.430154275,0.0,0.0,1.1229264001303267,0.0,0.0,0.0,0.0,0.0,0.0,0.0,0.0,0.0,0.3417283545635208,1.6573488921187878,0.0,1e-08
3141.0,1.125551695975605,0.729770101,0.44475839,0.0,0.0,1.125551695975605,0.0,0.0,0.0,0.0,0.0,0.0,0.0,0.0,0.0,0.30686667010047297,1.7136173409575803,0.0,1e-08
3142.0,1.1105279801106192,0.68434403,0.457819386,0.0,0.0,1.1105279801106192,0.0,0.0,0.0,0.0,0.0,0.0,0.0,0.0,0.0,0.23272649954436253,1.7639402797463857,0.0,1e-08
3143.0,1.0837182704997839,0.602054669,0.479555398,0.0,0.0,1.0837182704997839,0.0,0.0,0.0,0.0,0.0,0.0,0.0,0.0,0.0,0.09801576337707663,1.8476873386528228,0.0,1e-08
3144.0,1.0606687725564108,0.449737189,0.51731102,0.0,0.0,0.8827599384357734,0.17790883412063732,0.0,0.0,0.0,0.0,0.0,0.0,0.0,0.0,1.1102230246251565e-16,1.8152477975967622,0.0,1.05e-08
3145.0,1.037103209116535,0.185934373,0.555263514,0.0,0.0,0.3649585128317555,0.6721446962847796,0.0,0.0,0.0,0.0,0.0,0.0,0.0,0.0,-5.551115123125783e-17,1.4672397600521592,0.0,1.05e-08
3146.0,0.9933083064838828,0.014141992,0.554444762,0.0,0.0,0.02775839822149821,0.9655499082623846,0.0,0.0,0.0,0.0,0.0,0.0,0.0,0.0,-3.469446951953614e-18,1.17067996424502,0.0,1.05e-08
3147.0,0.9360357431251445,0.0,0.545040397,0.0,0.0,0.0,0.9360357431251445,0.0,0.0,0.0,0.0,0.0,0.0,0.0,0.0,0.0,1.1639598878096735,0.0,1.05e-08
3148.0,0.8772192659781145,0.0,0.526393261,0.0,0.0,0.0,0.8772192659781145,0.0,0.0,0.0,0.0,0.0,0.0,0.0,0.0,0.0,1.1509304901463504,0.0,1.05e-08
3149.0,0.8259082227117537,0.0,0.505257813,0.0,0.0,0.0,0.8259082227117537,0.0,0.0,0.0,0.0,0.0,0.0,0.0,0.0,0.0,1.1208083979934842,0.0,1.05e-08
3150.0,0.7868564116755872,0.0,0.482839238,0.0,0.0,0.0,0.7868564116755872,0.0,0.0,0.0,0.0,0.0,0.0,0.0,0.0,0.0,1.073483291261876,0.0,1.05e-08
3151.0,0.7594171449860309,0.0,0.463609028,0.0,0.0,0.0,0.7594171449860309,0.0,0.0,0.0,0.0,0.0,0.0,0.0,0.0,0.0,1.0268301471792465,0.0,1.05e-08
3152.0,0.7441386083987057,0.0,0.451592163,0.0,0.0,0.0,0.7441386083987057,0.0,0.0,0.0,0.0,0.0,0.0,0.0,0.0,0.0,0.9958086954786697,0.0,1.05e-08
3153.0,0.7408602006180197,0.0,0.427817321,0.0,0.0,0.0,0.7408602006180198,0.0,0.0,0.0,0.0,0.0,0.0,0.0,0.0,0.0,0.9074846007641768,0.0,1.05e-08
3154.0,0.749112965860844,0.0,0.401172091,0.0,0.0,0.0,0.749112965860844,0.0,0.0,0.0,0.0,0.0,0.0,0.0,0.0,0.0,0.7965699651476357,0.0,1.05e-08
3155.0,0.7673230114303763,0.0,0.368081258,0.0,0.0,0.0,0.7673230114303763,0.0,0.0,0.0,0.0,0.0,0.0,0.0,0.0,0.0,0.6508636732329106,0.0,1.05e-08
3156.0,0.8075204450417662,0.057933744,0.293413683,0.0,0.0,0.11371438595173385,0.6938060590900323,0.0,0.0,0.0,0.0,0.0,0.0,0.0,0.0,-1.3877787807814457e-17,0.4366926264165645,0.0,1.05e-08
3157.0,0.8538849684038914,0.407708852,0.274329966,0.0,0.0,0.8002652435559202,0.053619724847971194,0.0,0.0,0.0,0.0,0.0,0.0,0.0,0.0,0.0,1.0033509753155567,0.0,1.05e-08
3158.0,0.9001124453271114,0.617984289,0.304720651,0.0,0.0,0.9001124453271114,0.0,0.0,0.0,0.0,0.0,0.0,0.0,0.0,0.0,0.3128888057478032,1.1740634992888677,0.0,1e-08
3159.0,0.9406482123345487,0.747183212,0.295393746,0.0,0.0,0.9406482123345488,0.0,0.0,0.0,0.0,0.0,0.0,0.0,0.0,0.0,0.525949219138621,1.1381277046983171,0.0,1e-08
3160.0,0.972457975614817,0.802858112,0.269240344,0.0,0.0,0.972457975614817,0.0,0.0,0.0,0.0,0.0,0.0,0.0,0.0,0.0,0.6034201035310492,1.0373608069850786,0.0,1e-08
3161.0,0.9972633810566635,0.815388349,0.25242854,0.0,0.0,0.9972633810566635,0.0,0.0,0.0,0.0,0.0,0.0,0.0,0.0,0.0,0.6032094870309409,0.9725863147777924,0.0,1e-08
3162.0,1.0173321189538478,0.813460953,0.24716344,0.0,0.0,1.0173321189538478,0.0,0.0,0.0,0.0,0.0,0.0,0.0,0.0,0.0,0.5793575886215372,0.9523003193593009,0.0,1e-08
3163.0,1.0335571325098623,0.805839418,0.251397538,0.0,0.0,1.0335571325098623,0.0,0.0,0.0,0.0,0.0,0.0,0.0,0.0,0.0,0.5481727586839915,0.9686139492294732,0.0,1e-08
3164.0,1.045908442816196,0.800757682,0.259874654,0.0,0.0,1.045908442816196,0.0,0.0,0.0,0.0,0.0,0.0,0.0,0.0,0.0,0.5258468386094917,1.0012755769930528,0.0,1e-08
3165.0,1.054227589927865,0.78614726,0.27533665,0.0,0.0,1.054227589927865,0.0,0.0,0.0,0.0,0.0,0.0,0.0,0.0,0.0,0.4888498424324197,1.0608493704664415,0.0,1e-08
3166.0,1.049835679831074,0.739519579,0.296356627,0.0,0.0,1.049835679831074,0.0,0.0,0.0,0.0,0.0,0.0,0.0,0.0,0.0,0.40171930382870324,1.141837605660227,0.0,1e-08
3167.0,1.0328697589647282,0.635677947,0.32214555,0.0,0.0,1.0995306128394462,0.0,0.0,0.06666085387471801,0.0,0.0,0.0,0.0,0.0,0.0,0.14820037113016937,1.2412001958913406,0.0,1e-08
3168.0,1.0146704201482353,0.478227311,0.363400162,0.0,0.0,0.9386813497797387,0.07598907036849646,0.0,0.0,0.0,0.059994768487246206,0.0,0.0,0.0,0.0,1.1102230246251565e-16,1.3241617380513155,0.0,1.05e-08
3169.0,0.9954068300796192,0.217064936,0.424804876,0.0,0.0,0.4260626744387935,0.5693441556408256,0.0,0.0,0.0,0.05999395125650831,0.0,0.0,0.0,0.0,0.0,1.0673939439753157,0.0,1.05e-08
3170.0,0.9577768758470944,0.00897216,0.438668473,0.0,0.0,0.01761087053273664,0.9401660053143577,0.0,0.0,0.0,0.05999313403690248,0.0,0.0,0.0,0.0,0.0,0.7499873884511477,0.0,1.05e-08
3171.0,0.9065493452544414,0.0,0.431830622,0.0,0.0,0.0,0.9065493452544414,0.0,0.0,0.0,0.05999231682842857,0.0,0.0,0.0,0.0,0.0,0.7572583733940995,0.0,1.05e-08
3172.0,0.8525530483257813,0.0,0.419450001,0.0,0.0,0.0,0.8525530483257813,0.0,0.0,0.0,0.05999149963108644,0.0,0.0,0.0,0.0,0.0,0.7635531602120149,0.0,1.05e-08
3173.0,0.8068116579905532,0.0,0.39847327,0.0,0.0,0.0,0.8068116579905532,0.0,0.0,0.0,0.05999068244487591,0.0,0.0,0.0,0.0,0.0,0.7284729386194669,0.0,1.05e-08
3174.0,0.7680617773900997,0.0,0.373993645,0.0,0.0,0.0,0.7680617773900997,0.0,0.0,0.0,0.059989865269796855,0.0,0.0,0.0,0.0,0.0,0.672904846038709,0.0,1.05e-08
3175.0,0.741055063523338,0.0,0.353596395,0.0,0.0,0.0,0.741055063523338,0.0,0.0,0.0,0.0599890481058491,0.0,0.0,0.0,0.0,0.0,0.6213226404072979,0.0,1.05e-08
3176.0,0.7247122756838895,0.0,0.337174933,0.0,0.0,0.0,0.7247122756838895,0.0,0.0,0.0,0.059988230953032524,0.0,0.0,0.0,0.0,0.0,0.5743948915243791,0.0,1.05e-08
3177.0,0.71879358260367,0.0,0.313132436,0.0,0.0,0.0,0.71879358260367,0.0,0.0,0.0,0.05998741381134695,0.0,0.0,0.0,0.0,0.0,0.48767982950192224,0.0,1.05e-08
3178.0,0.7198985195173434,0.0,0.285073169,0.0,0.0,0.0,0.7198985195173434,0.0,0.0,0.0,0.059986596680792245,0.0,0.0,0.0,0.0,0.0,0.37846485444875755,0.0,1.05e-08
3179.0,0.7340528470355241,0.0,0.245039911,0.0,0.0,0.0,0.7340528470355241,0.0,0.0,0.0,0.05998577956136824,0.0,0.0,0.0,0.0,0.0,0.2100656904839191,0.0,1.05e-08
3180.0,0.7721217781426671,0.053187347,0.157734926,0.0,0.0,0.10439799134174366,0.6077396414450117,0.0,0.0,0.05998414535591174,0.05998496245307479,0.0,0.0,0.0,0.0,-1.3877787807814457e-17,1.1102230246251565e-16,0.0,1.1113078877625157e-08
3181.0,0.8222336650686073,0.384274817,0.122558734,0.0,0.0,0.7542680972227497,0.06796556784585767,0.0,0.0,0.0,0.0,0.0,0.0,0.0,0.0,0.0,0.40424311127137585,0.0,1.05e-08
3182.0,0.8672726924044459,0.621023732,0.146796751,0.0,0.0,0.8672726924044459,0.0,0.0,0.0,0.0,0.0,0.0,0.0,0.0,0.0,0.351694484062418,0.5655957566305428,0.0,1e-08
3183.0,0.9084337337893883,0.756049497,0.150156148,0.0,0.0,0.9084337337893883,0.0,0.0,0.0,0.0,0.0,0.0,0.0,0.0,0.0,0.575566753050755,0.5785392357954009,0.0,1e-08
3184.0,0.9426910608144797,0.809311568,0.142602872,0.0,0.0,0.9426910608144797,0.0,0.0,0.0,0.0,0.0,0.0,0.0,0.0,0.0,0.6458540882571026,0.5494370872454012,0.0,1e-08
3185.0,0.9694814982698441,0.823611658,0.142161612,0.0,0.0,0.9694814982698441,0.0,0.0,0.0,0.0,0.0,0.0,0.0,0.0,0.0,0.6471323693262052,0.5477369489121571,0.0,1e-08
3186.0,0.9885694975886129,0.818264528,0.150476985,0.0,0.0,0.9885694975886129,0.0,0.0,0.0,0.0,0.0,0.0,0.0,0.0,0.0,0.6175488355818676,0.5797753942562247,0.0,1e-08
3187.0,1.0051114310345957,0.806644872,0.165904451,0.0,0.0,1.0051114310345957,0.0,0.0,0.0,0.0,0.0,0.0,0.0,0.0,0.0,0.5781994335384748,0.6392161464916878,0.0,1e-08
3188.0,1.0198267924120445,0.798485522,0.186188922,0.0,0.0,1.0198267924120445,0.0,0.0,0.0,0.0,0.0,0.0,0.0,0.0,0.0,0.5474686136224707,0.7173705378180687,0.0,1e-08
3189.0,1.030771235368992,0.776158722,0.207557441,0.0,0.0,1.030771235368992,0.0,0.0,0.0,0.0,0.0,0.0,0.0,0.0,0.0,0.49270034404960206,0.799701676549328,0.0,1e-08
3190.0,1.034593546204083,0.729594406,0.227669856,0.0,0.0,1.034593546204083,0.0,0.0,0.0,0.0,0.0,0.0,0.0,0.0,0.0,0.39747995955984616,0.8771931503190198,0.0,1e-08
3191.0,1.0305720897624577,0.62510112,0.250231458,0.0,0.0,1.187659401427646,0.0,0.0,0.15708731166518827,0.0,0.0,0.0,0.0,0.0,0.0,0.039311015304631436,0.9641211393041927,0.0,1e-08
3192.0,1.0244178481153698,0.46215914,0.28713812,0.0,0.0,0.9071421798163327,0.11727566829903711,0.0,0.0,0.0,0.14137858049866944,0.0,0.0,0.0,0.0,1.1102230246251565e-16,0.989043791311289,0.0,1.05e-08
3193.0,1.0118288478915598,0.209992891,0.355300914,0.0,0.0,0.4121814163140289,0.599647431577531,0.0,0.0,0.0,0.14137665468205945,0.0,0.0,0.0,0.0,0.0,0.7692976432719351,0.0,1.05e-08
3194.0,0.9734108766353299,0.016577408,0.409831481,0.0,0.0,0.032538718219063484,0.9408721584162664,0.0,0.0,0.0,0.14137472889168237,0.0,0.0,0.0,0.0,0.0,0.6381746870225057,0.0,1.05e-08
3195.0,0.9180762355767359,0.0,0.424665433,0.0,0.0,0.0,0.9180762355767358,0.0,0.0,0.0,0.14137280312753783,0.0,0.0,0.0,0.0,0.0,0.7181246016779801,0.0,1.05e-08
3196.0,0.8578571737815351,0.0,0.423627074,0.0,0.0,0.0,0.8578571737815351,0.0,0.0,0.0,0.14137087738962548,0.0,0.0,0.0,0.0,0.0,0.7743429520115278,0.0,1.05e-08
3197.0,0.8087881246016395,0.0,0.40977769,0.0,0.0,0.0,0.8087881246016395,0.0,0.0,0.0,0.14136895167794494,0.0,0.0,0.0,0.0,0.0,0.7700514685571085,0.0,1.05e-08
3198.0,0.7724215672277723,0.0,0.387078994,0.0,0.0,0.0,0.7724215672277723,0.0,0.0,0.0,0.14136702599249587,0.0,0.0,0.0,0.0,0.0,0.7189618250873568,0.0,1.05e-08
3199.0,0.7522179242422906,0.0,0.369132007,0.0,0.0,0.0,0.7522179242422906,0.0,0.0,0.0,0.14136510033327793,0.0,0.0,0.0,0.0,0.0,0.6700172095292722,0.0,1.05e-08
3200.0,0.7475390731640418,0.0,0.346992905,0.0,0.0,0.0,0.7475390731640418,0.0,0.0,0.0,0.14136317470029072,0.0,0.0,0.0,0.0,0.0,0.5893959292251124,0.0,1.05e-08
3201.0,0.7671988130951184,0.0,0.318109572,0.0,0.0,0.0,0.7671988130951184,0.0,0.0,0.0,0.1413612490935339,0.0,0.0,0.0,0.0,0.0,0.45845109292193054,0.0,1.05e-08
3202.0,0.8136682626370304,0.0,0.293463185,0.0,0.0,0.0,0.8136682626370304,0.0,0.0,0.0,0.14135932351300715,0.0,0.0,0.0,0.0,0.0,0.3170211499868496,0.0,1.05e-08
3203.0,0.8646987889737572,0.0,0.259379052,0.0,0.0,0.0,0.8646987889737572,0.0,0.0,0.0,0.14135739795871005,0.0,0.0,0.0,0.0,0.0,0.1346672744485382,0.0,1.05e-08
3204.0,0.9093052634868012,0.066940804,0.165214535,0.0,0.0,0.13139375942931236,0.6365579571286853,0.0,0.0,0.14135354692880348,0.14135547243064228,0.0,0.0,0.0,0.0,0.0,0.0,0.0,1.1113078877625157e-08
3205.0,0.9494191844244833,0.41970069,0.13111782,0.0,0.0,0.8238032440449387,0.12561594037954468,0.0,0.0,0.0,0.0,0.0,0.0,0.0,0.0,-1.1102230246251565e-16,0.37957019014079163,0.0,1.05e-08
3206.0,0.9933832537551591,0.62752373,0.14289258,0.0,0.0,0.9933832537551592,0.0,0.0,0.0,0.0,0.0,0.0,0.0,0.0,0.0,0.23834234690844736,0.5505533082403872,0.0,1e-08
3207.0,1.0347412993960277,0.761127217,0.13496173,0.0,0.0,1.0347412993960277,0.0,0.0,0.0,0.0,0.0,0.0,0.0,0.0,0.0,0.45922591446653693,0.5199963982548703,0.0,1e-08
3208.0,1.0694418859969532,0.810727956,0.117777675,0.0,0.0,1.0694418859969532,0.0,0.0,0.0,0.0,0.0,0.0,0.0,0.0,0.0,0.5218833991502365,0.4537876536914033,0.0,1e-08
3209.0,1.0996584844249482,0.821730771,0.110448092,0.0,0.0,1.0996584844249482,0.0,0.0,0.0,0.0,0.0,0.0,0.0,0.0,0.0,0.5132635121563502,0.425547375794031,0.0,1e-08
3210.0,1.1244510417631473,0.812937543,0.115886811,0.0,0.0,1.1244510417631473,0.0,0.0,0.0,0.0,0.0,0.0,0.0,0.0,0.0,0.47121129829476827,0.4465023108791128,0.0,1e-08
3211.0,1.1457446322080473,0.805666986,0.127869181,0.0,0.0,1.1457446322080473,0.0,0.0,0.0,0.0,0.0,0.0,0.0,0.0,0.0,0.43564680340457484,0.4926693927811987,0.0,1e-08
3212.0,1.1637341186649663,0.800083745,0.141355386,0.0,0.0,1.1637341186649663,0.0,0.0,0.0,0.0,0.0,0.0,0.0,0.0,0.0,0.40669833556479307,0.5446306267260127,0.0,1e-08
3213.0,1.1745008295214585,0.783618996,0.152766879,0.0,0.0,1.1745008295214585,0.0,0.0,0.0,0.0,0.0,0.0,0.0,0.0,0.0,0.3636140375282899,0.5885981666998309,0.0,1e-08
3214.0,1.1682866300573496,0.74506238,0.164537591,0.0,0.0,1.1682866300573496,0.0,0.0,0.0,0.0,0.0,0.0,0.0,0.0,0.0,0.29414795793401827,0.6339497478102345,0.0,1e-08
3215.0,1.1509695276913092,0.654696335,0.18889009,0.0,0.0,1.2760503367489053,0.0,0.0,0.125080809057596,0.0,0.0,0.0,0.0,0.0,0.0,0.009010606651811637,0.7277779150136731,0.0,1e-08
3216.0,1.131359038824214,0.512092568,0.238038086,0.0,0.0,1.0051532647461299,0.12620577407808434,0.0,0.0,0.0,0.1125727281518364,0.0,0.0,0.0,0.0,-2.220446049250313e-16,0.7909353100461565,0.0,1.05e-08
3217.0,1.1063844666843439,0.211574379,0.329866619,0.0,0.0,0.41528561646394563,0.6910988502203982,0.0,0.0,0.0,0.11257119471990533,0.0,0.0,0.0,0.0,0.0,0.5798499867907424,0.0,1.05e-08
3218.0,1.0474609220069193,0.017460658,0.383042111,0.0,0.0,0.03427239231738983,1.0131885296895295,0.0,0.0,0.0,0.11256966130886223,0.0,0.0,0.0,0.0,0.0,0.46264108586105834,0.0,1.05e-08
3219.0,0.9767578076354685,0.0,0.389019211,0.0,0.0,0.0,0.9767578076354685,0.0,0.0,0.0,0.11256812791870678,0.0,0.0,0.0,0.0,0.0,0.5221010805245411,0.0,1.05e-08
3220.0,0.9074915395219149,0.0,0.3860761,0.0,0.0,0.0,0.907491539521915,0.0,0.0,0.0,0.11256659454943872,0.0,0.0,0.0,0.0,0.0,0.5800277850472582,0.0,1.05e-08
3221.0,0.8511997147415921,0.0,0.376079742,0.0,0.0,0.0,0.8511997147415921,0.0,0.0,0.0,0.11256506120105775,0.0,0.0,0.0,0.0,0.0,0.5978044681228455,0.0,1.05e-08
3222.0,0.8091906985159236,0.0,0.366570145,0.0,0.0,0.0,0.8091906985159236,0.0,0.0,0.0,0.11256352787356359,0.0,0.0,0.0,0.0,0.0,0.6031737925717762,0.0,1.05e-08
3223.0,0.7844688057477851,0.0,0.357134641,0.0,0.0,0.0,0.7844688057477851,0.0,0.0,0.0,0.11256199456695597,0.0,0.0,0.0,0.0,0.0,0.5915414677723165,0.0,1.05e-08
3224.0,0.7748391520640849,0.0,0.348103565,0.0,0.0,0.0,0.7748391520640849,0.0,0.0,0.0,0.11256046128123458,0.0,0.0,0.0,0.0,0.0,0.566375131567876,0.0,1.05e-08
3225.0,0.7900598721849968,0.0,0.337699639,0.0,0.0,0.0,0.7900598721849968,0.0,0.0,0.0,0.11255892801639913,0.0,0.0,0.0,0.0,0.0,0.511068943902126,0.0,1.05e-08
3226.0,0.8345400070121752,0.0,0.325589643,0.0,0.0,0.0,0.8345400070121753,0.0,0.0,0.0,0.11255739477244939,0.0,0.0,0.0,0.0,0.0,0.41992999473638726,0.0,1.05e-08
3227.0,0.8835276848689708,0.0,0.279038769,0.0,0.0,0.0,0.8835276848689708,0.0,0.0,0.0,0.11255586154938503,0.0,0.0,0.0,0.0,0.0,0.19158564432051683,0.0,1.05e-08
3228.0,0.9230270381821872,0.078124535,0.17055353,0.0,0.0,0.1533455791376048,0.6571286638786712,0.0,0.0,0.11255279516591131,0.11255432834720576,0.0,0.0,0.0,0.0,0.0,0.0,0.0,1.1113078877625157e-08
3229.0,0.9616420136943434,0.464017745,0.12902751,0.0,0.0,0.9107903149394799,0.0508516987548634,0.0,0.0,0.0,0.0,0.0,0.0,0.0,0.0,1.1102230246251565e-16,0.4462806399888254,0.0,1.05e-08
3230.0,1.0031499538777646,0.64840395,0.123109775,0.0,0.0,1.0031499538777646,0.0,0.0,0.0,0.0,0.0,0.0,0.0,0.0,0.0,0.26956007540894467,0.4743317945758955,0.0,1e-08
3231.0,1.0421910581608915,0.788173859,0.112683351,0.0,0.0,1.0421910581608915,0.0,0.0,0.0,0.0,0.0,0.0,0.0,0.0,0.0,0.5048642538416168,0.4341596440953249,0.0,1e-08
3232.0,1.0774077102583197,0.83596234,0.097142966,0.0,0.0,1.0774077102583197,0.0,0.0,0.0,0.0,0.0,0.0,0.0,0.0,0.0,0.5634485094238493,0.37428382427963336,0.0,1e-08
3233.0,1.1123438454261136,0.837863487,0.088950669,0.0,0.0,1.1123438454261134,0.0,0.0,0.0,0.0,0.0,0.0,0.0,0.0,0.0,0.5322440123098466,0.34271958059785645,0.0,1e-08
3234.0,1.1387595465250964,0.827756061,0.087981876,0.0,0.0,1.1387595465250964,0.0,0.0,0.0,0.0,0.0,0.0,0.0,0.0,0.0,0.48598910073030854,0.3389869011882599,0.0,1e-08
3235.0,1.160648432438991,0.818051969,0.092061967,0.0,0.0,1.160648432438991,0.0,0.0,0.0,0.0,0.0,0.0,0.0,0.0,0.0,0.44505268246637053,0.3547071548079498,0.0,1e-08
3236.0,1.1754772853986581,0.813262709,0.098439248,0.0,0.0,1.1754772853986581,0.0,0.0,0.0,0.0,0.0,0.0,0.0,0.0,0.0,0.4208233018960037,0.37927829175661826,0.0,1e-08
3237.0,1.172807021190614,0.801952924,0.104523878,0.0,0.0,1.172807021190614,0.0,0.0,0.0,0.0,0.0,0.0,0.0,0.0,0.0,0.401294323180595,0.4027218685743838,0.0,1e-08
3238.0,1.1559438851534474,0.767100426,0.11184022,0.0,0.0,1.24778717433385,0.0,0.0,0.09184328918040272,0.0,0.0,0.0,0.0,0.0,0.0,0.2579044637881991,0.4309111299924231,0.0,1e-08
3239.0,1.1311042181018747,0.679457329,0.123145243,0.0,0.0,1.3336626914297165,0.0,0.0,0.2025584733278418,0.0,0.08265896026236244,0.0,0.0,0.0,0.0,0.0,0.4744684498503448,0.0,1.0000136218855531e-08
3240.0,1.1109947945431402,0.530338155,0.162078425,0.0,0.0,1.0409663432523961,0.07002845129074402,0.0,0.0,0.0,0.26496046030186104,0.0,0.0,0.0,0.0,0.0,0.5544463330412449,0.0,1.05e-08
3241.0,1.0843328381242494,0.255102129,0.255329314,0.0,0.0,0.5007234118032315,0.5836094263210179,0.0,0.0,0.0,0.264956851089959,0.0,0.0,0.0,0.0,0.0,0.40015333108352047,0.0,1.05e-08
3242.0,1.0306941467471076,0.015179142,0.332120317,0.0,0.0,0.029794152641061365,1.0008999941060461,0.0,0.0,0.0,0.2649532419272205,0.0,0.0,0.0,0.0,0.0,0.2787321551503821,0.0,1.05e-08
3243.0,0.9633893557903851,0.0,0.366597348,0.0,0.0,0.0,0.9633893557903851,0.0,0.0,0.0,0.2649496328136449,0.0,0.0,0.0,0.0,0.0,0.44907994620942826,0.0,1.05e-08
3244.0,0.8929003764797238,0.0,0.377267217,0.0,0.0,0.0,0.8929003764797238,0.0,0.0,0.0,0.2649460237492316,0.0,0.0,0.0,0.0,0.0,0.5606790494778314,0.0,1.05e-08
3245.0,0.8394030142427029,0.0,0.377560997,0.0,0.0,0.0,0.8394030142427029,0.0,0.0,0.0,0.2649424147339799,0.0,0.0,0.0,0.0,0.0,0.6153083217895032,0.0,1.05e-08
3246.0,0.7994132916402787,0.0,0.370113751,0.0,0.0,0.0,0.7994132916402786,0.0,0.0,0.0,0.26493880576788914,0.0,0.0,0.0,0.0,0.0,0.6266044206741669,0.0,1.05e-08
3247.0,0.774168909323814,0.0,0.355476873,0.0,0.0,0.0,0.774168909323814,0.0,0.0,0.0,0.2649351968509586,0.0,0.0,0.0,0.0,0.0,0.595454121018965,0.0,1.05e-08
3248.0,0.7665564079127501,0.0,0.334821567,0.0,0.0,0.0,0.7665564079127501,0.0,0.0,0.0,0.26493158798318767,0.0,0.0,0.0,0.0,0.0,0.5234834344785094,0.0,1.05e-08
3249.0,0.7803852501385309,0.0,0.307598272,0.0,0.0,0.0,0.7803852501385309,0.0,0.0,0.0,0.26492797916457567,0.0,0.0,0.0,0.0,0.0,0.4047654851804512,0.0,1.05e-08
3250.0,0.8237475999483884,0.0,0.277656929,0.0,0.0,0.0,0.8237475999483884,0.0,0.0,0.0,0.2649243703951219,0.0,0.0,0.0,0.0,0.0,0.24604161385694912,0.0,1.05e-08
3251.0,0.8674290109988222,0.0,0.230017234,0.0,0.0,0.0,0.8674290109988222,0.0,0.0,0.0,0.2649207616748257,0.0,0.0,0.0,0.0,0.0,0.018808392867797452,0.0,1.05e-08
3252.0,0.904129619067521,0.065646839,0.132461224,0.0,0.0,0.12885391951463265,0.510362155171185,0.0,0.0,0.26491354438170334,0.2649171530036864,0.0,0.0,0.0,0.0,0.0,0.0,0.0,1.1113230258713772e-08
3253.0,0.9398259337011172,0.453865647,0.073171606,0.0,0.0,0.8908634206895274,0.048962513011589846,0.0,0.0,0.0,0.0,0.0,0.0,0.0,0.0,0.0,0.23296164115066378,0.0,1.05e-08
3254.0,0.9783424070853103,0.664544893,0.06879933,0.0,0.0,0.9783424070853103,0.0,0.0,0.0,0.0,0.0,0.0,0.0,0.0,0.0,0.32604963160039346,0.26507813587117063,0.0,1e-08
3255.0,1.0138931098775699,0.790649921,0.075676551,0.0,0.0,1.0138931098775699,0.0,0.0,0.0,0.0,0.0,0.0,0.0,0.0,0.0,0.5380223035178058,0.29157550034629076,0.0,1e-08
3256.0,1.0448270607592094,0.846317252,0.070102062,0.0,0.0,1.0448270607592094,0.0,0.0,0.0,0.0,0.0,0.0,0.0,0.0,0.0,0.6163541436100228,0.27009745466540486,0.0,1e-08
3257.0,1.0741764121910073,0.853910129,0.068804953,0.0,0.0,1.0741764121910073,0.0,0.0,0.0,0.0,0.0,0.0,0.0,0.0,0.0,0.601908357631582,0.26509980082572765,0.0,1e-08
3258.0,1.0977548237345303,0.846053768,0.071532149,0.0,0.0,1.0977548237345303,0.0,0.0,0.0,0.0,0.0,0.0,0.0,0.0,0.0,0.5629092049923319,0.27560746175549705,0.0,1e-08
3259.0,1.1165880023309598,0.838456261,0.076756704,0.0,0.0,1.1165880023309598,0.0,0.0,0.0,0.0,0.0,0.0,0.0,0.0,0.0,0.5291633730160519,0.2957372406378845,0.0,1e-08
3260.0,1.1300549563040065,0.836780603,0.083346285,0.0,0.0,1.1300549563040065,0.0,0.0,0.0,0.0,0.0,0.0,0.0,0.0,0.0,0.512407378712121,0.3211263519512081,0.0,1e-08
3261.0,1.1376567509620308,0.829645643,0.088810409,0.0,0.0,1.1376567509620308,0.0,0.0,0.0,0.0,0.0,0.0,0.0,0.0,0.0,0.49080083415928266,0.34217917040291285,0.0,1e-08
3262.0,1.1314189966412351,0.799068192,0.094122538,0.0,0.0,1.1314189966412351,0.0,0.0,0.0,0.0,0.0,0.0,0.0,0.0,0.0,0.4370200945185241,0.3626463646739499,0.0,1e-08
3263.0,1.1162453862336967,0.720725985,0.110921083,0.0,0.0,1.1162453862336967,0.0,0.0,0.0,0.0,0.0,0.0,0.0,0.0,0.0,0.2984208715474943,0.4273697710493895,0.0,1e-08
3264.0,1.099343705885588,0.552222384,0.159800896,0.0,0.0,1.0839214759771536,0.015422229908434327,0.0,0.0,0.0,0.0,0.0,0.0,0.0,0.0,0.0,0.6002774233036362,0.0,1.05e-08
3265.0,1.0745297350413099,0.256672059,0.305516239,0.0,0.0,0.5038049255051115,0.5707248095361985,0.0,0.0,0.0,0.0,0.0,0.0,0.0,0.0,0.0,0.6064040246034805,0.0,1.05e-08
3266.0,1.022169429977081,0.014213141,0.42619428,0.0,0.0,0.027898051975726135,0.9942713780013548,0.0,0.0,0.0,0.0,0.0,0.0,0.0,0.0,0.0,0.6478199804661728,0.0,1.05e-08
3267.0,0.9563400295891974,0.0,0.483890192,0.0,0.0,0.0,0.9563400295891974,0.0,0.0,0.0,0.0,0.0,0.0,0.0,0.0,0.0,0.9080489123046093,0.0,1.05e-08
3268.0,0.8913735934962952,0.0,0.504619569,0.0,0.0,0.0,0.8913735934962952,0.0,0.0,0.0,0.0,0.0,0.0,0.0,0.0,0.0,1.0528839257939882,0.0,1.05e-08
3269.0,0.8364372436507694,0.0,0.50270306,0.0,0.0,0.0,0.8364372436507694,0.0,0.0,0.0,0.0,0.0,0.0,0.0,0.0,0.0,1.1004361247604233,0.0,1.05e-08
3270.0,0.7961434492620243,0.0,0.48424689,0.0,0.0,0.0,0.7961434492620243,0.0,0.0,0.0,0.0,0.0,0.0,0.0,0.0,0.0,1.0696198205635947,0.0,1.05e-08
3271.0,0.773340206638559,0.0,0.459001723,0.0,0.0,0.0,0.773340206638559,0.0,0.0,0.0,0.0,0.0,0.0,0.0,0.0,0.0,0.9951555199113277,0.0,1.05e-08
3272.0,0.7649525363074374,0.0,0.434326476,0.0,0.0,0.0,0.7649525363074374,0.0,0.0,0.0,0.0,0.0,0.0,0.0,0.0,0.0,0.90847150165303,0.0,1.05e-08
3273.0,0.7814987524546358,0.0,0.396629064,0.0,0.0,0.0,0.7814987524546358,0.0,0.0,0.0,0.0,0.0,0.0,0.0,0.0,0.0,0.7466802707632824,0.0,1.05e-08
3274.0,0.8254735285383512,0.0,0.36098912,0.0,0.0,0.0,0.8254735285383512,0.0,0.0,0.0,0.0,0.0,0.0,0.0,0.0,0.0,0.5653877342003166,0.0,1.05e-08
3275.0,0.8698680093412138,0.0,0.319910196,0.0,0.0,0.0,0.8698680093412138,0.0,0.0,0.0,0.0,0.0,0.0,0.0,0.0,0.0,0.3627195522216796,0.0,1.05e-08
3276.0,0.908562214825862,0.080839269,0.216152238,0.0,0.0,0.15867415430844645,0.7498880605174155,0.0,0.0,0.0,0.0,0.0,0.0,0.0,0.0,0.0,0.08292865896839352,0.0,1.05e-08
3277.0,0.9461771796041315,0.462855563,0.166659209,0.0,0.0,0.9085091433222243,0.037668036281907104,0.0,0.0,0.0,0.0,0.0,0.0,0.0,0.0,1.1102230246251565e-16,0.6044561304430279,0.0,1.05e-08
3278.0,0.9823510154232882,0.658848429,0.202612316,0.0,0.0,0.9823510154232882,0.0,0.0,0.0,0.0,0.0,0.0,0.0,0.0,0.0,0.310859803801506,0.7806485183768586,0.0,1e-08
3279.0,1.0160558739915428,0.78178986,0.23165048,0.0,0.0,1.0160558739915428,0.0,0.0,0.0,0.0,0.0,0.0,0.0,0.0,0.0,0.5184687007224953,0.8925301658033863,0.0,1e-08
3280.0,1.0456129364323066,0.834551072,0.246173664,0.0,0.0,1.0456129364323066,0.0,0.0,0.0,0.0,0.0,0.0,0.0,0.0,0.0,0.5924731968899453,0.9484867941838372,0.0,1e-08
3281.0,1.072966549097547,0.844633029,0.261565898,0.0,0.0,1.072966549097547,0.0,0.0,0.0,0.0,0.0,0.0,0.0,0.0,0.0,0.5849088032582062,1.0077918004333584,0.0,1e-08
3282.0,1.0954207515719256,0.837527422,0.281493545,0.0,0.0,1.0954207515719256,0.0,0.0,0.0,0.0,0.0,0.0,0.0,0.0,0.0,0.548507465987579,1.0845713783603341,0.0,1e-08
3283.0,1.1146093943692656,0.827739843,0.305184783,0.0,0.0,1.1146093943692656,0.0,0.0,0.0,0.0,0.0,0.0,0.0,0.0,0.0,0.5101074196265565,1.175851761548953,0.0,1e-08
3284.0,1.1289136164299989,0.821748989,0.331949189,0.0,0.0,1.1289136164299989,0.0,0.0,0.0,0.0,0.0,0.0,0.0,0.0,0.0,0.4840441390810739,1.278972807207089,0.0,1e-08
3285.0,1.1323226465977665,0.804923766,0.356126257,0.0,0.0,1.1323226465977665,0.0,0.0,0.0,0.0,0.0,0.0,0.0,0.0,0.0,0.4476099707149881,1.3721250532576033,0.0,1e-08
3286.0,1.1220848493414242,0.763517164,0.383901402,0.0,0.0,1.1220848493414242,0.0,0.0,0.0,0.0,0.0,0.0,0.0,0.0,0.0,0.37657343636973684,1.479140392798722,0.0,1e-08
3287.0,1.1059433484591177,0.666670081,0.430530714,0.0,0.0,1.1059433484591177,0.0,0.0,0.0,0.0,0.0,0.0,0.0,0.0,0.0,0.2026200838180654,1.6587992804930527,0.0,1e-08
3288.0,1.0912108562768057,0.512390598,0.518132125,0.0,0.0,1.0057382484897177,0.08547260778708789,0.0,0.0,0.0,0.0,0.0,0.0,0.0,0.0,0.0,1.9108476736744957,0.0,1.05e-08
3289.0,1.0703498186547005,0.234967027,0.628642199,0.0,0.0,0.4612015269410081,0.6091482917136923,0.0,0.0,0.0,0.0,0.0,0.0,0.0,0.0,0.0,1.812958177068394,0.0,1.05e-08
3290.0,1.020507741905355,0.01235831,0.655004054,0.0,0.0,0.02425732459223025,0.9962504173131248,0.0,0.0,0.0,0.0,0.0,0.0,0.0,0.0,0.0,1.5274261013736061,0.0,1.05e-08
3291.0,0.9558282467939107,0.0,0.638892103,0.0,0.0,0.0,0.9558282467939107,0.0,0.0,0.0,0.0,0.0,0.0,0.0,0.0,0.0,1.5057702554887706,0.0,1.05e-08
3292.0,0.896354375010257,0.0,0.602352213,0.0,0.0,0.0,0.896354375010257,0.0,0.0,0.0,0.0,0.0,0.0,0.0,0.0,0.0,1.4244589491880206,0.0,1.05e-08
3293.0,0.8404030249765896,0.0,0.569757622,0.0,0.0,0.0,0.8404030249765896,0.0,0.0,0.0,0.0,0.0,0.0,0.0,0.0,0.0,1.3548260323143912,0.0,1.05e-08
3294.0,0.8023255284670149,0.0,0.541672642,0.0,0.0,0.0,0.8023255284670149,0.0,0.0,0.0,0.0,0.0,0.0,0.0,0.0,0.0,1.284694420619291,0.0,1.05e-08
3295.0,0.7773787938850474,0.0,0.517867434,0.0,0.0,0.0,0.7773787938850474,0.0,0.0,0.0,0.0,0.0,0.0,0.0,0.0,0.0,1.2179216550162208,0.0,1.05e-08
3296.0,0.7694707860900941,0.0,0.494793215,0.0,0.0,0.0,0.7694707860900941,0.0,0.0,0.0,0.0,0.0,0.0,0.0,0.0,0.0,1.1369266028656315,0.0,1.05e-08
3297.0,0.7818349445000753,0.0,0.463096761,0.0,0.0,0.0,0.7818349445000753,0.0,0.0,0.0,0.0,0.0,0.0,0.0,0.0,0.0,1.002438625225924,0.0,1.05e-08
3298.0,0.8205933905029603,0.0,0.42190179,0.0,0.0,0.0,0.8205933905029603,0.0,0.0,0.0,0.0,0.0,0.0,0.0,0.0,0.0,0.8049593585413994,0.0,1.05e-08
3299.0,0.865512502204757,0.0,0.352533418,0.0,0.0,0.0,0.865512502204757,0.0,0.0,0.0,0.0,0.0,0.0,0.0,0.0,0.0,0.49276963914359895,0.0,1.05e-08
3300.0,0.9032816442267948,0.086320338,0.252559452,0.0,0.0,0.16943258890390572,0.733849055322889,0.0,0.0,0.0,0.0,0.0,0.0,0.0,0.0,2.7755575615628914e-17,0.23924165257796404,0.0,1.05e-08
3301.0,0.9398816088169225,0.469124147,0.252060828,0.0,0.0,0.9208133399981178,0.019068268818804687,0.0,0.0,0.0,0.0,0.0,0.0,0.0,0.0,0.0,0.9521012819948991,0.0,1.05e-08
3302.0,0.9756485880205793,0.676015049,0.284203638,0.0,0.0,0.9756485880205793,0.0,0.0,0.0,0.0,0.0,0.0,0.0,0.0,0.0,0.35125747541571883,1.09501314284376,0.0,1e-08
3303.0,1.007250640291882,0.79095121,0.292991649,0.0,0.0,1.007250640291882,0.0,0.0,0.0,0.0,0.0,0.0,0.0,0.0,0.0,0.5452561537266589,1.1288726233633428,0.0,1e-08
3304.0,1.0352123965297644,0.837454429,0.29137775,0.0,0.0,1.0352123965297644,0.0,0.0,0.0,0.0,0.0,0.0,0.0,0.0,0.0,0.6085725478075958,1.1226544038195718,0.0,1e-08
3305.0,1.0605124539620343,0.845345222,0.294651788,0.0,0.0,1.0605124539620343,0.0,0.0,0.0,0.0,0.0,0.0,0.0,0.0,0.0,0.5987608158090703,1.1352690018078282,0.0,1e-08
3306.0,1.0789152210862771,0.834945702,0.304482295,0.0,0.0,1.0789152210862771,0.0,0.0,0.0,0.0,0.0,0.0,0.0,0.0,0.0,0.5599455058498128,1.17314513330836,0.0,1e-08
3307.0,1.0916327023465608,0.818394068,0.320070388,0.0,0.0,1.0916327023465608,0.0,0.0,0.0,0.0,0.0,0.0,0.0,0.0,0.0,0.5147398964822238,1.2332047681075133,0.0,1e-08
3308.0,1.1010053939573137,0.804041045,0.340902383,0.0,0.0,1.1010053939573137,0.0,0.0,0.0,0.0,0.0,0.0,0.0,0.0,0.0,0.47719458759688016,1.31346872418205,0.0,1e-08
3309.0,1.100574982485127,0.785093445,0.361075429,0.0,0.0,1.100574982485127,0.0,0.0,0.0,0.0,0.0,0.0,0.0,0.0,0.0,0.44043398480872376,1.3911938041868026,0.0,1e-08
3310.0,1.0845748107429416,0.743166123,0.377452921,0.0,0.0,1.0845748107429416,0.0,0.0,0.0,0.0,0.0,0.0,0.0,0.0,0.0,0.3741377374582535,1.4542949281309605,0.0,1e-08
3311.0,1.0630799333408996,0.655310757,0.396562671,0.0,0.0,1.0630799333408996,0.0,0.0,0.0,0.0,0.0,0.0,0.0,0.0,0.0,0.2231870191250218,1.5279232164727814,0.0,1e-08
3312.0,1.0458827466089011,0.503069693,0.44032408,0.0,0.0,0.9874428490315118,0.05843989757738928,0.0,0.0,0.0,0.0,0.0,0.0,0.0,0.0,1.1102230246251565e-16,1.638092413210931,0.0,1.05e-08
3313.0,1.0254200001998643,0.218164116,0.495172457,0.0,0.0,0.4282201835193463,0.597199816680518,0.0,0.0,0.0,0.0,0.0,0.0,0.0,0.0,0.0,1.310658760376953,0.0,1.05e-08
3314.0,0.9808456459459386,0.028124904,0.515236592,0.0,0.0,0.05520454863596357,0.925641097309975,0.0,0.0,0.0,0.0,0.0,0.0,0.0,0.0,0.0,1.059522934664972,0.0,1.05e-08
3315.0,0.9353483695800104,0.0,0.504359379,0.0,0.0,0.0,0.9353483695800106,0.0,0.0,0.0,0.0,0.0,0.0,0.0,0.0,0.0,1.0079066591311885,0.0,1.05e-08
3316.0,0.8779301943799354,0.0,0.486315476,0.0,0.0,0.0,0.8779301943799354,0.0,0.0,0.0,0.0,0.0,0.0,0.0,0.0,0.0,0.9958031664446689,0.0,1.05e-08
3317.0,0.829402906903837,0.0,0.462201565,0.0,0.0,0.0,0.829402906903837,0.0,0.0,0.0,0.0,0.0,0.0,0.0,0.0,0.0,0.9514215465746735,0.0,1.05e-08
3318.0,0.7910320453609808,0.0,0.434731253,0.0,0.0,0.0,0.7910320453609808,0.0,0.0,0.0,0.0,0.0,0.0,0.0,0.0,0.0,0.8839515649471174,0.0,1.05e-08
3319.0,0.7661923783094081,0.0,0.407673278,0.0,0.0,0.0,0.7661923783094081,0.0,0.0,0.0,0.0,0.0,0.0,0.0,0.0,0.0,0.8045390892314749,0.0,1.05e-08
3320.0,0.751155814340775,0.0,0.391000733,0.0,0.0,0.0,0.751155814340775,0.0,0.0,0.0,0.0,0.0,0.0,0.0,0.0,0.0,0.7553377144174453,0.0,1.05e-08
3321.0,0.7500744322837885,0.0,0.371933218,0.0,0.0,0.0,0.7500744322837885,0.0,0.0,0.0,0.0,0.0,0.0,0.0,0.0,0.0,0.6829535360991263,0.0,1.05e-08
3322.0,0.7605220818997043,0.0,0.355004598,0.0,0.0,0.0,0.7605220818997043,0.0,0.0,0.0,0.0,0.0,0.0,0.0,0.0,0.0,0.6072813118765767,0.0,1.05e-08
3323.0,0.777952675847963,0.0,0.333383122,0.0,0.0,0.0,0.777952675847963,0.0,0.0,0.0,0.0,0.0,0.0,0.0,0.0,0.0,0.50654495676955,0.0,1.05e-08
3324.0,0.8142913956639276,0.065002537,0.283444039,0.0,0.0,0.12758926093676698,0.6867021347271607,0.0,0.0,0.0,0.0,0.0,0.0,0.0,0.0,0.0,0.4053843359102043,0.0,1.05e-08
3325.0,0.8606687671297002,0.418995459,0.301949544,0.0,0.0,0.8224189918875235,0.03824977524217663,0.0,0.0,0.0,0.0,0.0,0.0,0.0,0.0,1.1102230246251565e-16,1.1251368776608388,0.0,1.05e-08
3326.0,0.9036199776228421,0.615974959,0.324256764,0.0,0.0,0.9036199776228421,0.0,0.0,0.0,0.0,0.0,0.0,0.0,0.0,0.0,0.30543729000911723,1.2493345290533804,0.0,1e-08
3327.0,0.9416417990166116,0.722873123,0.32334574,0.0,0.0,0.9416417990166116,0.0,0.0,0.0,0.0,0.0,0.0,0.0,0.0,0.0,0.47723893658641037,1.2458244288292373,0.0,1e-08
3328.0,0.9728691149315327,0.78102454,0.311481483,0.0,0.0,0.9728691149315327,0.0,0.0,0.0,0.0,0.0,0.0,0.0,0.0,0.0,0.5601532628270216,1.2001124265603709,0.0,1e-08
3329.0,0.9945224522785588,0.792716866,0.300443271,0.0,0.0,0.9945224522785588,0.0,0.0,0.0,0.0,0.0,0.0,0.0,0.0,0.0,0.5614500333038138,1.1575831074476588,0.0,1e-08
3330.0,1.0108845122734784,0.787872316,0.293929141,0.0,0.0,1.0108845122734784,0.0,0.0,0.0,0.0,0.0,0.0,0.0,0.0,0.0,0.5355789205457504,1.1324847026053084,0.0,1e-08
3331.0,1.0226490925132492,0.779042446,0.293095862,0.0,0.0,1.0226490925132492,0.0,0.0,0.0,0.0,0.0,0.0,0.0,0.0,0.0,0.5064827615790182,1.1292741474446608,0.0,1e-08
3332.0,1.0314286300056155,0.768177004,0.297240911,0.0,0.0,1.0314286300056155,0.0,0.0,0.0,0.0,0.0,0.0,0.0,0.0,0.0,0.4763761531981523,1.1452446788730142,0.0,1e-08
3333.0,1.0359575865413115,0.747759651,0.300058703,0.0,0.0,1.0359575865413115,0.0,0.0,0.0,0.0,0.0,0.0,0.0,0.0,0.0,0.43177129963162053,1.156101398707825,0.0,1e-08
3334.0,1.0311866573869233,0.703500707,0.297708239,0.0,0.0,1.0311866573869233,0.0,0.0,0.0,0.0,0.0,0.0,0.0,0.0,0.0,0.34966922020171687,1.1470452550571195,0.0,1e-08
3335.0,1.0174220556793794,0.609065756,0.295606419,0.0,0.0,1.0174220556793794,0.0,0.0,0.0,0.0,0.0,0.0,0.0,0.0,0.0,0.17807358582047872,1.1389471162011635,0.0,1e-08
3336.0,1.0044433296449327,0.461161809,0.310872956,0.0,0.0,0.9051845835274475,0.09925874611748511,0.0,0.0,0.0,0.0,0.0,0.0,0.0,0.0,0.0,1.0985090761743952,0.0,1.05e-08
3337.0,0.9901904999987888,0.194425832,0.352475178,0.0,0.0,0.3816258465711272,0.6085646534276616,0.0,0.0,0.0,0.0,0.0,0.0,0.0,0.0,0.0,0.7494930940111442,0.0,1.05e-08
3338.0,0.956387139302571,0.019779625,0.378301366,0.0,0.0,0.03882414213088944,0.9175629971716817,0.0,0.0,0.0,0.0,0.0,0.0,0.0,0.0,0.0,0.54000091946526,0.0,1.05e-08
3339.0,0.9083009700516989,0.0,0.390944119,0.0,0.0,0.0,0.9083009700516989,0.0,0.0,0.0,0.0,0.0,0.0,0.0,0.0,0.0,0.5979744296406686,0.0,1.05e-08
3340.0,0.8583411190189193,0.0,0.391676121,0.0,0.0,0.0,0.8583411190189193,0.0,0.0,0.0,0.0,0.0,0.0,0.0,0.0,0.0,0.650754623918273,0.0,1.05e-08
3341.0,0.8128181464456964,0.0,0.387755424,0.0,0.0,0.0,0.8128181464456964,0.0,0.0,0.0,0.0,0.0,0.0,0.0,0.0,0.0,0.6811714747883385,0.0,1.05e-08
3342.0,0.7762759983219819,0.0,0.380997301,0.0,0.0,0.0,0.7762759983219819,0.0,0.0,0.0,0.0,0.0,0.0,0.0,0.0,0.0,0.6916751331937944,0.0,1.05e-08
3343.0,0.7512243375602277,0.0,0.369565012,0.0,0.0,0.0,0.7512243375602277,0.0,0.0,0.0,0.0,0.0,0.0,0.0,0.0,0.0,0.6726791287114178,0.0,1.05e-08
3344.0,0.7358494401955473,0.0,0.352538147,0.0,0.0,0.0,0.7358494401955473,0.0,0.0,0.0,0.0,0.0,0.0,0.0,0.0,0.0,0.6224509215992076,0.0,1.05e-08
3345.0,0.7303333210296118,0.0,0.319079904,0.0,0.0,0.0,0.7303333210296118,0.0,0.0,0.0,0.0,0.0,0.0,0.0,0.0,0.0,0.4990551940369169,0.0,1.05e-08
3346.0,0.7301427408255092,0.0,0.284898855,0.0,0.0,0.0,0.7301427408255092,0.0,0.0,0.0,0.0,0.0,0.0,0.0,0.0,0.0,0.3675490156964065,0.0,1.05e-08
3347.0,0.7446289776879135,0.0,0.251077716,0.0,0.0,0.0,0.7446289776879135,0.0,0.0,0.0,0.0,0.0,0.0,0.0,0.0,0.0,0.22275272379190025,0.0,1.05e-08
3348.0,0.7803916741903546,0.068925092,0.18841459,0.0,0.0,0.13528858955579948,0.6451030846345551,0.0,0.0,0.0,0.0,0.0,0.0,0.0,0.0,0.0,0.08084276815399527,0.0,1.05e-08
3349.0,0.8262037290956431,0.386065219,0.165458807,0.0,0.0,0.7577823611038611,0.06842136799178199,0.0,0.0,0.0,0.0,0.0,0.0,0.0,0.0,0.0,0.569077748976767,0.0,1.05e-08
3350.0,0.8677073865778485,0.593092767,0.17392381,0.0,0.0,0.8677073865778485,0.0,0.0,0.0,0.0,0.0,0.0,0.0,0.0,0.0,0.29643591152868753,0.6701140743436261,0.0,1e-08
3351.0,0.9072110225922807,0.715415759,0.157586426,0.0,0.0,0.9072110225922808,0.0,0.0,0.0,0.0,0.0,0.0,0.0,0.0,0.0,0.4970321372297152,0.6071674832106675,0.0,1e-08
3352.0,0.9442820843161451,0.769214991,0.141378521,0.0,0.0,0.9442820843161451,0.0,0.0,0.0,0.0,0.0,0.0,0.0,0.0,0.0,0.5655600962001611,0.544719763970131,0.0,1e-08
3353.0,0.972417289953267,0.778527896,0.13115368,0.0,0.0,0.972417289953267,0.0,0.0,0.0,0.0,0.0,0.0,0.0,0.0,0.0,0.5557045873404791,0.5053242961384076,0.0,1e-08
3354.0,0.9930577684627592,0.76854983,0.125198282,0.0,0.0,0.9930577684627592,0.0,0.0,0.0,0.0,0.0,0.0,0.0,0.0,0.0,0.5154788106984188,0.4823786395424655,0.0,1e-08
3355.0,1.0075311572215162,0.751866852,0.121760513,0.0,0.0,1.0075311572215162,0.0,0.0,0.0,0.0,0.0,0.0,0.0,0.0,0.0,0.4682594872195396,0.46913319953490007,0.0,1e-08
3356.0,1.0196190814030788,0.733237839,0.120693878,0.0,0.0,1.0196190814030788,0.0,0.0,0.0,0.0,0.0,0.0,0.0,0.0,0.0,0.41960588252228526,0.46502354298076,0.0,1e-08
3357.0,1.0278782706977267,0.703425687,0.121418045,0.0,0.0,1.365800377250275,0.0,0.0,0.3379221065525482,0.0,0.0,0.0,0.0,0.0,0.0,0.014908248449481576,0.4678136986177323,0.0,1e-08
3358.0,1.0269103802229587,0.651029405,0.124775246,0.0,0.0,1.2778633645030368,0.0,0.0,0.25095298428007823,0.0,0.30412989589729333,0.0,0.0,0.0,0.0,2.220446049250313e-16,0.48074871677597353,0.0,1.0000136218855531e-08
3359.0,1.015854587034401,0.550683593,0.135833099,0.0,0.0,1.0809010829973205,0.0,0.0,0.06504649596291956,0.0,0.5299834389831608,0.0,0.0,0.0,0.0,0.0,0.5233537110393978,0.0,1.000027243956662e-08
3360.0,1.0080108197576845,0.400018323,0.166580092,0.0,0.0,0.7851700033297921,0.22284081642789233,0.0,0.0,0.0,0.5885180660743777,0.0,0.0,0.0,0.0,0.0,0.41897851903087024,0.0,1.05e-08
3361.0,0.9951027582932982,0.177550066,0.227712782,0.0,0.0,0.34850150079856423,0.646601257494734,0.0,0.0,0.0,0.588510049457837,0.0,0.0,0.0,0.0,0.0,0.23075728315672672,0.0,1.05e-08
3362.0,0.9576719496673075,0.009294396,0.310376538,0.0,0.0,0.018243366662652617,0.9394285830046549,0.0,0.0,0.0,0.5885020329504963,0.0,0.0,0.0,0.0,0.0,0.2564265817358671,0.0,1.05e-08
3363.0,0.9032345345134212,0.0,0.350334396,0.0,0.0,0.0,0.9032345345134212,0.0,0.0,0.0,0.5884940165523541,0.0,0.0,0.0,0.0,0.0,0.4465749567015731,0.0,1.05e-08
3364.0,0.8433623715166993,0.0,0.357528146,0.0,0.0,0.0,0.8433623715166993,0.0,0.0,0.0,0.5884860002634089,0.0,0.0,0.0,0.0,0.0,0.5341640442660667,0.0,1.05e-08
3365.0,0.7970770781270662,0.0,0.341306151,0.0,0.0,0.0,0.7970770781270662,0.0,0.0,0.0,0.5884779840836591,0.0,0.0,0.0,0.0,0.0,0.517947330808955,0.0,1.05e-08
3366.0,0.7615948985542592,0.0,0.313081793,0.0,0.0,0.0,0.7615948985542591,0.0,0.0,0.0,0.5884699680131034,0.0,0.0,0.0,0.0,0.0,0.44468339025529335,0.0,1.05e-08
3367.0,0.7421685658394431,0.0,0.28243891,0.0,0.0,0.0,0.7421685658394431,0.0,0.0,0.0,0.5884619520517401,0.0,0.0,0.0,0.0,0.0,0.34604522578157015,0.0,1.05e-08
3368.0,0.7375775101361179,0.0,0.256967972,0.0,0.0,0.0,0.7375775101361179,0.0,0.0,0.0,0.5884539361995679,0.0,0.0,0.0,0.0,0.0,0.2524988611941721,0.0,1.05e-08
3369.0,0.7584321237063996,0.0,0.22323827,0.0,0.0,0.0,0.7584321237063996,0.0,0.0,0.0,0.5884459204565852,0.0,0.0,0.0,0.0,0.0,0.10168649179036571,0.0,1.05e-08
3370.0,0.8063427022074244,0.0,0.194364741,0.0,0.0,0.0,0.7488712931268792,0.0,0.0,0.05747140908054529,0.5884379048227906,0.0,0.0,0.0,0.0,0.0,0.0,0.0,1.1113078877625157e-08
3371.0,0.8563882072645197,0.0,0.169500547,0.0,0.0,0.0,0.6530716073529166,0.0,0.0,0.20331659991160303,0.5309584802176371,0.0,0.0,0.0,0.0,0.0,1.1102230246251565e-16,0.0,1.1113230258713772e-08
3372.0,0.896821189442778,0.071801494,0.111151231,0.0,0.0,0.14093449235090177,0.4282565122838532,0.0,0.0,0.327630184808023,0.32763464774890416,0.0,0.0,0.0,0.0,-2.7755575615628914e-17,5.551115123125783e-17,0.0,1.1113381641864482e-08
3373.0,0.9343162385870055,0.316606466,0.082904174,0.0,0.0,0.6214462830080254,0.3128699555789801,0.0,0.0,0.0,0.0,0.0,0.0,0.0,0.0,0.0,0.006552979206273901,0.0,1.05e-08
3374.0,0.9735736192815299,0.48105486,0.093049093,0.0,0.0,0.9442313621919081,0.029342257089621827,0.0,0.0,0.0,0.0,0.0,0.0,0.0,0.0,0.0,0.32916821266267354,0.0,1.05e-08
3375.0,1.0081414421447659,0.597899888,0.108536048,0.0,0.0,1.0081414421447659,0.0,0.0,0.0,0.0,0.0,0.0,0.0,0.0,0.0,0.1654374417701152,0.4181804281911451,0.0,1e-08
3376.0,1.0379426185548295,0.650402379,0.119622189,0.0,0.0,1.1745624499732323,0.0,0.0,0.13661983141840284,0.0,0.0,0.0,0.0,0.0,0.0,0.10207016589105322,0.4608944137820652,0.0,1e-08
3377.0,1.0656538367715884,0.666243916,0.127411417,0.0,0.0,1.3077269406586,0.0,0.0,0.24207310388701173,0.0,0.12295784827656255,0.0,0.0,0.0,0.0,2.220446049250313e-16,0.4909056658991356,0.0,1.0000136218855531e-08
3378.0,1.0895298960496087,0.657237687,0.132296453,0.0,0.0,1.2900491982969862,0.0,0.0,0.20051930224737732,0.0,0.34082196687995125,0.0,0.0,0.0,0.0,0.0,0.5097273061177767,0.0,1.000027243956662e-08
3379.0,1.106238854843007,0.640227613,0.134678769,0.0,0.0,1.2566612280683824,0.0,0.0,0.15042237322537524,0.0,0.5212846963280046,0.0,0.0,0.0,0.0,0.0,0.5189061728936023,0.0,1.0000408662133296e-08
3380.0,1.119074110386725,0.61971375,0.13532104,0.0,0.0,1.2163958978224554,0.0,0.0,0.09732178743573022,0.0,0.6566577314470944,0.0,0.0,0.0,0.0,0.0,0.5213807900069393,0.0,1.0000544886555574e-08
3381.0,1.1261127298348732,0.5835974,0.13535743,0.0,0.0,1.1455054585118545,0.0,0.0,0.0193927286769812,0.0,0.7442383953446311,0.0,0.0,0.0,0.0,0.0,0.521520997671234,0.0,1.0000681112833488e-08
3382.0,1.119014152569704,0.525163561,0.136463145,0.0,0.0,1.0308094685429083,0.08820468402679553,0.0,0.0,0.0,0.7616817133617644,0.0,0.0,0.0,0.0,0.0,0.4375765422106876,0.0,1.05e-08
3383.0,1.1025514490962134,0.432671791,0.142692262,0.0,0.0,0.849263376318332,0.25328807277788135,0.0,0.0,0.0,0.7616713379619695,0.0,0.0,0.0,0.0,1.1102230246251565e-16,0.29649342675417334,0.0,1.05e-08
3384.0,1.0859367097295622,0.306557858,0.169536643,0.0,0.0,0.6017225225621327,0.4842141871674296,0.0,0.0,0.0,0.7616609627035053,0.0,0.0,0.0,0.0,0.0,0.16899649509206538,0.0,1.05e-08
3385.0,1.062668794024184,0.136656278,0.259889117,0.0,0.0,0.26823373851376553,0.7944350555104185,0.0,0.0,0.0,0.7616505875863696,0.0,0.0,0.0,0.0,0.0,0.20689624622703384,0.0,1.05e-08
3386.0,1.012312793128944,0.014482672,0.360101339,0.0,0.0,0.0284270968819203,0.9838856962470237,0.0,0.0,0.0,0.7616402126105607,0.0,0.0,0.0,0.0,3.469446951953614e-18,0.4035550196266988,0.0,1.05e-08
3387.0,0.9486204606477388,0.0,0.39584562,0.0,0.0,0.0,0.9486204606477388,0.0,0.0,0.0,0.7616298377760765,0.0,0.0,0.0,0.0,0.0,0.5765400175483101,0.0,1.05e-08
3388.0,0.8843906491639522,0.0,0.386119155,0.0,0.0,0.0,0.8843906491639522,0.0,0.0,0.0,0.7616194630829153,0.0,0.0,0.0,0.0,0.0,0.6032945627640067,0.0,1.05e-08
3389.0,0.8315828018226733,0.0,0.35636709,0.0,0.0,0.0,0.8315828018226733,0.0,0.0,0.0,0.7616090885310751,0.0,0.0,0.0,0.0,0.0,0.5414701610918448,0.0,1.05e-08
3390.0,0.7918950096559622,0.0,0.323911951,0.0,0.0,0.0,0.7918950096559622,0.0,0.0,0.0,0.7615987141205538,0.0,0.0,0.0,0.0,0.0,0.4561109833889404,0.0,1.05e-08
3391.0,0.7693680012609152,0.0,0.291153403,0.0,0.0,0.0,0.7693680012609152,0.0,0.0,0.0,0.7615883398513498,0.0,0.0,0.0,0.0,0.0,0.35242201209804747,0.0,1.05e-08
3392.0,0.7621345189074487,0.0,0.259668488,0.0,0.0,0.0,0.7621345189074487,0.0,0.0,0.0,0.7615779657234608,0.0,0.0,0.0,0.0,0.0,0.238346717516299,0.0,1.05e-08
3393.0,0.7795715369075311,0.0,0.227703108,0.0,0.0,0.0,0.7795715369075311,0.0,0.0,0.0,0.7615675917368852,0.0,0.0,0.0,0.0,0.0,0.09774973062097292,0.0,1.05e-08
3394.0,0.823291492268907,0.0,0.202558237,0.0,0.0,0.0,0.7804401564566222,0.0,0.0,0.04285133581228479,0.7615572178916209,0.0,0.0,0.0,0.0,0.0,-1.1102230246251565e-16,0.0,1.111383580368947e-08
3395.0,0.8720115012997158,0.0,0.170873836,0.0,0.0,0.0,0.6583627764403538,0.0,0.0,0.21364872485936207,0.7186955083753811,0.0,0.0,0.0,0.0,0.0,0.0,0.0,1.1113987195088845e-08
3396.0,0.9130676165048713,0.053793894,0.098416353,0.0,0.0,0.10558854308056906,0.3791900792126768,0.0,0.0,0.4282889942116255,0.5050369936614125,0.0,0.0,0.0,0.0,0.0,0.0,0.0,1.1114138588550456e-08
3397.0,0.9526504824917956,0.281167394,0.084098657,0.0,0.0,0.5518852287254076,0.32402517912353174,0.0,0.0,0.07674007464285633,0.07674111998737046,0.0,0.0,0.0,0.0,1.1102230246251565e-16,0.0,0.0,1.1114289984074332e-08
3398.0,0.9897279682674838,0.473361737,0.110233847,0.0,0.0,0.9291310303715418,0.06059693789594202,0.0,0.0,0.0,0.0,0.0,0.0,0.0,0.0,0.0,0.364124969609085,0.0,1.05e-08
3399.0,1.0276834077924084,0.589447557,0.12163489,0.0,0.0,1.0276834077924084,0.0,0.0,0.0,0.0,0.0,0.0,0.0,0.0,0.0,0.1293049441947276,0.468649184491984,0.0,1e-08
3400.0,1.0601248695020056,0.65286984,0.131680363,0.0,0.0,1.0601248695020056,0.0,0.0,0.0,0.0,0.0,0.0,0.0,0.0,0.0,0.22135096541048904,0.5073535622349675,0.0,1e-08
3401.0,1.0895641576593351,0.682580719,0.145395241,0.0,0.0,1.0895641576593351,0.0,0.0,0.0,0.0,0.0,0.0,0.0,0.0,0.0,0.25022923328011415,0.5601958543610759,0.0,1e-08
3402.0,1.1138642043577185,0.691071296,0.161111923,0.0,0.0,1.1138642043577185,0.0,0.0,0.0,0.0,0.0,0.0,0.0,0.0,0.0,0.242594789100548,0.6207509319561626,0.0,1e-08
3403.0,1.1305431842426064,0.683563492,0.17646111,0.0,0.0,1.1305431842426064,0.0,0.0,0.0,0.0,0.0,0.0,0.0,0.0,0.0,0.2111792280324043,0.679890081670237,0.0,1e-08
3404.0,1.1428431021343506,0.66827202,0.188616571,0.0,0.0,1.2403631498143528,0.0,0.0,0.09752004768000229,0.0,0.0,0.0,0.0,0.0,0.0,0.07134462455329005,0.7267240688985241,0.0,1e-08
3405.0,1.145166467543916,0.637473967,0.200924442,0.0,0.0,1.251256275058295,0.0,0.0,0.10608980751437891,0.0,0.08776804291200206,0.0,0.0,0.0,0.0,0.0,0.7741452792682013,0.0,1.0000136218855531e-08
3406.0,1.1355239657565683,0.584479611,0.213353163,0.0,0.0,1.1472370932245162,0.0,0.0,0.011713127467947754,0.0,0.18324767412499296,0.0,0.0,0.0,0.0,0.0,0.8220321147060301,0.0,1.000027243956662e-08
3407.0,1.117720776802536,0.493733632,0.234093845,0.0,0.0,0.9691177008445945,0.1486030759579414,0.0,0.0,0.0,0.1937869927013033,0.0,0.0,0.0,0.0,0.0,0.7533411733758058,0.0,1.05e-08
3408.0,1.1004443600980454,0.36561194,0.290847047,0.0,0.0,0.7176359472593754,0.38280841283867006,0.0,0.0,0.0,0.19378435299302485,0.0,0.0,0.0,0.0,0.0,0.737801236156382,0.0,1.05e-08
3409.0,1.0785811703914456,0.194796103,0.397479138,0.0,0.0,0.3823526274848678,0.6962285429065779,0.0,0.0,0.0,0.19378171332070368,0.0,0.0,0.0,0.0,0.0,0.8352257452197712,0.0,1.05e-08
3410.0,1.0300645896683869,0.021719143,0.473848902,0.0,0.0,0.042631096130139594,0.9874334935382472,0.0,0.0,0.0,0.19377907368433936,0.0,0.0,0.0,0.0,6.938893903907228e-18,0.838267187366073,0.0,1.05e-08
3411.0,0.9646934383105926,0.0,0.490724535,0.0,0.0,0.0,0.9646934383105926,0.0,0.0,0.0,0.19377643408393136,0.0,0.0,0.0,0.0,0.0,0.9260276626659288,0.0,1.05e-08
3412.0,0.8999154410711852,0.0,0.47892523,0.0,0.0,0.0,0.8999154410711852,0.0,0.0,0.0,0.1937737945194792,0.0,0.0,0.0,0.0,0.0,0.945343912327629,0.0,1.05e-08
3413.0,0.8431996288704994,0.0,0.457843678,0.0,0.0,0.0,0.8431996288704994,0.0,0.0,0.0,0.1937711549909824,0.0,0.0,0.0,0.0,0.0,0.9208342459454396,0.0,1.05e-08
3414.0,0.8033062670454304,0.0,0.430575921,0.0,0.0,0.0,0.8033062670454304,0.0,0.0,0.0,0.19376851549844049,0.0,0.0,0.0,0.0,0.0,0.8556671922846594,0.0,1.05e-08
3415.0,0.7778605977718236,0.0,0.397944023,0.0,0.0,0.0,0.7778605977718236,0.0,0.0,0.0,0.19376587604185294,0.0,0.0,0.0,0.0,0.0,0.7553848538614152,0.0,1.05e-08
3416.0,0.7695007649986046,0.0,0.3674571,0.0,0.0,0.0,0.7695007649986046,0.0,0.0,0.0,0.19376323662121928,0.0,0.0,0.0,0.0,0.0,0.6462810904442656,0.0,1.05e-08
3417.0,0.7844859365526483,0.0,0.331609094,0.0,0.0,0.0,0.7844859365526483,0.0,0.0,0.0,0.193760597236539,0.0,0.0,0.0,0.0,0.0,0.4931765127102702,0.0,1.05e-08
3418.0,0.8232122622964149,0.0,0.299942136,0.0,0.0,0.0,0.8232122622964149,0.0,0.0,0.0,0.19375795788781164,0.0,0.0,0.0,0.0,0.0,0.3324400133884957,0.0,1.05e-08
3419.0,0.8726603305339078,0.0,0.247676355,0.0,0.0,0.0,0.8726603305339078,0.0,0.0,0.0,0.1937553185750367,0.0,0.0,0.0,0.0,0.0,0.08161620795514846,0.0,1.05e-08
3420.0,0.9173310455651887,0.079062336,0.147523193,0.0,0.0,0.15518632785323971,0.5683946776546069,0.0,0.0,0.19375004005734206,0.19375267929821366,0.0,0.0,0.0,0.0,0.0,0.0,0.0,1.1113533027077315e-08
3421.0,0.9629289654096878,0.392471784,0.129758499,0.0,0.0,0.770357391729102,0.1925715736805857,0.0,0.0,0.0,0.0,0.0,0.0,0.0,0.0,0.0,0.30737720530259854,0.0,1.05e-08
3422.0,1.0094476660155813,0.597785993,0.159102255,0.0,0.0,1.0094476660155813,0.0,0.0,0.0,0.0,0.0,0.0,0.0,0.0,0.0,0.16390766079606855,0.613007847144727,0.0,1e-08
3423.0,1.052383887054468,0.704137095,0.164466281,0.0,0.0,1.052383887054468,0.0,0.0,0.0,0.0,0.0,0.0,0.0,0.0,0.0,0.32972111523509007,0.6336749962702272,0.0,1e-08
3424.0,1.0900224066894244,0.751289131,0.175061294,0.0,0.0,1.0900224066894244,0.0,0.0,0.0,0.0,0.0,0.0,0.0,0.0,0.0,0.3846342666972762,0.6744967062428507,0.0,1e-08
3425.0,1.1223824970759215,0.764980982,0.197267053,0.0,0.0,1.1223824970759215,0.0,0.0,0.0,0.0,0.0,0.0,0.0,0.0,0.0,0.37914902197943845,0.7600536615405908,0.0,1e-08
3426.0,1.1528838951347666,0.761922015,0.22744657,0.0,0.0,1.1528838951347666,0.0,0.0,0.0,0.0,0.0,0.0,0.0,0.0,0.0,0.34264337613623463,0.8763328478037753,0.0,1e-08
3427.0,1.1763980661600528,0.751209347,0.259244327,0.0,0.0,1.1763980661600528,0.0,0.0,0.0,0.0,0.0,0.0,0.0,0.0,0.0,0.2981020043913678,0.9988469791251773,0.0,1e-08
3428.0,1.1956145465152954,0.741907775,0.284398783,0.0,0.0,1.1956145465152954,0.0,0.0,0.0,0.0,0.0,0.0,0.0,0.0,0.0,0.26062807206882566,1.0957650204103668,0.0,1e-08
3429.0,1.2040835881695169,0.718313062,0.30087433,0.0,0.0,1.2040835881695169,0.0,0.0,0.0,0.0,0.0,0.0,0.0,0.0,0.0,0.20584649966391777,1.159243942170475,0.0,1e-08
3430.0,1.1953040506771506,0.675410127,0.315013836,0.0,0.0,1.2514713245572235,0.0,0.0,0.056167273880073074,0.0,0.0,0.0,0.0,0.0,0.0,0.07424737674727999,1.2137222909075809,0.0,1e-08
3431.0,1.1724579810415274,0.586833089,0.340134671,0.0,0.0,1.1518565824400053,0.02060139860152197,0.0,0.0,0.0,0.050550546492065765,0.0,0.0,0.0,0.0,0.0,1.2899093946552427,0.0,1.05e-08
3432.0,1.146436288454397,0.460612505,0.390813615,0.0,0.0,0.9041063903580084,0.24232989809638855,0.0,0.0,0.0,0.05054985790768662,0.0,0.0,0.0,0.0,0.0,1.2634426804632188,0.0,1.05e-08
3433.0,1.119174753865296,0.257546434,0.478486904,0.0,0.0,0.505521179441963,0.6136535744233332,0.0,0.0,0.0,0.050549169332687154,0.0,0.0,0.0,0.0,0.0,1.229916945101897,0.0,1.05e-08
3434.0,1.0649150708118649,0.031884027,0.543279993,0.0,0.0,0.06258308718962653,1.0023319836222382,0.0,0.0,0.0,0.050548480767067264,0.0,0.0,0.0,0.0,-1.3877787807814457e-17,1.0908809561046837,0.0,1.05e-08
3435.0,0.9933918191575907,0.0,0.551404958,0.0,0.0,0.0,0.9933918191575907,0.0,0.0,0.0,0.050547792210826795,0.0,0.0,0.0,0.0,0.0,1.1311259396165303,0.0,1.05e-08
3436.0,0.9208171643548404,0.0,0.536846837,0.0,0.0,0.0,0.9208171643548404,0.0,0.0,0.0,0.050547103663965635,0.0,0.0,0.0,0.0,0.0,1.147609356663521,0.0,1.05e-08
3437.0,0.8602854653708872,0.0,0.513665968,0.0,0.0,0.0,0.8602854653708872,0.0,0.0,0.0,0.05054641512648366,0.0,0.0,0.0,0.0,0.0,1.1188270820609025,0.0,1.05e-08
3438.0,0.8163064065859561,0.0,0.486696685,0.0,0.0,0.0,0.8163064065859561,0.0,0.0,0.0,0.05054572659838073,0.0,0.0,0.0,0.0,0.0,1.0588957210289252,0.0,1.05e-08
3439.0,0.7884281630217815,0.0,0.458658794,0.0,0.0,0.0,0.7884281630217815,0.0,0.0,0.0,0.050545038079656726,0.0,0.0,0.0,0.0,0.0,0.9787462864160146,0.0,1.05e-08
3440.0,0.7790447646579891,0.0,0.432711068,0.0,0.0,0.0,0.7790447646579891,0.0,0.0,0.0,0.050544349570311516,0.0,0.0,0.0,0.0,0.0,0.8881552397063462,0.0,1.05e-08
3441.0,0.7920299147442595,0.0,0.395038069,0.0,0.0,0.0,0.7920299147442595,0.0,0.0,0.0,0.050543661070344977,0.0,0.0,0.0,0.0,0.0,0.7300191361500858,0.0,1.05e-08
3442.0,0.8315956499263207,0.0,0.358375932,0.0,0.0,0.0,0.8315956499263206,0.0,0.0,0.0,0.050542972579756984,0.0,0.0,0.0,0.0,0.0,0.5491972152898581,0.0,1.05e-08
3443.0,0.8812707013282504,0.0,0.30009337,0.0,0.0,0.0,0.8812707013282504,0.0,0.0,0.0,0.05054228409854739,0.0,0.0,0.0,0.0,0.0,0.2749642664671843,0.0,1.05e-08
3444.0,0.9243139898975317,0.103469337,0.17407065,0.0,0.0,0.20309324599818737,0.6706798367350812,0.0,0.0,0.05054090716426294,0.05054159562671609,0.0,0.0,0.0,0.0,2.7755575615628914e-17,1.1102230246251565e-16,0.0,1.1113230258713772e-08
3445.0,0.9711496103933936,0.492409348,0.125519795,0.0,0.0,0.9665183497326466,0.004631260660747071,0.0,0.0,0.0,0.0,0.0,0.0,0.0,0.0,0.0,0.47898614191470645,0.0,1.05e-08
3446.0,1.0173256949020242,0.683095,0.156835476,0.0,0.0,1.0173256949020242,0.0,0.0,0.0,0.0,0.0,0.0,0.0,0.0,0.0,0.3234771448333056,0.6042741348868909,0.0,1e-08
3447.0,1.0638422541573098,0.785043581,0.174194515,0.0,0.0,1.0638422541573098,0.0,0.0,0.0,0.0,0.0,0.0,0.0,0.0,0.0,0.4770688383273263,0.6711570783492029,0.0,1e-08
3448.0,1.107534371960783,0.843064891,0.18355087,0.0,0.0,1.1075343719607833,0.0,0.0,0.0,0.0,0.0,0.0,0.0,0.0,0.0,0.5472629840935814,0.7072063413572716,0.0,1e-08
3449.0,1.1480894111236915,0.852734952,0.196755034,0.0,0.0,1.1480894111236915,0.0,0.0,0.0,0.0,0.0,0.0,0.0,0.0,0.0,0.525688680039573,0.7580808946248284,0.0,1e-08
3450.0,1.1809120332414937,0.846650392,0.212238057,0.0,0.0,1.1809120332414937,0.0,0.0,0.0,0.0,0.0,0.0,0.0,0.0,0.0,0.4809230700115388,0.8177357033924495,0.0,1e-08
3451.0,1.206184253115861,0.839457811,0.225014363,0.0,0.0,1.206184253115861,0.0,0.0,0.0,0.0,0.0,0.0,0.0,0.0,0.0,0.4415329997213049,0.8669617551257971,0.0,1e-08
3452.0,1.2241030750027198,0.839232786,0.233159468,0.0,0.0,1.2241030750027198,0.0,0.0,0.0,0.0,0.0,0.0,0.0,0.0,0.0,0.4231724908670236,0.898344171929492,0.0,1e-08
3453.0,1.230959679649197,0.833195677,0.232474993,0.0,0.0,1.230959679649197,0.0,0.0,0.0,0.0,0.0,0.0,0.0,0.0,0.0,0.40446603679844273,0.8957069462900792,0.0,1e-08
3454.0,1.2208268085726417,0.802642255,0.231548141,0.0,0.0,1.2208268085726417,0.0,0.0,0.0,0.0,0.0,0.0,0.0,0.0,0.0,0.3546275788779598,0.8921358620892816,0.0,1e-08
3455.0,1.1954924895306454,0.72505384,0.242962179,0.0,0.0,1.1954924895306454,0.0,0.0,0.0,0.0,0.0,0.0,0.0,0.0,0.0,0.22766863393388803,0.9361132077378904,0.0,1e-08
3456.0,1.165562832084108,0.582231537,0.298609233,0.0,0.0,1.14282449467946,0.022738337404648194,0.0,0.0,0.0,0.0,0.0,0.0,0.0,0.0,0.0,1.1277783731150623,0.0,1.05e-08
3457.0,1.1340914021998871,0.300081263,0.423502955,0.0,0.0,0.5890100345951359,0.5450813676047513,0.0,0.0,0.0,0.0,0.0,0.0,0.0,0.0,0.0,1.0866405379331696,0.0,1.05e-08
3458.0,1.0774269824137908,0.026997377,0.522831872,0.0,0.0,0.052991399068951284,1.0244355833448395,0.0,0.0,0.0,0.0,0.0,0.0,0.0,0.0,0.0,0.9899924351227023,0.0,1.05e-08
3459.0,1.0063448489847426,0.0,0.546192667,0.0,0.0,0.0,1.0063448489847426,0.0,0.0,0.0,0.0,0.0,0.0,0.0,0.0,0.0,1.098090383086021,0.0,1.05e-08
3460.0,0.9352862704123815,0.0,0.540697531,0.0,0.0,0.0,0.9352862704123815,0.0,0.0,0.0,0.0,0.0,0.0,0.0,0.0,0.0,1.1479766565321756,0.0,1.05e-08
3461.0,0.87423422323071,0.0,0.527585238,0.0,0.0,0.0,0.87423422323071,0.0,0.0,0.0,0.0,0.0,0.0,0.0,0.0,0.0,1.1585081218210207,0.0,1.05e-08
3462.0,0.8274028854360639,0.0,0.510492276,0.0,0.0,0.0,0.8274028854360639,0.0,0.0,0.0,0.0,0.0,0.0,0.0,0.0,0.0,1.1394816888571908,0.0,1.05e-08
3463.0,0.7980620994066975,0.0,0.491144977,0.0,0.0,0.0,0.7980620994066975,0.0,0.0,0.0,0.0,0.0,0.0,0.0,0.0,0.0,1.0942789298685724,0.0,1.05e-08
3464.0,0.7865844601483846,0.0,0.46951796,0.0,0.0,0.0,0.7865844601483846,0.0,0.0,0.0,0.0,0.0,0.0,0.0,0.0,0.0,1.0224294589527876,0.0,1.05e-08
3465.0,0.7973961393676424,0.0,0.441880723,0.0,0.0,0.0,0.7973961393676424,0.0,0.0,0.0,0.0,0.0,0.0,0.0,0.0,0.0,0.9051337883256229,0.0,1.05e-08
3466.0,0.8350924754690119,0.0,0.415076777,0.0,0.0,0.0,0.8350924754690119,0.0,0.0,0.0,0.0,0.0,0.0,0.0,0.0,0.0,0.7641640622120032,0.0,1.05e-08
3467.0,0.8820565770013475,6.36e-07,0.352779812,0.0,0.0,1.248363120900709e-06,0.8820553286382267,0.0,0.0,0.0,0.0,0.0,0.0,0.0,0.0,0.0,0.4771761484407222,0.0,1.05e-08
3468.0,0.9294939170180277,0.132238674,0.209341254,0.0,0.0,0.25956271034341416,0.6699312066746135,0.0,0.0,0.0,0.0,0.0,0.0,0.0,0.0,5.551115123125783e-17,0.1366433540260974,0.0,1.05e-08
3469.0,0.982113325505812,0.513444617,0.114544156,0.0,0.0,0.982113325505812,0.0,0.0,0.0,0.0,0.0,0.0,0.0,0.0,0.0,0.025693788468699297,0.4413291720633989,0.0,1e-08
3470.0,1.0361203291875116,0.660951761,0.123318071,0.0,0.0,1.0361203291875116,0.0,0.0,0.0,0.0,0.0,0.0,0.0,0.0,0.0,0.26121898390490883,0.47513434185926906,0.0,1e-08
3471.0,1.0882729232427748,0.77291982,0.139979827,0.0,0.0,1.0882729232427748,0.0,0.0,0.0,0.0,0.0,0.0,0.0,0.0,0.0,0.42884122565850546,0.5393307115160708,0.0,1e-08
3472.0,1.1318922351255798,0.830568297,0.134181005,0.0,0.0,1.1318922351255798,0.0,0.0,0.0,0.0,0.0,0.0,0.0,0.0,0.0,0.49837636764817317,0.5169883293154195,0.0,1e-08
3473.0,1.168419393795039,0.844363731,0.134583095,0.0,0.0,1.168419393795039,0.0,0.0,0.0,0.0,0.0,0.0,0.0,0.0,0.0,0.4889273709950972,0.5185375488739885,0.0,1e-08
3474.0,1.1955695781525295,0.843224066,0.139220428,0.0,0.0,1.1955695781525295,0.0,0.0,0.0,0.0,0.0,0.0,0.0,0.0,0.0,0.4595402121782022,0.5364048098931563,0.0,1e-08
3475.0,1.2112271337974518,0.837349722,0.145269087,0.0,0.0,1.2112271337974518,0.0,0.0,0.0,0.0,0.0,0.0,0.0,0.0,0.0,0.43235228796553726,0.5597097934190188,0.0,1e-08
3476.0,1.2203450046858655,0.837809688,0.151000573,0.0,0.0,1.2203450046858655,0.0,0.0,0.0,0.0,0.0,0.0,0.0,0.0,0.0,0.4241372544847779,0.5817927355734223,0.0,1e-08
3477.0,1.2205098886826733,0.832389231,0.154814425,0.0,0.0,1.2205098886826733,0.0,0.0,0.0,0.0,0.0,0.0,0.0,0.0,0.0,0.4133329072533347,0.596487192316657,0.0,1e-08
3478.0,1.2030471744752962,0.803631763,0.157790048,0.0,0.0,1.2030471744752962,0.0,0.0,0.0,0.0,0.0,0.0,0.0,0.0,0.0,0.3743494540052368,0.6079520219580995,0.0,1e-08
3479.0,1.172931219525872,0.725163083,0.170465946,0.0,0.0,1.172931219525872,0.0,0.0,0.0,0.0,0.0,0.0,0.0,0.0,0.0,0.250444329933027,0.6567912099608475,0.0,1e-08
3480.0,1.1422435239641402,0.581297089,0.217026412,0.0,0.0,1.1409903273499011,0.0012531966142390136,0.0,0.0,0.0,0.0,0.0,0.0,0.0,0.0,0.0,0.8349316430894129,0.0,1.05e-08
3481.0,1.114157569391,0.284958538,0.338461739,0.0,0.0,0.5593266192216717,0.5548309501693283,0.0,0.0,0.0,0.0,0.0,0.0,0.0,0.0,0.0,0.7492341742706143,0.0,1.05e-08
3482.0,1.0643304820959099,0.020315832,0.434220896,0.0,0.0,0.039876628049079384,1.0244538540468306,0.0,0.0,0.0,0.0,0.0,0.0,0.0,0.0,0.0,0.6485633928942289,0.0,1.05e-08
3483.0,1.0034947113256356,0.0,0.485207793,0.0,0.0,0.0,1.0034947113256356,0.0,0.0,0.0,0.0,0.0,0.0,0.0,0.0,0.0,0.8659708383912705,0.0,1.05e-08
3484.0,0.9358473042716499,0.0,0.513498551,0.0,0.0,0.0,0.9358473042716499,0.0,0.0,0.0,0.0,0.0,0.0,0.0,0.0,0.0,1.0426201992872834,0.0,1.05e-08
3485.0,0.8773734432218829,0.0,0.515252434,0.0,0.0,0.0,0.8773734432218829,0.0,0.0,0.0,0.0,0.0,0.0,0.0,0.0,0.0,1.1078516266705618,0.0,1.05e-08
3486.0,0.8312937194906076,0.0,0.497465702,0.0,0.0,0.0,0.8312937194906076,0.0,0.0,0.0,0.0,0.0,0.0,0.0,0.0,0.0,1.0854005411366874,0.0,1.05e-08
3487.0,0.7997580490881497,0.0,0.47338997,0.0,0.0,0.0,0.7997580490881497,0.0,0.0,0.0,0.0,0.0,0.0,0.0,0.0,0.0,1.0241744047265804,0.0,1.05e-08
3488.0,0.7798392057335178,0.0,0.446878933,0.0,0.0,0.0,0.7798392057335178,0.0,0.0,0.0,0.0,0.0,0.0,0.0,0.0,0.0,0.9419484122525549,0.0,1.05e-08
3489.0,0.7721538984017856,0.0,0.40897334,0.0,0.0,0.0,0.7721538984017856,0.0,0.0,0.0,0.0,0.0,0.0,0.0,0.0,0.0,0.8035866006438658,0.0,1.05e-08
3490.0,0.7743851857352113,0.0,0.371518835,0.0,0.0,0.0,0.7743851857352113,0.0,0.0,0.0,0.0,0.0,0.0,0.0,0.0,0.0,0.6570461991754994,0.0,1.05e-08
3491.0,0.7922397671038331,1.5e-06,0.308083041,0.0,0.0,2.9442526436337473e-06,0.7922368228511895,0.0,0.0,0.0,0.0,0.0,0.0,0.0,0.0,0.0,0.3947816873843234,0.0,1.05e-08
3492.0,0.8400197232177765,0.124288436,0.17965942,0.0,0.0,0.24395770417740256,0.5960620190403739,0.0,0.0,0.0,0.0,0.0,0.0,0.0,0.0,0.0,0.0961508868890254,0.0,1.05e-08
3493.0,0.9015407261825769,0.438641933,0.088707849,0.0,0.0,0.860981780562578,0.0405589456199989,0.0,0.0,0.0,0.0,0.0,0.0,0.0,0.0,0.0,0.30122506957406314,0.0,1.05e-08
3494.0,0.9627597987116642,0.619589416,0.085357343,0.0,0.0,0.9627597987116642,0.0,0.0,0.0,0.0,0.0,0.0,0.0,0.0,0.0,0.25339205197199555,0.32887479231783384,0.0,1e-08
3495.0,1.0193835328362104,0.727955942,0.106146237,0.0,0.0,1.0193835328362104,0.0,0.0,0.0,0.0,0.0,0.0,0.0,0.0,0.0,0.40947393828538625,0.40897268379938406,0.0,1e-08
3496.0,1.0671163792367802,0.7769187,0.115739525,0.0,0.0,1.0671163792367802,0.0,0.0,0.0,0.0,0.0,0.0,0.0,0.0,0.0,0.4578469116722159,0.4459348300864957,0.0,1e-08
3497.0,1.105817008773252,0.790375325,0.132338626,0.0,0.0,1.105817008773252,0.0,0.0,0.0,0.0,0.0,0.0,0.0,0.0,0.0,0.4455594179561695,0.509889795203413,0.0,1e-08
3498.0,1.135813048088634,0.786136758,0.154565213,0.0,0.0,1.135813048088634,0.0,0.0,0.0,0.0,0.0,0.0,0.0,0.0,0.0,0.4072437705774752,0.5955269990648228,0.0,1e-08
3499.0,1.1561815750709237,0.777767224,0.173800022,0.0,0.0,1.1561815750709237,0.0,0.0,0.0,0.0,0.0,0.0,0.0,0.0,0.0,0.37044722852486367,0.6696371294041445,0.0,1e-08
3500.0,1.1704001431073412,0.76959684,0.193361864,0.0,0.0,1.1704001431073414,0.0,0.0,0.0,0.0,0.0,0.0,0.0,0.0,0.0,0.3401915440274439,0.745007290880519,0.0,1e-08
3501.0,1.174612179753069,0.74514708,0.208684431,0.0,0.0,1.174612179753069,0.0,0.0,0.0,0.0,0.0,0.0,0.0,0.0,0.0,0.2879886603709092,0.8040438759333257,0.0,1e-08
3502.0,1.1670489294059867,0.689036482,0.220763349,0.0,0.0,1.167048929405987,0.0,0.0,0.0,0.0,0.0,0.0,0.0,0.0,0.0,0.1854160597197445,0.8505829493048356,0.0,1e-08
3503.0,1.144491942102429,0.589178983,0.238497032,0.0,0.0,1.144491942102429,0.0,0.0,0.0,0.0,0.0,0.0,0.0,0.0,0.0,0.01196924341169936,0.9189093651546741,0.0,1e-08
3504.0,1.1188642580271513,0.432811995,0.295167916,0.0,0.0,0.8495385736500976,0.26932568437705384,0.0,0.0,0.0,0.0,0.0,0.0,0.0,0.0,0.0,0.8679319159841455,0.0,1.05e-08
3505.0,1.0899067737565982,0.209517996,0.427155529,0.0,0.0,0.41124927574123,0.6786574980153681,0.0,0.0,0.0,0.0,0.0,0.0,0.0,0.0,0.0,0.9671374734528679,0.0,1.05e-08
3506.0,1.0467906792666484,0.025178975,0.501161762,0.0,0.0,0.04942217580515868,0.9973685034614896,0.0,0.0,0.0,0.0,0.0,0.0,0.0,0.0,6.938893903907228e-18,0.9335663710623068,0.0,1.05e-08
3507.0,0.9900705843647468,0.0,0.535605175,0.0,0.0,0.0,0.9900705843647468,0.0,0.0,0.0,0.0,0.0,0.0,0.0,0.0,0.0,1.0735719155251815,0.0,1.05e-08
3508.0,0.9296480942617962,0.0,0.543940088,0.0,0.0,0.0,0.9296480942617962,0.0,0.0,0.0,0.0,0.0,0.0,0.0,0.0,0.0,1.1661081369782538,0.0,1.05e-08
3509.0,0.8747031790138389,0.0,0.535271216,0.0,0.0,0.0,0.8747031790138389,0.0,0.0,0.0,0.0,0.0,0.0,0.0,0.0,0.0,1.1876526044331037,0.0,1.05e-08
3510.0,0.8307755126434972,0.0,0.52233248,0.0,0.0,0.0,0.8307755126434971,0.0,0.0,0.0,0.0,0.0,0.0,0.0,0.0,0.0,1.1817283896963295,0.0,1.05e-08
3511.0,0.7980663821079133,0.0,0.502020869,0.0,0.0,0.0,0.7980663821079133,0.0,0.0,0.0,0.0,0.0,0.0,0.0,0.0,0.0,1.1361785607272152,0.0,1.05e-08
3512.0,0.777164658824258,0.0,0.469990813,0.0,0.0,0.0,0.777164658824258,0.0,0.0,0.0,0.0,0.0,0.0,0.0,0.0,0.0,1.0336711238296712,0.0,1.05e-08
3513.0,0.7672523468603157,0.0,0.424133243,0.0,0.0,0.0,0.7672523468603158,0.0,0.0,0.0,0.0,0.0,0.0,0.0,0.0,0.0,0.866898006281702,0.0,1.05e-08
3514.0,0.7635649411135219,0.0,0.384230351,0.0,0.0,0.0,0.7635649411135218,0.0,0.0,0.0,0.0,0.0,0.0,0.0,0.0,0.0,0.716842865011997,0.0,1.05e-08
3515.0,0.7762845637244135,0.0,0.336443798,0.0,0.0,0.0,0.7762845637244135,0.0,0.0,0.0,0.0,0.0,0.0,0.0,0.0,0.0,0.520005600718419,0.0,1.05e-08
3516.0,0.8164477357260771,0.106127048,0.208298222,0.0,0.0,0.20830989442336373,0.6081378413027134,0.0,0.0,0.0,0.0,0.0,0.0,0.0,0.0,0.0,0.19441800325332026,0.0,1.05e-08
3517.0,0.8762706476588173,0.450789716,0.145102576,0.0,0.0,0.8762706476588173,0.0,0.0,0.0,0.0,0.0,0.0,0.0,0.0,0.0,0.00855522771178685,0.5590682402893293,0.0,1e-08
3518.0,0.9367873571885154,0.645740552,0.171999561,0.0,0.0,0.9367873571885154,0.0,0.0,0.0,0.0,0.0,0.0,0.0,0.0,0.0,0.33069486102982826,0.6627001018838367,0.0,1e-08
3519.0,0.9925245721613936,0.767091061,0.188685546,0.0,0.0,0.9925245721613936,0.0,0.0,0.0,0.0,0.0,0.0,0.0,0.0,0.0,0.5131486840099839,0.7269898238763955,0.0,1e-08
3520.0,1.0431054148704624,0.810955126,0.193130498,0.0,0.0,1.0431054148704624,0.0,0.0,0.0,0.0,0.0,0.0,0.0,0.0,0.0,0.5486657675254301,0.7441158567926585,0.0,1e-08
3521.0,1.0817418038886975,0.826931649,0.206035677,0.0,0.0,1.0817418038886975,0.0,0.0,0.0,0.0,0.0,0.0,0.0,0.0,0.0,0.5413886585597454,0.7938384455504817,0.0,1e-08
3522.0,1.1088641506882855,0.824610301,0.227334768,0.0,0.0,1.1088641506882855,0.0,0.0,0.0,0.0,0.0,0.0,0.0,0.0,0.0,0.5097098884362947,0.8759020839322861,0.0,1e-08
3523.0,1.1280506521350175,0.816746006,0.247440672,0.0,0.0,1.1280506521350175,0.0,0.0,0.0,0.0,0.0,0.0,0.0,0.0,0.0,0.47508707276018547,0.953368471356767,0.0,1e-08
3524.0,1.140468344310196,0.810758649,0.264253132,0.0,0.0,1.140468344310196,0.0,0.0,0.0,0.0,0.0,0.0,0.0,0.0,0.0,0.45091718613458776,1.0181454910778693,0.0,1e-08
3525.0,1.1448067206417896,0.793260566,0.280269175,0.0,0.0,1.1448067206417896,0.0,0.0,0.0,0.0,0.0,0.0,0.0,0.0,0.0,0.4122329583821456,1.0798539818796329,0.0,1e-08
3526.0,1.1376588923126387,0.752926961,0.296187613,0.0,0.0,1.1376588923126387,0.0,0.0,0.0,0.0,0.0,0.0,0.0,0.0,0.0,0.34021257127894367,1.141186408678278,0.0,1e-08
3527.0,1.1215944800522164,0.667991935,0.318881711,0.0,0.0,1.1614014680477722,0.0,0.0,0.03980698799555599,0.0,0.0,0.0,0.0,0.0,0.0,0.14975654565207597,1.2286248938076776,0.0,1e-08
3528.0,1.1017805628773714,0.525729216,0.367330043,0.0,0.0,1.0319197560289983,0.06986080684837305,0.0,0.0,0.0,0.03582628919600039,0.0,0.0,0.0,0.0,0.0,1.3454315084680253,0.0,1.05e-08
3529.0,1.0775940077612065,0.255306825,0.452246192,0.0,0.0,0.5011251962959924,0.5764688114652141,0.0,0.0,0.0,0.03582580118103685,0.0,0.0,0.0,0.0,0.0,1.1659984121283224,0.0,1.05e-08
3530.0,1.0372145593481454,0.028705279,0.515810039,0.0,0.0,0.05634372905466286,0.9808708302934825,0.0,0.0,0.0,0.035825313172720905,0.0,0.0,0.0,0.0,0.0,1.0065026456074575,0.0,1.05e-08
3531.0,0.9855030835181084,0.0,0.534850368,0.0,0.0,0.0,0.9855030835181084,0.0,0.0,0.0,0.03582482517105246,0.0,0.0,0.0,0.0,0.0,1.0752312073456194,0.0,1.05e-08
3532.0,0.9258279247773129,0.0,0.527518546,0.0,0.0,0.0,0.9258279247773129,0.0,0.0,0.0,0.03582433717603142,0.0,0.0,0.0,0.0,0.0,1.1066574615069777,0.0,1.05e-08
3533.0,0.8697480937071717,0.0,0.514468207,0.0,0.0,0.0,0.8697480937071717,0.0,0.0,0.0,0.035823849187657714,0.0,0.0,0.0,0.0,0.0,1.112455414329077,0.0,1.05e-08
3534.0,0.823148021778178,0.0,0.49830285,0.0,0.0,0.0,0.823148021778178,0.0,0.0,0.0,0.035823361205931235,0.0,0.0,0.0,0.0,0.0,1.0967717009471967,0.0,1.05e-08
3535.0,0.7925888072529199,0.0,0.472555748,0.0,0.0,0.0,0.7925888072529199,0.0,0.0,0.0,0.0358228732308519,0.0,0.0,0.0,0.0,0.0,1.0281294581000517,0.0,1.05e-08
3536.0,0.7740232974824772,0.0,0.446767011,0.0,0.0,0.0,0.7740232974824772,0.0,0.0,0.0,0.03582238526241961,0.0,0.0,0.0,0.0,0.0,0.9473330942820177,0.0,1.05e-08
3537.0,0.7694001215200337,0.0,0.390786608,0.0,0.0,0.0,0.7694001215200337,0.0,0.0,0.0,0.03582189730063429,0.0,0.0,0.0,0.0,0.0,0.7362684012992711,0.0,1.05e-08
3538.0,0.7716228434510278,0.0,0.326560354,0.0,0.0,0.0,0.7716228434510278,0.0,0.0,0.0,0.035821409345495825,0.0,0.0,0.0,0.0,0.0,0.4865872276027102,0.0,1.05e-08
3539.0,0.7847857256377535,2.58e-06,0.253321005,0.0,0.0,5.064114547050045e-06,0.7847806615232066,0.0,0.0,0.0,0.03582092139700414,0.0,0.0,0.0,0.0,0.0,0.19124424718464694,0.0,1.05e-08
3540.0,0.8237454585977806,0.126519429,0.140046796,0.0,0.0,0.2483367755361881,0.5395887375416317,0.0,0.0,0.035819945519960754,0.03582043345515915,0.0,0.0,0.0,0.0,0.0,1.1102230246251565e-16,0.0,1.1113078877625157e-08
3541.0,0.8857953751627308,0.489191104,0.124292453,0.0,0.0,0.8857953751627307,0.0,0.0,0.0,0.0,0.0,0.0,0.0,0.0,0.0,0.07440609230001027,0.4788885552242309,0.0,1e-08
3542.0,0.9544899026639767,0.67659204,0.14684351,0.0,0.0,0.9544899026639767,0.0,0.0,0.0,0.0,0.0,0.0,0.0,0.0,0.0,0.37354869895705656,0.5657759151953893,0.0,1e-08
3543.0,1.013646854557662,0.774063629,0.170239404,0.0,0.0,1.013646854557662,0.0,0.0,0.0,0.0,0.0,0.0,0.0,0.0,0.0,0.5057124027916595,0.655918362346539,0.0,1e-08
3544.0,1.062769437502755,0.815736937,0.180707237,0.0,0.0,1.062769437502755,0.0,0.0,0.0,0.0,0.0,0.0,0.0,0.0,0.0,0.5383876513452088,0.69625005828385,0.0,1e-08
3545.0,1.0983201402950145,0.825628917,0.19014264,0.0,0.0,1.0983201402950145,0.0,0.0,0.0,0.0,0.0,0.0,0.0,0.0,0.0,0.522253274063464,0.7326038867067903,0.0,1e-08
3546.0,1.124618067110563,0.815398805,0.205006488,0.0,0.0,1.124618067110563,0.0,0.0,0.0,0.0,0.0,0.0,0.0,0.0,0.0,0.4758753243808025,0.789873065341414,0.0,1e-08
3547.0,1.1444876594012134,0.800017401,0.219834297,0.0,0.0,1.1444876594012134,0.0,0.0,0.0,0.0,0.0,0.0,0.0,0.0,0.0,0.4258145724969531,0.8470033886857514,0.0,1e-08
3548.0,1.162243738641872,0.785032562,0.231264631,0.0,0.0,1.162243738641872,0.0,0.0,0.0,0.0,0.0,0.0,0.0,0.0,0.0,0.3786457253628439,0.8910435214763593,0.0,1e-08
3549.0,1.175562939422974,0.761444048,0.239148889,0.0,0.0,1.175562939422974,0.0,0.0,0.0,0.0,0.0,0.0,0.0,0.0,0.0,0.31902616144581386,0.9214209163342361,0.0,1e-08
3550.0,1.1752353127799662,0.713311918,0.246290441,0.0,0.0,1.1992456045003783,0.0,0.0,0.02401029172041235,0.0,0.0,0.0,0.0,0.0,0.0,0.20086806237092758,0.9489367263194064,0.0,1e-08
3551.0,1.16293753623883,0.639834749,0.257715875,0.0,0.0,1.2558901008213235,0.0,0.0,0.09295256458249365,0.0,0.021609262548371116,0.0,0.0,0.0,0.0,0.0,0.9929579798147398,0.0,1.0000136218855531e-08
3552.0,1.1485947698671544,0.508936332,0.291304629,0.0,0.0,0.9989580939548417,0.1496366759123126,0.0,0.0,0.0,0.10526627631772376,0.0,0.0,0.0,0.0,0.0,0.9727359987338349,0.0,1.05e-08
3553.0,1.123487433989595,0.262247725,0.378081054,0.0,0.0,0.5147490384121239,0.6087383955774709,0.0,0.0,0.0,0.10526484241208765,0.0,0.0,0.0,0.0,0.0,0.8479766771205831,0.0,1.05e-08
3554.0,1.0755233217233728,0.029064642,0.449624776,0.0,0.0,0.057049099363178965,1.018474222360194,0.0,0.0,0.0,0.10526340852598376,0.0,0.0,0.0,0.0,0.0,0.7138929019064617,0.0,1.05e-08
3555.0,1.0087153241076816,0.0,0.457424138,0.0,0.0,0.0,1.0087153241076816,0.0,0.0,0.0,0.10526197465941185,0.0,0.0,0.0,0.0,0.0,0.7537020977410063,0.0,1.05e-08
3556.0,0.9416824846781615,0.0,0.42394951,0.0,0.0,0.0,0.9416824846781615,0.0,0.0,0.0,0.10526054081237163,0.0,0.0,0.0,0.0,0.0,0.6917599603906524,0.0,1.05e-08
3557.0,0.8837610920852313,0.0,0.388715614,0.0,0.0,0.0,0.8837610920852313,0.0,0.0,0.0,0.10525910698486285,0.0,0.0,0.0,0.0,0.0,0.6139280619099822,0.0,1.05e-08
3558.0,0.8384051448594242,0.0,0.36416864,0.0,0.0,0.0,0.8384051448594242,0.0,0.0,0.0,0.10525767317688524,0.0,0.0,0.0,0.0,0.0,0.5647065458204038,0.0,1.05e-08
3559.0,0.8101714370943393,0.0,0.334836745,0.0,0.0,0.0,0.8101714370943393,0.0,0.0,0.0,0.10525623938843852,0.0,0.0,0.0,0.0,0.0,0.479926884877263,0.0,1.05e-08
3560.0,0.8008587033006074,0.0,0.304867699,0.0,0.0,0.0,0.8008587033006074,0.0,0.0,0.0,0.10525480561952244,0.0,0.0,0.0,0.0,0.0,0.3737713597865353,0.0,1.05e-08
3561.0,0.8169723666250112,0.0,0.281383516,0.0,0.0,0.0,0.8169723666250112,0.0,0.0,0.0,0.10525337187013675,0.0,0.0,0.0,0.0,0.0,0.26717507908638904,0.0,1.05e-08
3562.0,0.8576687349280405,0.0,0.265600366,0.0,0.0,0.0,0.8576687349280405,0.0,0.0,0.0,0.10525193814028114,0.0,0.0,0.0,0.0,0.0,0.16566753747433083,0.0,1.05e-08
3563.0,0.909412331017196,1.63e-06,0.236802719,0.0,0.0,3.1994212060820054e-06,0.90940913159599,0.0,0.0,0.0,0.10525050442995539,0.0,0.0,0.0,0.0,4.235164736271502e-22,0.002972185514868997,0.0,1.05e-08
3564.0,0.9625649358063458,0.11181243,0.165549341,0.0,0.0,0.21946936174574222,0.6378479369927113,0.0,0.0,0.10524763706789231,0.10524907073915919,0.0,0.0,0.0,0.0,0.0,1.1102230246251565e-16,0.0,1.1113230258713772e-08
3565.0,1.0190923091535369,0.490662984,0.150155122,0.0,0.0,0.963090525183482,0.05600178397005481,0.0,0.0,0.0,0.0,0.0,0.0,0.0,0.0,1.1102230246251565e-16,0.5225334987320907,0.0,1.05e-08
3566.0,1.0805811918592187,0.673209828,0.179147824,0.0,0.0,1.0805811918592187,0.0,0.0,0.0,0.0,0.0,0.0,0.0,0.0,0.0,0.24081868534692807,0.6902417687976985,0.0,1e-08
3567.0,1.137956540047136,0.775706947,0.196773516,0.0,0.0,1.137956540047136,0.0,0.0,0.0,0.0,0.0,0.0,0.0,0.0,0.0,0.3846282795460727,0.7581521042442705,0.0,1e-08
3568.0,1.1890812858106101,0.826133359,0.206883724,0.0,0.0,1.1890812858106101,0.0,0.0,0.0,0.0,0.0,0.0,0.0,0.0,0.0,0.4324822650092417,0.7971059005953366,0.0,1e-08
3569.0,1.2347541529263855,0.835556355,0.216511718,0.0,0.0,1.2347541529263855,0.0,0.0,0.0,0.0,0.0,0.0,0.0,0.0,0.0,0.40530518514943314,0.8342017662338365,0.0,1e-08
3570.0,1.2721121556317077,0.832069772,0.227968329,0.0,0.0,1.2721121556317077,0.0,0.0,0.0,0.0,0.0,0.0,0.0,0.0,0.0,0.36110359496744526,0.8783431421350429,0.0,1e-08
3571.0,1.2973479725457409,0.826670698,0.237593189,0.0,0.0,1.2973479725457409,0.0,0.0,0.0,0.0,0.0,0.0,0.0,0.0,0.0,0.32527028612162945,0.9154269327304019,0.0,1e-08
3572.0,1.314104041052513,0.825706447,0.241518836,0.0,0.0,1.314104041052513,0.0,0.0,0.0,0.0,0.0,0.0,0.0,0.0,0.0,0.3066215519109392,0.9305521263747041,0.0,1e-08
3573.0,1.319853567434709,0.819007843,0.241937901,0.0,0.0,1.319853567434709,0.0,0.0,0.0,0.0,0.0,0.0,0.0,0.0,0.0,0.2877237705049731,0.9321667492061889,0.0,1e-08
3574.0,1.3093031329896143,0.788858929,0.241259569,0.0,0.0,1.3093031329896143,0.0,0.0,0.0,0.0,0.0,0.0,0.0,0.0,0.0,0.2390968584519435,0.9295531920383827,0.0,1e-08
3575.0,1.2834077800883497,0.71753585,0.248092205,0.0,0.0,1.3097621632024123,0.0,0.0,0.02635438311406268,0.0,0.0,0.0,0.0,0.0,0.0,0.09864238564057959,0.9558787741910905,0.0,1e-08
3576.0,1.2534074580717518,0.5817337,0.273168855,0.0,0.0,1.1418473227438943,0.11156013532785743,0.0,0.0,0.0,0.023718944802656412,0.0,0.0,0.0,0.0,0.0,0.9409369000569654,0.0,1.05e-08
3577.0,1.218995953802892,0.291137721,0.34904482,0.0,0.0,0.5714553364771695,0.6475406173257225,0.0,0.0,0.0,0.023718621710305997,0.0,0.0,0.0,0.0,1.1102230246251565e-16,0.6973002440763911,0.0,1.05e-08
3578.0,1.155342165632629,0.03032079,0.407863698,0.0,0.0,0.05951471074304246,1.0958274548895868,0.0,0.0,0.0,0.023718298622356644,0.0,0.0,0.0,0.0,0.0,0.47563768518317406,0.0,1.05e-08
3579.0,1.079244989079893,1.73e-08,0.410662125,0.0,0.0,3.395704715657588e-08,1.0792449551228458,0.0,0.0,0.0,0.0237179755388083,0.0,0.0,0.0,0.0,0.0,0.5030022930392171,0.0,1.05e-08
3580.0,1.0043448275169695,0.0,0.39313395,0.0,0.0,0.0,1.0043448275169695,0.0,0.0,0.0,0.023717652459660905,0.0,0.0,0.0,0.0,0.0,0.510367810144909,0.0,1.05e-08
3581.0,0.9394190770856173,0.0,0.375992448,0.0,0.0,0.0,0.9394190770856173,0.0,0.0,0.0,0.023717329384914394,0.0,0.0,0.0,0.0,0.0,0.5092487692070434,0.0,1.05e-08
3582.0,0.8905063465000981,0.0,0.363017708,0.0,0.0,0.0,0.890506346500098,0.0,0.0,0.0,0.023717006314568714,0.0,0.0,0.0,0.0,0.0,0.5081708982472701,0.0,1.05e-08
3583.0,0.8598550538987004,0.0,0.354824887,0.0,0.0,0.0,0.8598550538987004,0.0,0.0,0.0,0.023716683248623797,0.0,0.0,0.0,0.0,0.0,0.5072559282381714,0.0,1.05e-08
3584.0,0.846850631656959,0.0,0.346870746,0.0,0.0,0.0,0.846850631656959,0.0,0.0,0.0,0.02371636018707959,0.0,0.0,0.0,0.0,0.0,0.4896137021951631,0.0,1.05e-08
3585.0,0.8580798742447562,0.0,0.326212809,0.0,0.0,0.0,0.8580798742447562,0.0,0.0,0.0,0.023716037129936033,0.0,0.0,0.0,0.0,0.0,0.39879113463015914,0.0,1.05e-08
3586.0,0.8959796386538756,0.0,0.303296625,0.0,0.0,0.0,0.8959796386538756,0.0,0.0,0.0,0.023715714077193056,0.0,0.0,0.0,0.0,0.0,0.2725972060772792,0.0,1.05e-08
3587.0,0.9433034870883374,6.85e-06,0.260570564,0.0,0.0,1.3445420405927446e-05,0.9432900416679315,0.0,0.0,0.0,0.02371539102885061,0.0,0.0,0.0,0.0,0.0,0.06066681907503746,0.0,1.05e-08
3588.0,0.9890598668778208,0.142235715,0.178088393,0.0,0.0,0.27918525327192417,0.6861598686605296,0.0,0.0,0.023714744945367065,0.023715067984908633,0.0,0.0,0.0,0.0,0.0,0.0,0.0,1.1113078877625157e-08
3589.0,1.0358440949590932,0.487366499,0.144456847,0.0,0.0,0.9566200687328493,0.0792240262262439,0.0,0.0,0.0,0.0,0.0,0.0,0.0,0.0,1.1102230246251565e-16,0.4773562735613689,0.0,1.05e-08
3590.0,1.0874891889202856,0.669718453,0.15976446,0.0,0.0,1.0874891889202856,0.0,0.0,0.0,0.0,0.0,0.0,0.0,0.0,0.0,0.22705769490341687,0.6155592683135752,0.0,1e-08
3591.0,1.1326095875792241,0.76234957,0.16803783,0.0,0.0,1.1326095875792241,0.0,0.0,0.0,0.0,0.0,0.0,0.0,0.0,0.0,0.363756903651143,0.6474358795679648,0.0,1e-08
3592.0,1.17244513293788,0.810522778,0.172082565,0.0,0.0,1.1724451329378798,0.0,0.0,0.0,0.0,0.0,0.0,0.0,0.0,0.0,0.4184774216300329,0.6630199094399546,0.0,1e-08
3593.0,1.2098866483169102,0.818734395,0.1813879,0.0,0.0,1.2098866483169102,0.0,0.0,0.0,0.0,0.0,0.0,0.0,0.0,0.0,0.3971539562915076,0.6988725966021225,0.0,1e-08
3594.0,1.2395165166783422,0.811520141,0.194595583,0.0,0.0,1.2395165166783424,0.0,0.0,0.0,0.0,0.0,0.0,0.0,0.0,0.0,0.3533636969891787,0.7497607082860205,0.0,1e-08
3595.0,1.2627458880727784,0.800592869,0.207523075,0.0,0.0,1.2627458880727782,0.0,0.0,0.0,0.0,0.0,0.0,0.0,0.0,0.0,0.30868589261227286,0.7995692671898568,0.0,1e-08
3596.0,1.2778381271572168,0.792231748,0.218384512,0.0,0.0,1.2778381271572168,0.0,0.0,0.0,0.0,0.0,0.0,0.0,0.0,0.0,0.27718215178917305,0.841417486828655,0.0,1e-08
3597.0,1.2836968624204153,0.775731802,0.227239176,0.0,0.0,1.2836968624204153,0.0,0.0,0.0,0.0,0.0,0.0,0.0,0.0,0.0,0.23893674343909854,0.8755337758518993,0.0,1e-08
3598.0,1.2731442866247127,0.736568609,0.236895751,0.0,0.0,1.2731442866247127,0.0,0.0,0.0,0.0,0.0,0.0,0.0,0.0,0.0,0.17261842955254192,0.9127397617226941,0.0,1e-08
3599.0,1.2473474358514114,0.653280931,0.252986496,0.0,0.0,1.2473474358514114,0.0,0.0,0.0,0.0,0.0,0.0,0.0,0.0,0.0,0.034935302903432275,0.9747360731602962,0.0,1e-08
3600.0,1.2187475571323763,0.532400745,0.295825211,0.0,0.0,1.045014867292551,0.1737326898398252,0.0,0.0,0.0,0.0,0.0,0.0,0.0,0.0,0.0,0.9660574138657734,0.0,1.05e-08
3601.0,1.1863403570325055,0.276538891,0.37726802,0.0,0.0,0.5428002405961965,0.643540116436309,0.0,0.0,0.0,0.0,0.0,0.0,0.0,0.0,0.0,0.8100424034139206,0.0,1.05e-08
3602.0,1.1315753152356114,0.031155901,0.425268716,0.0,0.0,0.061153895922694206,1.0704214193129171,0.0,0.0,0.0,0.0,0.0,0.0,0.0,0.0,0.0,0.5681038175114279,0.0,1.05e-08
3603.0,1.0599043103893924,2.47e-07,0.447876937,0.0,0.0,4.848202686516904e-07,1.0599038255691235,0.0,0.0,0.0,0.0,0.0,0.0,0.0,0.0,0.0,0.6657290193968044,0.0,1.05e-08
3604.0,0.9881048245066999,0.0,0.457391067,0.0,0.0,0.0,0.9881048245066999,0.0,0.0,0.0,0.0,0.0,0.0,0.0,0.0,0.0,0.7741851775105537,0.0,1.05e-08
3605.0,0.9268086633557284,0.0,0.458360368,0.0,0.0,0.0,0.9268086633557284,0.0,0.0,0.0,0.0,0.0,0.0,0.0,0.0,0.0,0.8392159753531627,0.0,1.05e-08
3606.0,0.8806347201977057,0.0,0.455099559,0.0,0.0,0.0,0.8806347201977057,0.0,0.0,0.0,0.0,0.0,0.0,0.0,0.0,0.0,0.8728262907672532,0.0,1.05e-08
3607.0,0.8505294720013212,0.0,0.445599265,0.0,0.0,0.0,0.8505294720013213,0.0,0.0,0.0,0.0,0.0,0.0,0.0,0.0,0.0,0.8663276908774998,0.0,1.05e-08
3608.0,0.8395165058249213,0.0,0.431085054,0.0,0.0,0.0,0.8395165058249212,0.0,0.0,0.0,0.0,0.0,0.0,0.0,0.0,0.0,0.821418600901306,0.0,1.05e-08
3609.0,0.8511847252873368,0.0,0.405321667,0.0,0.0,0.0,0.8511847252873368,0.0,0.0,0.0,0.0,0.0,0.0,0.0,0.0,0.0,0.7104861793065795,0.0,1.05e-08
3610.0,0.8905234773049612,0.0,0.36994564,0.0,0.0,0.0,0.8905234773049612,0.0,0.0,0.0,0.0,0.0,0.0,0.0,0.0,0.0,0.5348465172119502,0.0,1.05e-08
3611.0,0.936391207326055,5.51e-06,0.295263812,0.0,0.0,1.0815221377614632e-05,0.9363803921046774,0.0,0.0,0.0,0.0,0.0,0.0,0.0,0.0,0.0,0.20124668762379927,0.0,1.05e-08
3612.0,0.9858114380056452,0.133189588,0.198436425,0.0,0.0,0.26142919771565976,0.7243822402899853,0.0,0.0,0.0,0.0,0.0,0.0,0.0,0.0,0.0,0.04017691497997666,0.0,1.05e-08
3613.0,1.0367134833058982,0.479742472,0.159268605,0.0,0.0,0.9416553609662592,0.09505812233963891,0.0,0.0,0.0,0.0,0.0,0.0,0.0,0.0,1.1102230246251565e-16,0.5185906576150758,0.0,1.05e-08
3614.0,1.0898767948480876,0.652153518,0.166781029,0.0,0.0,1.0898767948480876,0.0,0.0,0.0,0.0,0.0,0.0,0.0,0.0,0.0,0.19019301810294476,0.6425935291229674,0.0,1e-08
3615.0,1.138200654016436,0.788387945,0.173885091,0.0,0.0,1.138200654016436,0.0,0.0,0.0,0.0,0.0,0.0,0.0,0.0,0.0,0.40927487350038216,0.6699648932346995,0.0,1e-08
3616.0,1.183372445089964,0.833899056,0.17585623,0.0,0.0,1.183372445089964,0.0,0.0,0.0,0.0,0.0,0.0,0.0,0.0,0.0,0.4534338883444935,0.6775595289915154,0.0,1e-08
3617.0,1.2253557651083378,0.842968806,0.184049104,0.0,0.0,1.225355765108338,0.0,0.0,0.0,0.0,0.0,0.0,0.0,0.0,0.0,0.429252991935851,0.7091259958066337,0.0,1e-08
3618.0,1.2610692105467973,0.838082854,0.196948748,0.0,0.0,1.2610692105467973,0.0,0.0,0.0,0.0,0.0,0.0,0.0,0.0,0.0,0.3839492284356134,0.7588272586666316,0.0,1e-08
3619.0,1.2831294045093233,0.83030678,0.209048201,0.0,0.0,1.2831294045093233,0.0,0.0,0.0,0.0,0.0,0.0,0.0,0.0,0.0,0.34662588351869283,0.8054454516970119,0.0,1e-08
3620.0,1.2975792384113936,0.82740528,0.217349361,0.0,0.0,1.2975792384113936,0.0,0.0,0.0,0.0,0.0,0.0,0.0,0.0,0.0,0.32648088358628713,0.8374291355260307,0.0,1e-08
3621.0,1.3017313172401004,0.818380323,0.225419346,0.0,0.0,1.3017313172401004,0.0,0.0,0.0,0.0,0.0,0.0,0.0,0.0,0.0,0.30461430242029297,0.8685221211744129,0.0,1e-08
3622.0,1.2897440365371087,0.786696936,0.236877749,0.0,0.0,1.2897440365371087,0.0,0.0,0.0,0.0,0.0,0.0,0.0,0.0,0.0,0.2544123191672707,0.9126704015036055,0.0,1e-08
3623.0,1.266482544883554,0.709073145,0.264123956,0.0,0.0,1.266482544883554,0.0,0.0,0.0,0.0,0.0,0.0,0.0,0.0,0.0,0.12531110958040959,1.0176477866194205,0.0,1e-08
3624.0,1.2380004404479532,0.567342176,0.325985391,0.0,0.0,1.113599134355282,0.12440130609267114,0.0,0.0,0.0,0.0,0.0,0.0,0.0,0.0,0.0,1.1315934800122907,0.0,1.05e-08
3625.0,1.202115686960862,0.293662288,0.460069108,0.0,0.0,0.5764106451863565,0.6257050417745055,0.0,0.0,0.0,0.0,0.0,0.0,0.0,0.0,0.0,1.1469032310175735,0.0,1.05e-08
3626.0,1.1511472597917642,0.048760235,0.562267093,0.0,0.0,0.09570830053530185,1.0554389592564624,0.0,0.0,0.0,0.0,0.0,0.0,0.0,0.0,0.0,1.110929708492804,0.0,1.05e-08
3627.0,1.0818253165624054,4.63e-07,0.605926594,0.0,0.0,9.087926493349501e-07,1.081824407769756,0.0,0.0,0.0,0.0,0.0,0.0,0.0,0.0,0.0,1.2527607111883448,0.0,1.05e-08
3628.0,1.0049979394523774,0.0,0.599351721,0.0,0.0,0.0,1.0049979394523774,0.0,0.0,0.0,0.0,0.0,0.0,0.0,0.0,0.0,1.304254736901563,0.0,1.05e-08
3629.0,0.9398537712590199,0.0,0.574659062,0.0,0.0,0.0,0.9398537712590199,0.0,0.0,0.0,0.0,0.0,0.0,0.0,0.0,0.0,1.2742601295076805,0.0,1.05e-08
3630.0,0.8906776545487296,0.0,0.537807587,0.0,0.0,0.0,0.8906776545487296,0.0,0.0,0.0,0.0,0.0,0.0,0.0,0.0,0.0,1.1814505568645561,0.0,1.05e-08
3631.0,0.8566237558313881,0.0,0.500691073,0.0,0.0,0.0,0.8566237558313881,0.0,0.0,0.0,0.0,0.0,0.0,0.0,0.0,0.0,1.072497592852912,0.0,1.05e-08
3632.0,0.8436214749402545,0.0,0.46798618,0.0,0.0,0.0,0.8436214749402545,0.0,0.0,0.0,0.0,0.0,0.0,0.0,0.0,0.0,0.959490622341363,0.0,1.05e-08
3633.0,0.8542511393578414,0.0,0.443592976,0.0,0.0,0.0,0.8542511393578414,0.0,0.0,0.0,0.0,0.0,0.0,0.0,0.0,0.0,0.854875957717449,0.0,1.05e-08
3634.0,0.8855855228031572,0.0,0.424353181,0.0,0.0,0.0,0.8855855228031573,0.0,0.0,0.0,0.0,0.0,0.0,0.0,0.0,0.0,0.74941223328664,0.0,1.05e-08
3635.0,0.9317787381166509,8.52e-06,0.385799968,0.0,0.0,1.6723355015839686e-05,0.931762014761635,0.0,0.0,0.0,0.0,0.0,0.0,0.0,0.0,0.0,0.5546933960192153,0.0,1.05e-08
3636.0,0.9826101188468434,0.131275745,0.288415969,0.0,0.0,0.25767263950749314,0.7249374793393503,0.0,0.0,0.0,0.0,0.0,0.0,0.0,0.0,0.0,0.3863054269214713,0.0,1.05e-08
3637.0,1.0375186311344664,0.525849664,0.251798572,0.0,0.0,1.032156175590612,0.0053624555438546145,0.0,0.0,0.0,0.0,0.0,0.0,0.0,0.0,0.0,0.9647966445634101,0.0,1.05e-08
3638.0,1.0916027234380503,0.705457221,0.308116112,0.0,0.0,1.0916027234380503,0.0,0.0,0.0,0.0,0.0,0.0,0.0,0.0,0.0,0.2930934684951274,1.1871459300669471,0.0,1e-08
3639.0,1.1456225752233973,0.817967208,0.338305051,0.0,0.0,1.1456225752233973,0.0,0.0,0.0,0.0,0.0,0.0,0.0,0.0,0.0,0.45991216781641286,1.303461418517903,0.0,1e-08
3640.0,1.1944539344858167,0.859256874,0.355521149,0.0,0.0,1.1944539344858167,0.0,0.0,0.0,0.0,0.0,0.0,0.0,0.0,0.0,0.49212561407082966,1.3697936221137137,0.0,1e-08
3641.0,1.2373644593174085,0.863313905,0.372753804,0.0,0.0,1.2373644593174085,0.0,0.0,0.0,0.0,0.0,0.0,0.0,0.0,0.0,0.4571783720706075,1.4361896184629663,0.0,1e-08
3642.0,1.2729215861614918,0.858766796,0.392586919,0.0,0.0,1.2729215861614918,0.0,0.0,0.0,0.0,0.0,0.0,0.0,0.0,0.0,0.41269602009709705,1.5126049724020023,0.0,1e-08
3643.0,1.2949453771636836,0.852013842,0.41888328,0.0,0.0,1.2949453771636836,0.0,0.0,0.0,0.0,0.0,0.0,0.0,0.0,0.0,0.3774172939836802,1.6139226793342554,0.0,1e-08
3644.0,1.3096050634253273,0.851360186,0.44722107,0.0,0.0,1.3096050634253273,0.0,0.0,0.0,0.0,0.0,0.0,0.0,0.0,0.0,0.3614745887846851,1.7231058435875801,0.0,1e-08
3645.0,1.3113566882225847,0.845999729,0.477316218,0.0,0.0,1.3113566882225847,0.0,0.0,0.0,0.0,0.0,0.0,0.0,0.0,0.0,0.3492012708585379,1.8390599630623916,0.0,1e-08
3646.0,1.2933200920522918,0.817147819,0.504918249,0.0,0.0,1.2933200920522918,0.0,0.0,0.0,0.0,0.0,0.0,0.0,0.0,0.0,0.3106063255012421,1.945408308660209,0.0,1e-08
3647.0,1.260491045882666,0.73842648,0.535364398,0.0,0.0,1.260491045882666,0.0,0.0,0.0,0.0,0.0,0.0,0.0,0.0,0.0,0.1889183646967758,2.062714805996388,0.0,1e-08
3648.0,1.2237005010884356,0.603172795,0.584052616,0.0,0.0,1.1839287308311375,0.0397717702572981,0.0,0.0,0.0,0.0,0.0,0.0,0.0,0.0,0.0,2.210534718191945,0.0,1.05e-08
3649.0,1.1885545135610682,0.340795098,0.670784916,0.0,0.0,0.668924578815948,0.5196299347451201,0.0,0.0,0.0,0.0,0.0,0.0,0.0,0.0,0.0,2.064848941775622,0.0,1.05e-08
3650.0,1.1347338073822553,0.051130182,0.694517948,0.0,0.0,0.1003601156819831,1.0343736917002722,0.0,0.0,0.0,0.0,0.0,0.0,0.0,0.0,1.3877787807814457e-17,1.6415465968390293,0.0,1.05e-08
3651.0,1.0655660413966648,7.38e-07,0.67340113,0.0,0.0,1.4485723006678034e-06,1.0655645928243642,0.0,0.0,0.0,0.0,0.0,0.0,0.0,0.0,2.117582368135751e-22,1.5289943401469281,0.0,1.05e-08
3652.0,0.9967494569107688,0.0,0.639892539,0.0,0.0,0.0,0.9967494569107688,0.0,0.0,0.0,0.0,0.0,0.0,0.0,0.0,0.0,1.4687036426468918,0.0,1.05e-08
3653.0,0.9340956794743924,0.0,0.600943223,0.0,0.0,0.0,0.9340956794743924,0.0,0.0,0.0,0.0,0.0,0.0,0.0,0.0,0.0,1.381288922632244,0.0,1.05e-08
3654.0,0.8857332759951019,0.0,0.563663919,0.0,0.0,0.0,0.8857332759951019,0.0,0.0,0.0,0.0,0.0,0.0,0.0,0.0,0.0,1.2860172469585156,0.0,1.05e-08
3655.0,0.8502682272271581,0.0,0.53787655,0.0,0.0,0.0,0.8502682272271581,0.0,0.0,0.0,0.0,0.0,0.0,0.0,0.0,0.0,1.2221256929289899,0.0,1.05e-08
3656.0,0.8280345838653926,0.0,0.522922402,0.0,0.0,0.0,0.8280345838653925,0.0,0.0,0.0,0.0,0.0,0.0,0.0,0.0,0.0,1.1867422392146416,0.0,1.05e-08
3657.0,0.8203535592348762,0.0,0.509912393,0.0,0.0,0.0,0.8203535592348762,0.0,0.0,0.0,0.0,0.0,0.0,0.0,0.0,0.0,1.1442967737559795,0.0,1.05e-08
3658.0,0.8204713335183104,0.0,0.491884272,0.0,0.0,0.0,0.8204713335183105,0.0,0.0,0.0,0.0,0.0,0.0,0.0,0.0,0.0,1.0747181383284043,0.0,1.05e-08
3659.0,0.8405529195191421,9.84e-06,0.461232409,0.0,0.0,1.931429734223738e-05,0.8405336052217998,0.0,0.0,0.0,0.0,0.0,0.0,0.0,0.0,3.3881317890172014e-21,0.936556770238097,0.0,1.05e-08
3660.0,0.8825726424978501,0.141594503,0.402548349,0.0,0.0,0.2779266598545044,0.6046459826433457,0.0,0.0,0.0,0.0,0.0,0.0,0.0,0.0,5.551115123125783e-17,0.9463395567643407,0.0,1.05e-08
3661.0,0.9402242249141856,0.544417579,0.43208139,0.0,0.0,0.9402242249141856,0.0,0.0,0.0,0.0,0.0,0.0,0.0,0.0,0.0,0.12837770589343733,1.6647739070398544,0.0,1e-08
3662.0,1.0013961877298991,0.712275003,0.455196546,0.0,0.0,1.0013961877298991,0.0,0.0,0.0,0.0,0.0,0.0,0.0,0.0,0.0,0.39668218598809113,1.7538346938651228,0.0,1e-08
3663.0,1.0591998060393952,0.825579259,0.445722107,0.0,0.0,1.0591998060393952,0.0,0.0,0.0,0.0,0.0,0.0,0.0,0.0,0.0,0.5612761378538982,1.7173304629584394,0.0,1e-08
3664.0,1.10686627057112,0.864444179,0.425110575,0.0,0.0,1.10686627057112,0.0,0.0,0.0,0.0,0.0,0.0,0.0,0.0,0.0,0.5898951022919161,1.6379159326133186,0.0,1e-08
3665.0,1.144416994831153,0.869977179,0.410471586,0.0,0.0,1.144416994831153,0.0,0.0,0.0,0.0,0.0,0.0,0.0,0.0,0.0,0.5632047446167003,1.5815131171330141,0.0,1e-08
3666.0,1.1743573590307297,0.86287097,0.403425253,0.0,0.0,1.1743573590307297,0.0,0.0,0.0,0.0,0.0,0.0,0.0,0.0,0.0,0.5193160639941476,1.5543641780900392,0.0,1e-08
3667.0,1.198331920436713,0.853150989,0.401616857,0.0,0.0,1.198331920436713,0.0,0.0,0.0,0.0,0.0,0.0,0.0,0.0,0.0,0.4762627827512842,1.5473965776701386,0.0,1e-08
3668.0,1.214445583761117,0.849815645,0.404811438,0.0,0.0,1.214445583761117,0.0,0.0,0.0,0.0,0.0,0.0,0.0,0.0,0.0,0.4536023891672616,1.5597050344003054,0.0,1e-08
3669.0,1.2224199734249148,0.843087342,0.412878073,0.0,0.0,1.2224199734249148,0.0,0.0,0.0,0.0,0.0,0.0,0.0,0.0,0.0,0.43242145024018486,1.5907851127753876,0.0,1e-08
3670.0,1.2159659426927218,0.81570909,0.420234499,0.0,0.0,1.2159659426927218,0.0,0.0,0.0,0.0,0.0,0.0,0.0,0.0,0.0,0.3851364870863305,1.6191288145346083,0.0,1e-08
3671.0,1.194042795169101,0.741569804,0.424662896,0.0,0.0,1.194042795169101,0.0,0.0,0.0,0.0,0.0,0.0,0.0,0.0,0.0,0.26153644207487226,1.6361910624032647,0.0,1e-08
3672.0,1.1661795410591815,0.585087387,0.436390954,0.0,0.0,1.148430057287674,0.01774948377150757,0.0,0.0,0.0,0.0,0.0,0.0,0.0,0.0,2.220446049250313e-16,1.6636288174032534,0.0,1.05e-08
3673.0,1.1394190825123278,0.332576518,0.505991084,0.0,0.0,0.652792861554671,0.48662622095765684,0.0,0.0,0.0,0.0,0.0,0.0,0.0,0.0,0.0,1.4629156323445907,0.0,1.05e-08
3674.0,1.089848957290185,0.053003085,0.556022318,0.0,0.0,0.10403631542132946,0.9858126418688556,0.0,0.0,0.0,0.0,0.0,0.0,0.0,0.0,1.3877787807814457e-17,1.156495423605143,0.0,1.05e-08
3675.0,1.0286705704226478,9.41e-07,0.536989345,0.0,0.0,1.8470278251062373e-06,1.0286687233948226,0.0,0.0,0.0,0.0,0.0,0.0,0.0,0.0,2.117582368135751e-22,1.0403068691768043,0.0,1.05e-08
3676.0,0.9635756532932719,0.0,0.509111189,0.0,0.0,0.0,0.9635756532932719,0.0,0.0,0.0,0.0,0.0,0.0,0.0,0.0,0.0,0.9979877068626367,0.0,1.05e-08
3677.0,0.9041253363663051,0.0,0.484225772,0.0,0.0,0.0,0.9041253363663051,0.0,0.0,0.0,0.0,0.0,0.0,0.0,0.0,0.0,0.9615565675495976,0.0,1.05e-08
3678.0,0.8554374475946147,0.0,0.468422687,0.0,0.0,0.0,0.8554374475946147,0.0,0.0,0.0,0.0,0.0,0.0,0.0,0.0,0.0,0.9493564751038306,0.0,1.05e-08
3679.0,0.8209081690423208,0.0,0.457088797,0.0,0.0,0.0,0.8209081690423208,0.0,0.0,0.0,0.0,0.0,0.0,0.0,0.0,0.0,0.9402172116315306,0.0,1.05e-08
3680.0,0.7970342511149083,0.0,0.448208258,0.0,0.0,0.0,0.7970342511149083,0.0,0.0,0.0,0.0,0.0,0.0,0.0,0.0,0.0,0.9298751462978964,0.0,1.05e-08
3681.0,0.7839741537573616,0.0,0.435762482,0.0,0.0,0.0,0.7839741537573616,0.0,0.0,0.0,0.0,0.0,0.0,0.0,0.0,0.0,0.8949826967113065,0.0,1.05e-08
3682.0,0.7777984986041947,0.0,0.42631194,0.0,0.0,0.0,0.7777984986041947,0.0,0.0,0.0,0.0,0.0,0.0,0.0,0.0,0.0,0.8647461941249691,0.0,1.05e-08
3683.0,0.7885245237991367,1.21e-05,0.37490546,0.0,0.0,2.375030465864556e-05,0.788500773494478,0.0,0.0,0.0,0.0,0.0,0.0,0.0,0.0,3.3881317890172014e-21,0.6559789978161399,0.0,1.05e-08
3684.0,0.8267026637872824,0.109997737,0.293817987,0.0,0.0,0.21590741863731977,0.6107952451499626,0.0,0.0,0.0,0.0,0.0,0.0,0.0,0.0,0.0,0.5212611902743335,0.0,1.05e-08
3685.0,0.872940847463542,0.434964347,0.313354697,0.0,0.0,0.8537632856941176,0.019177561769424315,0.0,0.0,0.0,0.0,0.0,0.0,0.0,0.0,1.1102230246251565e-16,1.1881522036110743,0.0,1.05e-08
3686.0,0.926029211734455,0.630514929,0.36182252,0.0,0.0,0.926029211734455,0.0,0.0,0.0,0.0,0.0,0.0,0.0,0.0,0.0,0.3115676193047413,1.3940722841023212,0.0,1e-08
3687.0,0.9770490313181421,0.730093176,0.369702062,0.0,0.0,0.9770490313181421,0.0,0.0,0.0,0.0,0.0,0.0,0.0,0.0,0.0,0.4560034777064972,1.4244315086017254,0.0,1e-08
3688.0,1.0213899783558074,0.77693646,0.367106557,0.0,0.0,1.0213899783558074,0.0,0.0,0.0,0.0,0.0,0.0,0.0,0.0,0.0,0.5036081725044896,1.4144312422176732,0.0,1e-08
3689.0,1.0601698378647713,0.791041674,0.368193316,0.0,0.0,1.0601698378647713,0.0,0.0,0.0,0.0,0.0,0.0,0.0,0.0,0.0,0.49251452206787216,1.4186184348816313,0.0,1e-08
3690.0,1.0912536832889637,0.78406055,0.372903539,0.0,0.0,1.0912536832889637,0.0,0.0,0.0,0.0,0.0,0.0,0.0,0.0,0.0,0.4477278814486563,1.4367665350503032,0.0,1e-08
3691.0,1.1168620952087702,0.766286721,0.378879559,0.0,0.0,1.1168620952087702,0.0,0.0,0.0,0.0,0.0,0.0,0.0,0.0,0.0,0.387232374181687,1.4597916465089296,0.0,1e-08
3692.0,1.1390314980522989,0.753642852,0.383444245,0.0,0.0,1.1390314980522989,0.0,0.0,0.0,0.0,0.0,0.0,0.0,0.0,0.0,0.34024514151881924,1.4773790046375224,0.0,1e-08
3693.0,1.1573207735943234,0.731634209,0.38188631,0.0,0.0,1.1573207735943234,0.0,0.0,0.0,0.0,0.0,0.0,0.0,0.0,0.0,0.2787565290864338,1.4713764097632924,0.0,1e-08
3694.0,1.161657008575309,0.686651098,0.375783317,0.0,0.0,1.161657008575309,0.0,0.0,0.0,0.0,0.0,0.0,0.0,0.0,0.0,0.18612586511836793,1.447862081823256,0.0,1e-08
3695.0,1.1492264682964832,0.611444582,0.370975693,0.0,0.0,1.1492264682964832,0.0,0.0,0.0,0.0,0.0,0.0,0.0,0.0,0.0,0.05093841636287122,1.4293387036466152,0.0,1e-08
3696.0,1.1280977618483912,0.493305951,0.386182151,0.0,0.0,0.9682782335680066,0.1598195282803845,0.0,0.0,0.0,0.0,0.0,0.0,0.0,0.0,0.0,1.3281084020322933,0.0,1.05e-08
3697.0,1.1003844022810245,0.300846528,0.440996756,0.0,0.0,0.5905121235946894,0.509872278686335,0.0,0.0,0.0,0.0,0.0,0.0,0.0,0.0,1.1102230246251565e-16,1.18925179716896,0.0,1.05e-08
3698.0,1.04861939268579,0.056393077,0.469481003,0.0,0.0,0.11069031069326099,0.937929081992529,0.0,0.0,0.0,0.0,0.0,0.0,0.0,0.0,0.0,0.8709424448401808,0.0,1.05e-08
3699.0,0.9815265954392489,1.51e-06,0.456772405,0.0,0.0,2.9638809945913056e-06,0.9815236315582543,0.0,0.0,0.0,0.0,0.0,0.0,0.0,0.0,0.0,0.7783827168726296,0.0,1.05e-08
3700.0,0.9178599591653386,0.0,0.455064917,0.0,0.0,0.0,0.9178599591653386,0.0,0.0,0.0,0.0,0.0,0.0,0.0,0.0,0.0,0.8354675790349461,0.0,1.05e-08
3701.0,0.8586451908052403,0.0,0.451265501,0.0,0.0,0.0,0.8586451908052403,0.0,0.0,0.0,0.0,0.0,0.0,0.0,0.0,0.0,0.8800435113674391,0.0,1.05e-08
3702.0,0.8141350770695513,0.0,0.443409585,0.0,0.0,0.0,0.8141350770695513,0.0,0.0,0.0,0.0,0.0,0.0,0.0,0.0,0.0,0.8942854296302868,0.0,1.05e-08
3703.0,0.7870234370230029,0.0,0.43419406,0.0,0.0,0.0,0.7870234370230029,0.0,0.0,0.0,0.0,0.0,0.0,0.0,0.0,0.0,0.8858904130266299,0.0,1.05e-08
3704.0,0.7761239624288214,0.0,0.42215688,0.0,0.0,0.0,0.7761239624288214,0.0,0.0,0.0,0.0,0.0,0.0,0.0,0.0,0.0,0.8504116273158675,0.0,1.05e-08
3705.0,0.7909314018824098,0.0,0.390233306,0.0,0.0,0.0,0.7909314018824097,0.0,0.0,0.0,0.0,0.0,0.0,0.0,0.0,0.0,0.712605294031985,0.0,1.05e-08
3706.0,0.8222743507301572,0.0,0.357486482,0.0,0.0,0.0,0.8222743507301572,0.0,0.0,0.0,0.0,0.0,0.0,0.0,0.0,0.0,0.5550915371019306,0.0,1.05e-08
3707.0,0.8672662683526223,4.28e-06,0.305647168,0.0,0.0,8.400934209834958e-06,0.8672578674184125,0.0,0.0,0.0,0.0,0.0,0.0,0.0,0.0,0.0,0.31037542534392293,0.0,1.05e-08
3708.0,0.9143267306623131,0.112917394,0.200367754,0.0,0.0,0.22163822386448895,0.6926885067978242,0.0,0.0,0.0,0.0,0.0,0.0,0.0,0.0,2.7755575615628914e-17,0.07931189958714047,0.0,1.05e-08
3709.0,0.9581259159961811,0.497791184,0.154687992,0.0,0.0,0.9581259159961811,0.0,0.0,0.0,0.0,0.0,0.0,0.0,0.0,0.0,0.018956090316867624,0.5960000564106446,0.0,1e-08
3710.0,1.0048223487025298,0.677176253,0.196105296,0.0,0.0,1.0048223487025298,0.0,0.0,0.0,0.0,0.0,0.0,0.0,0.0,0.0,0.32436296669830034,0.7555775077772434,0.0,1e-08
3711.0,1.0476793397689244,0.788655702,0.235797795,0.0,0.0,1.0476793397689244,0.0,0.0,0.0,0.0,0.0,0.0,0.0,0.0,0.0,0.5003217505846282,0.9085094279425749,0.0,1e-08
3712.0,1.0847032917794153,0.838763154,0.249296933,0.0,0.0,1.0847032917794153,0.0,0.0,0.0,0.0,0.0,0.0,0.0,0.0,0.0,0.5616504639186382,0.9605204916681619,0.0,1e-08
3713.0,1.1204809777361115,0.848310911,0.252285134,0.0,0.0,1.1204809777361115,0.0,0.0,0.0,0.0,0.0,0.0,0.0,0.0,0.0,0.5446134504872902,0.9720337833046993,0.0,1e-08
3714.0,1.1537490007803557,0.843843836,0.251293723,0.0,0.0,1.1537490007803557,0.0,0.0,0.0,0.0,0.0,0.0,0.0,0.0,0.0,0.5025772958576726,0.9682139586092818,0.0,1e-08
3715.0,1.1816807781097278,0.834828306,0.246829044,0.0,0.0,1.1816807781097278,0.0,0.0,0.0,0.0,0.0,0.0,0.0,0.0,0.0,0.4569495198374609,0.95101191919141,0.0,1e-08
3716.0,1.2041713835444405,0.83506583,0.241132633,0.0,0.0,1.2041713835444405,0.0,0.0,0.0,0.0,0.0,0.0,0.0,0.0,0.0,0.43492513484603257,0.9290641181149165,0.0,1e-08
3717.0,1.2192079475130737,0.831696127,0.228615517,0.0,0.0,1.2192079475130737,0.0,0.0,0.0,0.0,0.0,0.0,0.0,0.0,0.0,0.4132743995667254,0.8808367040432503,0.0,1e-08
3718.0,1.216409202268556,0.813366078,0.210667653,0.0,0.0,1.216409202268556,0.0,0.0,0.0,0.0,0.0,0.0,0.0,0.0,0.0,0.3800942813271193,0.8116850664911217,0.0,1e-08
3719.0,1.1970107071116423,0.739292016,0.199374485,0.0,0.0,1.1970107071116423,0.0,0.0,0.0,0.0,0.0,0.0,0.0,0.0,0.0,0.2540976079052397,0.7681734229690125,0.0,1e-08
3720.0,1.1683487292249786,0.6035278,0.23338784,0.0,0.0,1.1683487292249786,0.0,0.0,0.0,0.0,0.0,0.0,0.0,0.0,0.0,0.016276817879327776,0.8992240703826481,0.0,1e-08
3721.0,1.1375175631725178,0.327824121,0.373148901,0.0,0.0,0.6434646899341063,0.4940528732384115,0.0,0.0,0.0,0.0,0.0,0.0,0.0,0.0,0.0,0.9436590213317244,0.0,1.05e-08
3722.0,1.083086572070455,0.058339529,0.515730343,0.0,0.0,0.1145108749910651,0.9685756970793898,0.0,0.0,0.0,0.0,0.0,0.0,0.0,0.0,1.3877787807814457e-17,1.0184907167162014,0.0,1.05e-08
3723.0,1.0088973389093525,2.04e-06,0.559291847,0.0,0.0,4.004183595341896e-06,1.0088933347257572,0.0,0.0,0.0,0.0,0.0,0.0,0.0,0.0,0.0,1.1460119559319277,0.0,1.05e-08
3724.0,0.9385582541412439,0.0,0.557716421,0.0,0.0,0.0,0.9385582541412439,0.0,0.0,0.0,0.0,0.0,0.0,0.0,0.0,0.0,1.2102770502639149,0.0,1.05e-08
3725.0,0.8779280530293275,0.0,0.542343923,0.0,0.0,0.0,0.8779280530293275,0.0,0.0,0.0,0.0,0.0,0.0,0.0,0.0,0.0,1.2116782863041764,0.0,1.05e-08
3726.0,0.8326085087638546,0.0,0.522538691,0.0,0.0,0.0,0.8326085087638546,0.0,0.0,0.0,0.0,0.0,0.0,0.0,0.0,0.0,1.1806899075265607,0.0,1.05e-08
3727.0,0.8034069105240015,0.0,0.502959226,0.0,0.0,0.0,0.8034069105240015,0.0,0.0,0.0,0.0,0.0,0.0,0.0,0.0,0.0,1.1344534443266463,0.0,1.05e-08
3728.0,0.7903061275049047,0.0,0.478581884,0.0,0.0,0.0,0.7903061275049047,0.0,0.0,0.0,0.0,0.0,0.0,0.0,0.0,0.0,1.053630342115262,0.0,1.05e-08
3729.0,0.800074968978118,0.0,0.436805472,0.0,0.0,0.0,0.800074968978118,0.0,0.0,0.0,0.0,0.0,0.0,0.0,0.0,0.0,0.8829004358126961,0.0,1.05e-08
3730.0,0.8317434031182653,0.0,0.392203881,0.0,0.0,0.0,0.8317434031182653,0.0,0.0,0.0,0.0,0.0,0.0,0.0,0.0,0.0,0.6793857555075298,0.0,1.05e-08
3731.0,0.8728873136983446,1.25e-05,0.315902711,0.0,0.0,2.4535438696947894e-05,0.8728627782596478,0.0,0.0,0.0,0.0,0.0,0.0,0.0,0.0,3.3881317890172014e-21,0.3442842746045175,0.0,1.05e-08
3732.0,0.9142367939367816,0.145997925,0.194050385,0.0,0.0,0.2865698510975277,0.627666942839254,0.0,0.0,0.0,0.0,0.0,0.0,0.0,0.0,0.0,0.11999316258449022,0.0,1.05e-08
3733.0,0.9604278678996674,0.513551849,0.122615397,0.0,0.0,0.9604278678996674,0.0,0.0,0.0,0.0,0.0,0.0,0.0,0.0,0.0,0.04758972480783186,0.47242699697603924,0.0,1e-08
3734.0,1.0073791213283556,0.693820092,0.118581666,0.0,0.0,1.0073791213283556,0.0,0.0,0.0,0.0,0.0,0.0,0.0,0.0,0.0,0.35447530538978445,0.45688536460715207,0.0,1e-08
3735.0,1.0520519777102444,0.793144996,0.123804036,0.0,0.0,1.0520519777102444,0.0,0.0,0.0,0.0,0.0,0.0,0.0,0.0,0.0,0.5047608564616743,0.47700672486501394,0.0,1e-08
3736.0,1.0912622486913952,0.833923989,0.114721394,0.0,0.0,1.0912622486913952,0.0,0.0,0.0,0.0,0.0,0.0,0.0,0.0,0.0,0.5455930241105047,0.4420120554380704,0.0,1e-08
3737.0,1.1290014118049225,0.843423547,0.112475532,0.0,0.0,1.1290014118049225,0.0,0.0,0.0,0.0,0.0,0.0,0.0,0.0,0.0,0.5264999268335455,0.4333589346535526,0.0,1e-08
3738.0,1.1615906267064644,0.838090825,0.115058438,0.0,0.0,1.1615906267064644,0.0,0.0,0.0,0.0,0.0,0.0,0.0,0.0,0.0,0.4834434580344944,0.4433106581312443,0.0,1e-08
3739.0,1.1862739751636608,0.829331724,0.119386038,0.0,0.0,1.1862739751636608,0.0,0.0,0.0,0.0,0.0,0.0,0.0,0.0,0.0,0.44156743872722815,0.4599845434844313,0.0,1e-08
3740.0,1.206267765789569,0.825039702,0.123149728,0.0,0.0,1.206267765789569,0.0,0.0,0.0,0.0,0.0,0.0,0.0,0.0,0.0,0.4131491166879637,0.4744857301848972,0.0,1e-08
3741.0,1.218674751211708,0.81430061,0.126774976,0.0,0.0,1.218674751211708,0.0,0.0,0.0,0.0,0.0,0.0,0.0,0.0,0.0,0.3796630645916741,0.4884535112942582,0.0,1e-08
3742.0,1.21304942316477,0.785654302,0.133162619,0.0,0.0,1.21304942316477,0.0,0.0,0.0,0.0,0.0,0.0,0.0,0.0,0.0,0.32906041393238095,0.5130645721730565,0.0,1e-08
3743.0,1.1934239448434196,0.709203925,0.153154451,0.0,0.0,1.2518129211162616,0.0,0.0,0.058388976272841994,0.0,0.0,0.0,0.0,0.0,0.0,0.1402374329215248,0.5900914496035432,0.0,1e-08
3744.0,1.1664493512357763,0.559056512,0.226216131,0.0,0.0,1.097335742264441,0.06911360897133532,0.0,0.0,0.0,0.0525500786455578,0.0,0.0,0.0,0.0,2.220446049250313e-16,0.8024784589960202,0.0,1.05e-08
3745.0,1.1363312549357443,0.299541265,0.411147384,0.0,0.0,0.5879501075690979,0.5483811473666464,0.0,0.0,0.0,0.05254936282415151,0.0,0.0,0.0,0.0,0.0,1.0357357636414748,0.0,1.05e-08
3746.0,1.0843756651364074,0.039708049,0.527781852,0.0,0.0,0.07794035216119226,1.006435312975215,0.0,0.0,0.0,0.05254864701249593,0.0,0.0,0.0,0.0,0.0,1.0270645695787877,0.0,1.05e-08
3747.0,1.0136575613107015,2.1e-06,0.551930869,0.0,0.0,4.121953701087245e-06,1.0136534393570005,0.0,0.0,0.0,0.052547931210590926,0.0,0.0,0.0,0.0,8.470329472543003e-22,1.112890611061445,0.0,1.05e-08
3748.0,0.9462457028235841,0.0,0.531571172,0.0,0.0,0.0,0.9462457028235841,0.0,0.0,0.0,0.052547215418436356,0.0,0.0,0.0,0.0,0.0,1.1018541167039233,0.0,1.05e-08
3749.0,0.8868596264148542,0.0,0.501861946,0.0,0.0,0.0,0.8868596264148542,0.0,0.0,0.0,0.05254649963603209,0.0,0.0,0.0,0.0,0.0,1.046772999227839,0.0,1.05e-08
3750.0,0.8400646915805422,0.0,0.471401508,0.0,0.0,0.0,0.8400646915805422,0.0,0.0,0.0,0.052545783863378,0.0,0.0,0.0,0.0,0.0,0.9762063823892003,0.0,1.05e-08
3751.0,0.809974432838413,0.0,0.442958444,0.0,0.0,0.0,0.809974432838413,0.0,0.0,0.0,0.05254506810047395,0.0,0.0,0.0,0.0,0.0,0.8967078648513221,0.0,1.05e-08
3752.0,0.797565306065666,0.0,0.415373406,0.0,0.0,0.0,0.797565306065666,0.0,0.0,0.0,0.0525443523473198,0.0,0.0,0.0,0.0,0.0,0.802834118651681,0.0,1.05e-08
3753.0,0.8051671007236905,0.0,0.374120426,0.0,0.0,0.0,0.8051671007236905,0.0,0.0,0.0,0.052543636603915436,0.0,0.0,0.0,0.0,0.0,0.636287999426387,0.0,1.05e-08
3754.0,0.8348355133960647,0.0,0.330032044,0.0,0.0,0.0,0.8348355133960647,0.0,0.0,0.0,0.05254292087026071,0.0,0.0,0.0,0.0,0.0,0.4367506924764658,0.0,1.05e-08
3755.0,0.8745618498737178,9.93e-06,0.260425368,0.0,0.0,1.949095250085541e-05,0.8745423589212169,0.0,0.0,0.0,0.05254220514635549,0.0,0.0,0.0,0.0,0.0,0.12885507362650706,0.0,1.05e-08
3756.0,0.918074094226128,0.126885551,0.160002887,0.0,0.0,0.24905541264711648,0.6164779078512184,0.0,0.0,0.05254077372779306,0.052541489432199655,0.0,0.0,0.0,0.0,0.0,0.0,0.0,1.1113078877625157e-08
3757.0,0.9644536070425085,0.44212673,0.129163018,0.0,0.0,0.8678218624157626,0.09663174462674586,0.0,0.0,0.0,0.0,0.0,0.0,0.0,0.0,1.1102230246251565e-16,0.40102269524838746,0.0,1.05e-08
3758.0,1.0121500504827439,0.630861638,0.141447104,0.0,0.0,1.0121500504827439,0.0,0.0,0.0,0.0,0.0,0.0,0.0,0.0,0.0,0.22612731314966683,0.5449840086043802,0.0,1e-08
3759.0,1.0585809557137138,0.743367351,0.144853586,0.0,0.0,1.0585809557137138,0.0,0.0,0.0,0.0,0.0,0.0,0.0,0.0,0.0,0.40052656986812996,0.5581089023851584,0.0,1e-08
3760.0,1.1009261639848216,0.802816743,0.139198909,0.0,0.0,1.1009261639848216,0.0,0.0,0.0,0.0,0.0,0.0,0.0,0.0,0.0,0.4748707146359683,0.5363218989635614,0.0,1e-08
3761.0,1.1386481962934858,0.817449685,0.138436108,0.0,0.0,1.1386481962934858,0.0,0.0,0.0,0.0,0.0,0.0,0.0,0.0,0.0,0.46587073443906357,0.5333828897156419,0.0,1e-08
3762.0,1.1733188039859008,0.812916708,0.145132286,0.0,0.0,1.1733188039859008,0.0,0.0,0.0,0.0,0.0,0.0,0.0,0.0,0.0,0.42230264040279475,0.5591827104653722,0.0,1e-08
3763.0,1.201389769104786,0.801649625,0.155770773,0.0,0.0,1.201389769104786,0.0,0.0,0.0,0.0,0.0,0.0,0.0,0.0,0.0,0.37211624934471565,0.6001719221691734,0.0,1e-08
3764.0,1.223225121253483,0.792245267,0.166860867,0.0,0.0,1.2232251212534833,0.0,0.0,0.0,0.0,0.0,0.0,0.0,0.0,0.0,0.331821693260566,0.6429011383425874,0.0,1e-08
3765.0,1.2348355242494855,0.772838165,0.177455693,0.0,0.0,1.2348355242494855,0.0,0.0,0.0,0.0,0.0,0.0,0.0,0.0,0.0,0.2821183493520507,0.6837221278196567,0.0,1e-08
3766.0,1.2309618209998048,0.73075072,0.191116151,0.0,0.0,1.2607323337619574,0.0,0.0,0.02977051276215264,0.0,0.0,0.0,0.0,0.0,0.0,0.17361082570288544,0.7363547441806942,0.0,1e-08
3767.0,1.21102584684031,0.63553336,0.21547069,0.0,0.0,1.2474471835316254,0.0,0.0,0.03642133669131568,0.0,0.026793461485937375,0.0,0.0,0.0,0.0,0.0,0.8301907713356348,0.0,1.0000136218855531e-08
3768.0,1.1833039218705115,0.471728077,0.266597322,0.0,0.0,0.9259244251890093,0.2573794966815022,0.0,0.0,0.0,0.059572299535627156,0.0,0.0,0.0,0.0,0.0,0.7697979648432864,0.0,1.05e-08
3769.0,1.152793958409235,0.260604185,0.373807523,0.0,0.0,0.5115230404188454,0.6412709179903896,0.0,0.0,0.0,0.059571488059634574,0.0,0.0,0.0,0.0,0.0,0.7989785927455394,0.0,1.05e-08
3770.0,1.1004807630583797,0.034826776,0.47444717,0.0,0.0,0.06835921820482689,1.0321215448535528,0.0,0.0,0.0,0.05957067659469568,0.0,0.0,0.0,0.0,0.0,0.7958842132396202,0.0,1.05e-08
3771.0,1.0292380283337397,1.57e-06,0.506473637,0.0,0.0,3.0816511003366555e-06,1.0292349466826394,0.0,0.0,0.0,0.05956986514081031,0.0,0.0,0.0,0.0,0.0,0.9221661434711739,0.0,1.05e-08
3772.0,0.9648647463592241,0.0,0.509615697,0.0,0.0,0.0,0.9648647463592241,0.0,0.0,0.0,0.059569053697978325,0.0,0.0,0.0,0.0,0.0,0.9986424414498332,0.0,1.05e-08
3773.0,0.8935556297657394,0.0,0.493987967,0.0,0.0,0.0,0.8935556297657394,0.0,0.0,0.0,0.05956824226619957,0.0,0.0,0.0,0.0,0.0,1.009739205157062,0.0,1.05e-08
3774.0,0.8469405683824905,0.0,0.46599873,0.0,0.0,0.0,0.8469405683824907,0.0,0.0,0.0,0.05956743084547389,0.0,0.0,0.0,0.0,0.0,0.948514048206551,0.0,1.05e-08
3775.0,0.8176104891061636,0.0,0.433658535,0.0,0.0,0.0,0.8176104891061636,0.0,0.0,0.0,0.059566619435801146,0.0,0.0,0.0,0.0,0.0,0.853240027351232,0.0,1.05e-08
3776.0,0.8039936405905644,0.0,0.397579081,0.0,0.0,0.0,0.8039936405905644,0.0,0.0,0.0,0.05956580803718118,0.0,0.0,0.0,0.0,0.0,0.727845719659792,0.0,1.05e-08
3777.0,0.8109894330265548,0.0,0.352940641,0.0,0.0,0.0,0.8109894330265548,0.0,0.0,0.0,0.059564996649613844,0.0,0.0,0.0,0.0,0.0,0.5488617049053996,0.0,1.05e-08
3778.0,0.8411524976893525,0.0,0.316929566,0.0,0.0,0.0,0.8411524976893525,0.0,0.0,0.0,0.059564185273098987,0.0,0.0,0.0,0.0,0.0,0.3799509426746617,0.0,1.05e-08
3779.0,0.8819987605349344,1.64e-06,0.25702072,0.0,0.0,3.2190495570395637e-06,0.8819955414853774,0.0,0.0,0.0,0.059563373907636455,0.0,0.0,0.0,0.0,0.0,0.10828406353208564,0.0,1.05e-08
3780.0,0.9290913431037436,0.11205322,0.168596295,0.0,0.0,0.21994199280844925,0.6495875990854266,0.0,0.0,0.059561751209867765,0.059562562553226096,0.0,0.0,0.0,0.0,0.0,0.0,0.0,1.1113230258713772e-08
3781.0,0.9799205824833283,0.460156974,0.144587779,0.0,0.0,0.9032122581240036,0.07670832435932458,0.0,0.0,0.0,0.0,0.0,0.0,0.0,0.0,1.1102230246251565e-16,0.4803764456096968,0.0,1.05e-08
3782.0,1.0352744956973934,0.657604503,0.160036902,0.0,0.0,1.0352744956973934,0.0,0.0,0.0,0.0,0.0,0.0,0.0,0.0,0.0,0.25549470191807755,0.6166089648366812,0.0,1e-08
3783.0,1.0865041676406542,0.766975257,0.150768755,0.0,0.0,1.0865041676406542,0.0,0.0,0.0,0.0,0.0,0.0,0.0,0.0,0.0,0.4189417843752945,0.5808995599668956,0.0,1e-08
3784.0,1.136763807758539,0.822036196,0.135427645,0.0,0.0,1.136763807758539,0.0,0.0,0.0,0.0,0.0,0.0,0.0,0.0,0.0,0.47675768773188065,0.5217915302666852,0.0,1e-08
3785.0,1.1792332143649047,0.83549788,0.128550197,0.0,0.0,1.1792332143649047,0.0,0.0,0.0,0.0,0.0,0.0,0.0,0.0,0.0,0.46071134692868965,0.49529329117931453,0.0,1e-08
3786.0,1.215597630388164,0.833830369,0.134985904,0.0,0.0,1.2155976303881637,0.0,0.0,0.0,0.0,0.0,0.0,0.0,0.0,0.0,0.4210738817920716,0.5200895386801702,0.0,1e-08
3787.0,1.2452639017099303,0.825671683,0.146691795,0.0,0.0,1.24526390170993,0.0,0.0,0.0,0.0,0.0,0.0,0.0,0.0,0.0,0.3753934552542537,0.5651913698315945,0.0,1e-08
3788.0,1.2673133889194168,0.821845584,0.153308281,0.0,0.0,1.2673133889194168,0.0,0.0,0.0,0.0,0.0,0.0,0.0,0.0,0.0,0.34583396664773036,0.5906841438876455,0.0,1e-08
3789.0,1.2763327576798673,0.810462686,0.16070761,0.0,0.0,1.2763327576798675,0.0,0.0,0.0,0.0,0.0,0.0,0.0,0.0,0.0,0.31447184620147106,0.6191931473622069,0.0,1e-08
3790.0,1.2648765319276332,0.778357307,0.173997234,0.0,0.0,1.2648765319276332,0.0,0.0,0.0,0.0,0.0,0.0,0.0,0.0,0.0,0.2629105072899631,0.6703969709510234,0.0,1e-08
3791.0,1.2373580352655849,0.695985209,0.200712559,0.0,0.0,1.3347358109676295,0.0,0.0,0.09737777570204444,0.0,0.0,0.0,0.0,0.0,0.0,0.031368383384527965,0.7733289115701033,0.0,1e-08
3792.0,1.2032870057433802,0.568584927,0.259412343,0.0,0.0,1.1160384496333675,0.0872485561100127,0.0,0.0,0.0,0.08763999813184,0.0,0.0,0.0,0.0,0.0,0.9122457747855456,0.0,1.05e-08
3793.0,1.1746999751279927,0.330637922,0.364023317,0.0,0.0,0.6489877172893791,0.5257122578386135,0.0,0.0,0.0,0.08763880432607746,0.0,0.0,0.0,0.0,0.0,0.8768395153254596,0.0,1.05e-08
3794.0,1.1201747645991826,0.056775585,0.453848116,0.0,0.0,0.11144111082006836,1.0087336537791143,0.0,0.0,0.0,0.08763761053657657,0.0,0.0,0.0,0.0,0.0,0.7399056506722925,0.0,1.05e-08
3795.0,1.0458099406882329,2.13e-06,0.465707242,0.0,0.0,4.180838753959921e-06,1.045805759849479,0.0,0.0,0.0,0.08763641676333712,0.0,0.0,0.0,0.0,0.0,0.7485257775515994,0.0,1.05e-08
3796.0,0.9712074268598068,0.0,0.44702875,0.0,0.0,0.0,0.9712074268598068,0.0,0.0,0.0,0.0876352230063589,0.0,0.0,0.0,0.0,0.0,0.7511574236528298,0.0,1.05e-08
3797.0,0.9067484908609755,0.0,0.414694351,0.0,0.0,0.0,0.9067484908609755,0.0,0.0,0.0,0.08763402926564168,0.0,0.0,0.0,0.0,0.0,0.691034591029283,0.0,1.05e-08
3798.0,0.8597201488104032,0.0,0.382625027,0.0,0.0,0.0,0.8597201488104032,0.0,0.0,0.0,0.08763283554118523,0.0,0.0,0.0,0.0,0.0,0.6145024765380751,0.0,1.05e-08
3799.0,0.8273921786830244,0.0,0.348880155,0.0,0.0,0.0,0.8273921786830244,0.0,0.0,0.0,0.08763164183298934,0.0,0.0,0.0,0.0,0.0,0.5168142420749259,0.0,1.05e-08
3800.0,0.8108502452370416,0.0,0.319036831,0.0,0.0,0.0,0.8108502452370416,0.0,0.0,0.0,0.0876304481410538,0.0,0.0,0.0,0.0,0.0,0.418372313118188,0.0,1.05e-08
3801.0,0.8176254785604189,0.0,0.28890332,0.0,0.0,0.0,0.8176254785604189,0.0,0.0,0.0,0.08762925446537834,0.0,0.0,0.0,0.0,0.0,0.29549515084966815,0.0,1.05e-08
3802.0,0.8459041546882697,0.0,0.267698943,0.0,0.0,0.0,0.8459041546882697,0.0,0.0,0.0,0.0876280608059628,0.0,0.0,0.0,0.0,0.0,0.18551776155891986,0.0,1.05e-08
3803.0,0.8862600482446439,1.1e-05,0.224406849,0.0,0.0,2.1591186053314147e-05,0.864621053862636,0.0,0.0,0.02161740319595462,0.08762686716280692,0.0,0.0,0.0,0.0,0.0,0.0,0.0,1.111292749859861e-08
3804.0,0.9350207429370027,0.14341973,0.152482919,0.0,0.0,0.2815092794678255,0.5875040922740774,0.0,0.0,0.06600737119509979,0.06600827033995588,0.0,0.0,0.0,0.0,0.0,0.0,0.0,1.1113078877625157e-08
3805.0,0.9919464074972622,0.528502005,0.143800446,0.0,0.0,0.9919464074972623,0.0,0.0,0.0,0.0,0.0,0.0,0.0,0.0,0.0,0.045415876094061614,0.5540512409513717,0.0,1e-08
3806.0,1.0559749320239067,0.699350562,0.155493472,0.0,0.0,1.0559749320239067,0.0,0.0,0.0,0.0,0.0,0.0,0.0,0.0,0.0,0.31673489530625787,0.5991035043204064,0.0,1e-08
3807.0,1.1167742998338466,0.799664595,0.149322132,0.0,0.0,1.1167742998338466,0.0,0.0,0.0,0.0,0.0,0.0,0.0,0.0,0.0,0.45283543206552657,0.5753258410346274,0.0,1e-08
3808.0,1.1705607444029331,0.840750711,0.138097955,0.0,0.0,1.1705607444029331,0.0,0.0,0.0,0.0,0.0,0.0,0.0,0.0,0.0,0.47969425792953535,0.532080014137068,0.0,1e-08
3809.0,1.217419919755482,0.852142354,0.131602488,0.0,0.0,1.217419919755482,0.0,0.0,0.0,0.0,0.0,0.0,0.0,0.0,0.0,0.45519499925570783,0.5070535162922095,0.0,1e-08
3810.0,1.2530948208829993,0.847648655,0.129980163,0.0,0.0,1.2530948208829993,0.0,0.0,0.0,0.0,0.0,0.0,0.0,0.0,0.0,0.41069970802122757,0.5008028320664011,0.0,1e-08
3811.0,1.2744440864437045,0.840460567,0.132375856,0.0,0.0,1.2744440864437045,0.0,0.0,0.0,0.0,0.0,0.0,0.0,0.0,0.0,0.3752414110627411,0.5100332393183263,0.0,1e-08
3812.0,1.2864163776924409,0.838703683,0.137562434,0.0,0.0,1.2864163776924409,0.0,0.0,0.0,0.0,0.0,0.0,0.0,0.0,0.0,0.3598206462396327,0.5300166959565005,0.0,1e-08
3813.0,1.2893179077661376,0.831457681,0.143759799,0.0,0.0,1.2893179077661376,0.0,0.0,0.0,0.0,0.0,0.0,0.0,0.0,0.0,0.34269640913641886,0.5538946314176922,0.0,1e-08
3814.0,1.2739858374136153,0.805402163,0.156625021,0.0,0.0,1.2739858374136153,0.0,0.0,0.0,0.0,0.0,0.0,0.0,0.0,0.0,0.3068857943204437,0.6034632691548443,0.0,1e-08
3815.0,1.2431503886599387,0.724813646,0.183204067,0.0,0.0,1.2431503886599387,0.0,0.0,0.0,0.0,0.0,0.0,0.0,0.0,0.0,0.17953927359160482,0.7058701380431618,0.0,1e-08
3816.0,1.2102699500757232,0.578081959,0.245927261,0.0,0.0,1.1346795573484836,0.0755903927272395,0.0,0.0,0.0,0.0,0.0,0.0,0.0,0.0,2.220446049250313e-16,0.8719470310497484,0.0,1.05e-08
3817.0,1.178520144612476,0.337737557,0.355402976,0.0,0.0,0.6629231300344357,0.5155970145780404,0.0,0.0,0.0,0.0,0.0,0.0,0.0,0.0,0.0,0.8537412967274096,0.0,1.05e-08
3818.0,1.1272262321509783,0.054466312,0.444769096,0.0,0.0,0.106908388729987,1.0203178434209912,0.0,0.0,0.0,0.0,0.0,0.0,0.0,0.0,1.3877787807814457e-17,0.6933407468703054,0.0,1.05e-08
3819.0,1.0579128543240508,2.82e-06,0.46481338,0.0,0.0,5.5351949700314445e-06,1.0579073191290809,0.0,0.0,0.0,0.0,0.0,0.0,0.0,0.0,8.470329472543003e-22,0.7329802418163245,0.0,1.05e-08
3820.0,0.9876872611381605,0.0,0.455749609,0.0,0.0,0.0,0.9876872611381605,0.0,0.0,0.0,0.0,0.0,0.0,0.0,0.0,0.0,0.7682783387846132,0.0,1.05e-08
3821.0,0.9235902133920635,0.0,0.437753478,0.0,0.0,0.0,0.9235902133920635,0.0,0.0,0.0,0.0,0.0,0.0,0.0,0.0,0.0,0.7630377802142914,0.0,1.05e-08
3822.0,0.870793072803824,0.0,0.417842122,0.0,0.0,0.0,0.870793072803824,0.0,0.0,0.0,0.0,0.0,0.0,0.0,0.0,0.0,0.7391181107529672,0.0,1.05e-08
3823.0,0.8341866841618727,0.0,0.393199937,0.0,0.0,0.0,0.8341866841618727,0.0,0.0,0.0,0.0,0.0,0.0,0.0,0.0,0.0,0.6807801959606768,0.0,1.05e-08
3824.0,0.8110344013893206,0.0,0.367603362,0.0,0.0,0.0,0.8110344013893206,0.0,0.0,0.0,0.0,0.0,0.0,0.0,0.0,0.0,0.605310989458746,0.0,1.05e-08
3825.0,0.8017216675955887,0.0,0.328847109,0.0,0.0,0.0,0.8017216675955887,0.0,0.0,0.0,0.0,0.0,0.0,0.0,0.0,0.0,0.4652990815940279,0.0,1.05e-08
3826.0,0.8040150540966434,0.0,0.292469824,0.0,0.0,0.0,0.8040150540966434,0.0,0.0,0.0,0.0,0.0,0.0,0.0,0.0,0.0,0.3228470206428832,0.0,1.05e-08
3827.0,0.8216490763526522,1.12e-05,0.245825388,0.0,0.0,2.198375307246531e-05,0.8216270925995797,0.0,0.0,0.0,0.0,0.0,0.0,0.0,0.0,3.3881317890172014e-21,0.12551782292281333,0.0,1.05e-08
3828.0,0.8643690209801415,0.144246887,0.152822266,0.0,0.0,0.2831328522571256,0.5812361687230159,0.0,0.0,0.0,0.0,0.0,0.0,0.0,0.0,0.0,0.007575399513014669,0.0,1.05e-08
3829.0,0.9264531991548179,0.503285858,0.132934676,0.0,0.0,0.9264531991548179,0.0,0.0,0.0,0.0,0.0,0.0,0.0,0.0,0.0,0.06141394612516793,0.5121863266214662,0.0,1e-08
3830.0,0.9948629270252141,0.660863918,0.151361126,0.0,0.0,0.9948629270252141,0.0,0.0,0.0,0.0,0.0,0.0,0.0,0.0,0.0,0.3023039647438899,0.5831819165018232,0.0,1e-08
3831.0,1.0595381394354426,0.739185365,0.156206398,0.0,0.0,1.0595381394354426,0.0,0.0,0.0,0.0,0.0,0.0,0.0,0.0,0.0,0.39136083725564164,0.6018503493128516,0.0,1e-08
3832.0,1.1119776744721637,0.77971899,0.154491233,0.0,0.0,1.1119776744721637,0.0,0.0,0.0,0.0,0.0,0.0,0.0,0.0,0.0,0.4184821239271266,0.5952419602353494,0.0,1e-08
3833.0,1.1509588209382697,0.794322289,0.165672828,0.0,0.0,1.1509588209382697,0.0,0.0,0.0,0.0,0.0,0.0,0.0,0.0,0.0,0.40816484525203656,0.6383237222040545,0.0,1e-08
3834.0,1.1763830767057974,0.794281608,0.190445096,0.0,0.0,1.1763830767057974,0.0,0.0,0.0,0.0,0.0,0.0,0.0,0.0,0.0,0.3826607393899786,0.7337692246928296,0.0,1e-08
3835.0,1.191676602747378,0.788311275,0.219441651,0.0,0.0,1.191676602747378,0.0,0.0,0.0,0.0,0.0,0.0,0.0,0.0,0.0,0.3556484342026487,0.8454905560791363,0.0,1e-08
3836.0,1.2041456873371459,0.780185213,0.247185732,0.0,0.0,1.2041456873371459,0.0,0.0,0.0,0.0,0.0,0.0,0.0,0.0,0.0,0.32722922992899295,0.9523862085940483,0.0,1e-08
3837.0,1.209745319176789,0.758584421,0.273292992,0.0,0.0,1.209745319176789,0.0,0.0,0.0,0.0,0.0,0.0,0.0,0.0,0.0,0.27923080545562806,1.052975324992478,0.0,1e-08
3838.0,1.199914378535947,0.716422815,0.302461312,0.0,0.0,1.199914378535947,0.0,0.0,0.0,0.0,0.0,0.0,0.0,0.0,0.0,0.20630546614624046,1.1653584527365095,0.0,1e-08
3839.0,1.1765972117665868,0.633726001,0.344320714,0.0,0.0,1.1765972117665868,0.0,0.0,0.0,0.0,0.0,0.0,0.0,0.0,0.0,0.06730242408920839,1.3266392711811363,0.0,1e-08
3840.0,1.1463420690276498,0.491501256,0.413897899,0.0,0.0,0.9647359148848714,0.18160615414277845,0.0,0.0,0.0,0.0,0.0,0.0,0.0,0.0,1.1102230246251565e-16,1.4131082639760326,0.0,1.05e-08
3841.0,1.1192304289811013,0.288387295,0.530989059,0.0,0.0,0.5660567037960902,0.5531737251850111,0.0,0.0,0.0,0.0,0.0,0.0,0.0,0.0,0.0,1.4926832610342886,0.0,1.05e-08
3842.0,1.0749023300470835,0.039132097,0.61689653,0.0,0.0,0.0768098533621215,0.998092476684962,0.0,0.0,0.0,0.0,0.0,0.0,0.0,0.0,-1.3877787807814457e-17,1.3787588995972442,0.0,1.05e-08
3843.0,1.0158588697356166,2.44e-06,0.627224247,0.0,0.0,4.789317633644229e-06,1.015854080417983,0.0,0.0,0.0,0.0,0.0,0.0,0.0,0.0,0.0,1.4007891364266967,0.0,1.05e-08
3844.0,0.9547404406851003,0.0,0.610730243,0.0,0.0,0.0,0.9547404406851003,0.0,0.0,0.0,0.0,0.0,0.0,0.0,0.0,0.0,1.3983527411029641,0.0,1.05e-08
3845.0,0.899230208876659,0.0,0.590507363,0.0,0.0,0.0,0.899230208876659,0.0,0.0,0.0,0.0,0.0,0.0,0.0,0.0,0.0,1.3759458866207923,0.0,1.05e-08
3846.0,0.8527928795938654,0.0,0.57190197,0.0,0.0,0.0,0.8527928795938654,0.0,0.0,0.0,0.0,0.0,0.0,0.0,0.0,0.0,1.3506981734243855,0.0,1.05e-08
3847.0,0.8199188650614736,0.0,0.554970937,0.0,0.0,0.0,0.8199188650614736,0.0,0.0,0.0,0.0,0.0,0.0,0.0,0.0,0.0,1.31833831626045,0.0,1.05e-08
3848.0,0.7981199158731106,0.0,0.543845832,0.0,0.0,0.0,0.7981199158731106,0.0,0.0,0.0,0.0,0.0,0.0,0.0,0.0,0.0,1.297273154784203,0.0,1.05e-08
3849.0,0.7870876775412398,0.0,0.521684902,0.0,0.0,0.0,0.7870876775412398,0.0,0.0,0.0,0.0,0.0,0.0,0.0,0.0,0.0,1.2229211602525925,0.0,1.05e-08
3850.0,0.7823916956581277,0.0,0.497878584,0.0,0.0,0.0,0.7823916956581277,0.0,0.0,0.0,0.0,0.0,0.0,0.0,0.0,0.0,1.1358933652123495,0.0,1.05e-08
3851.0,0.7964282488928742,6.24e-06,0.439047122,0.0,0.0,1.224809099751639e-05,0.7964160008018767,0.0,0.0,0.0,0.0,0.0,0.0,0.0,0.0,0.0,0.895196296285354,0.0,1.05e-08
3852.0,0.8336599119123307,0.111807317,0.373254656,0.0,0.0,0.2194593257698976,0.6142005861424331,0.0,0.0,0.0,0.0,0.0,0.0,0.0,0.0,2.7755575615628914e-17,0.8239187737076563,0.0,1.05e-08
3853.0,0.8895812830374877,0.459238841,0.402965415,0.0,0.0,0.8895812830374878,0.0,0.0,0.0,0.0,0.0,0.0,0.0,0.0,0.0,0.011828831411544338,1.5525924602572823,0.0,1e-08
3854.0,0.9494513046836017,0.648795805,0.453800397,0.0,0.0,0.9494513046836017,0.0,0.0,0.0,0.0,0.0,0.0,0.0,0.0,0.0,0.324027871349555,1.7484554470858535,0.0,1e-08
3855.0,1.0046446166020748,0.745059621,0.460424463,0.0,0.0,1.0046446166020748,0.0,0.0,0.0,0.0,0.0,0.0,0.0,0.0,0.0,0.45778455592726375,1.7739774262558192,0.0,1e-08
3856.0,1.0518078637409445,0.803815992,0.450277763,0.0,0.0,1.0518078637409445,0.0,0.0,0.0,0.0,0.0,0.0,0.0,0.0,0.0,0.5259503758864443,1.734883029242883,0.0,1e-08
3857.0,1.0891958453547772,0.827077252,0.44183458,0.0,0.0,1.0891958453547772,0.0,0.0,0.0,0.0,0.0,0.0,0.0,0.0,0.0,0.534220411772113,1.702352142525539,0.0,1e-08
3858.0,1.1173974328607439,0.83188495,0.441775127,0.0,0.0,1.1173974328607439,0.0,0.0,0.0,0.0,0.0,0.0,0.0,0.0,0.0,0.5154555426303411,1.702123075027179,0.0,1e-08
3859.0,1.136179219042584,0.825314829,0.450016225,0.0,0.0,1.136179219042584,0.0,0.0,0.0,0.0,0.0,0.0,0.0,0.0,0.0,0.48377769236633883,1.7338753449311393,0.0,1e-08
3860.0,1.1510851606241355,0.819375784,0.462877471,0.0,0.0,1.1510851606241355,0.0,0.0,0.0,0.0,0.0,0.0,0.0,0.0,0.0,0.4572143848235142,1.783428663468697,0.0,1e-08
3861.0,1.1654065134897318,0.806618817,0.478453512,0.0,0.0,1.1654065134897318,0.0,0.0,0.0,0.0,0.0,0.0,0.0,0.0,0.0,0.417853209414919,1.8434418629073097,0.0,1e-08
3862.0,1.165237346791708,0.780009755,0.496123779,0.0,0.0,1.165237346791708,0.0,0.0,0.0,0.0,0.0,0.0,0.0,0.0,0.0,0.36579317535419964,1.91152394214712,0.0,1e-08
3863.0,1.1503999284296094,0.696742524,0.519789681,0.0,0.0,1.1503999284296094,0.0,0.0,0.0,0.0,0.0,0.0,0.0,0.0,0.0,0.21719075038309055,2.002706707820417,0.0,1e-08
3864.0,1.1313825936809008,0.592632887,0.560751827,0.0,0.0,1.1313825936809008,0.0,0.0,0.0,0.0,0.0,0.0,0.0,0.0,0.0,0.03185803582179925,2.1605304730077046,0.0,1e-08
3865.0,1.1115344148963295,0.346126494,0.63596846,0.0,0.0,0.6793892299941202,0.4321451849022094,0.0,0.0,0.0,0.0,0.0,0.0,0.0,0.0,1.1102230246251565e-16,2.0181887623856367,0.0,1.05e-08
3866.0,1.068356221238751,0.046843086,0.679862398,0.0,0.0,0.09194525319430866,0.9764109680444424,0.0,0.0,0.0,0.0,0.0,0.0,0.0,0.0,0.0,1.6430426968494438,0.0,1.05e-08
3867.0,1.0071050284505452,3.12e-06,0.676731735,0.0,0.0,6.124045498758195e-06,1.0070989044050465,0.0,0.0,0.0,0.0,0.0,0.0,0.0,0.0,0.0,1.600292574533237,0.0,1.05e-08
3868.0,0.9454491203974474,0.0,0.656215278,0.0,0.0,0.0,0.9454491203974474,0.0,0.0,0.0,0.0,0.0,0.0,0.0,0.0,0.0,1.5828941443178048,0.0,1.05e-08
3869.0,0.8919731716665056,0.0,0.634004243,0.0,0.0,0.0,0.8919731716665056,0.0,0.0,0.0,0.0,0.0,0.0,0.0,0.0,0.0,1.5507928097587884,0.0,1.05e-08
3870.0,0.8502403896692555,0.0,0.606991002,0.0,0.0,0.0,0.8502403896692555,0.0,0.0,0.0,0.0,0.0,0.0,0.0,0.0,0.0,1.488445805395929,0.0,1.05e-08
3871.0,0.8239767244634332,0.0,0.579431705,0.0,0.0,0.0,0.8239767244634332,0.0,0.0,0.0,0.0,0.0,0.0,0.0,0.0,0.0,1.4085257755762335,0.0,1.05e-08
3872.0,0.8125954459824755,0.0,0.550111578,0.0,0.0,0.0,0.8125954459824755,0.0,0.0,0.0,0.0,0.0,0.0,0.0,0.0,0.0,1.306939026480964,0.0,1.05e-08
3873.0,0.8222358064192151,0.0,0.521750497,0.0,0.0,0.0,0.8222358064192151,0.0,0.0,0.0,0.0,0.0,0.0,0.0,0.0,0.0,1.1880257634916664,0.0,1.05e-08
3874.0,0.8573989247514459,0.0,0.490581685,0.0,0.0,0.0,0.8573989247514457,0.0,0.0,0.0,0.0,0.0,0.0,0.0,0.0,0.0,1.0327717869740582,0.0,1.05e-08
3875.0,0.9048298407163023,1.42e-05,0.436234326,0.0,0.0,2.7872258359732808e-05,0.9048019684579426,0.0,0.0,0.0,0.0,0.0,0.0,0.0,0.0,0.0,0.7759728579698225,0.0,1.05e-08
3876.0,0.9539652717650426,0.161444001,0.374609886,0.0,0.0,0.31688795116203955,0.637077320603003,0.0,0.0,0.0,0.0,0.0,0.0,0.0,0.0,5.551115123125783e-17,0.8062636284991428,0.0,1.05e-08
3877.0,1.0067367161459873,0.563892125,0.405379616,0.0,0.0,1.0067367161459873,0.0,0.0,0.0,0.0,0.0,0.0,0.0,0.0,0.0,0.100090537024347,1.5618941773045023,0.0,1e-08
3878.0,1.0582511877200982,0.722014197,0.427899413,0.0,0.0,1.0582511877200982,0.0,0.0,0.0,0.0,0.0,0.0,0.0,0.0,0.0,0.3589436177854668,1.6486610950776432,0.0,1e-08
3879.0,1.1043887279177866,0.812661841,0.4202561,0.0,0.0,1.1043887279177866,0.0,0.0,0.0,0.0,0.0,0.0,0.0,0.0,0.0,0.49073245457855874,1.6192120414034303,0.0,1e-08
3880.0,1.1437339039872345,0.855074031,0.399239202,0.0,0.0,1.1437339039872345,0.0,0.0,0.0,0.0,0.0,0.0,0.0,0.0,0.0,0.5346354135289755,1.5382356693423285,0.0,1e-08
3881.0,1.1789205771761522,0.868471006,0.377881269,0.0,0.0,1.1789205771761522,0.0,0.0,0.0,0.0,0.0,0.0,0.0,0.0,0.0,0.5257447930470214,1.4559453175946973,0.0,1e-08
3882.0,1.2049165735559877,0.862532882,0.359889248,0.0,0.0,1.2049165735559877,0.0,0.0,0.0,0.0,0.0,0.0,0.0,0.0,0.0,0.4880932384770358,1.3866235467688046,0.0,1e-08
3883.0,1.2225120515010544,0.853725634,0.343882213,0.0,0.0,1.2225120515010544,0.0,0.0,0.0,0.0,0.0,0.0,0.0,0.0,0.0,0.4532105850605437,1.3249497630470068,0.0,1e-08
3884.0,1.2340239523690937,0.851438878,0.33015016,0.0,0.0,1.2340239523690937,0.0,0.0,0.0,0.0,0.0,0.0,0.0,0.0,0.0,0.43721015926027396,1.2720412970645023,0.0,1e-08
3885.0,1.2378655353596557,0.845236461,0.318615449,0.0,0.0,1.2378655353596557,0.0,0.0,0.0,0.0,0.0,0.0,0.0,0.0,0.0,0.4211942545035996,1.2275990083141222,0.0,1e-08
3886.0,1.2304821584636365,0.819344416,0.307520196,0.0,0.0,1.2304821584636365,0.0,0.0,0.0,0.0,0.0,0.0,0.0,0.0,0.0,0.3777558167727293,1.1848499149398262,0.0,1e-08
3887.0,1.2129359315825514,0.739833347,0.305211628,0.0,0.0,1.2129359315825514,0.0,0.0,0.0,0.0,0.0,0.0,0.0,0.0,0.0,0.23923492691955106,1.1759551931166363,0.0,1e-08
3888.0,1.1900920032975362,0.599030126,0.341553464,0.0,0.0,1.175797354727838,0.014294648569698242,0.0,0.0,0.0,0.0,0.0,0.0,0.0,0.0,0.0,1.301682636928009,0.0,1.05e-08
3889.0,1.1644364816643558,0.343976317,0.439912847,0.0,0.0,0.6751687871164332,0.48926769454792246,0.0,0.0,0.0,0.0,0.0,0.0,0.0,0.0,0.0,1.2056801694580133,0.0,1.05e-08
3890.0,1.1156586561671338,0.047061032,0.530949635,0.0,0.0,0.09237304525208825,1.0232856109150454,0.0,0.0,0.0,0.0,0.0,0.0,0.0,0.0,0.0,1.0224194778885585,0.0,1.05e-08
3891.0,1.0448270607592094,3.38e-06,0.543887924,0.0,0.0,6.6343826236547104e-06,1.0448204263765857,0.0,0.0,0.0,0.0,0.0,0.0,0.0,0.0,0.0,1.0507348212800545,0.0,1.05e-08
3892.0,0.9752395900544716,0.0,0.514776877,0.0,0.0,0.0,0.9752395900544716,0.0,0.0,0.0,0.0,0.0,0.0,0.0,0.0,0.0,1.0081531979965583,0.0,1.05e-08
3893.0,0.9117699580364874,0.0,0.471151435,0.0,0.0,0.0,0.9117699580364874,0.0,0.0,0.0,0.0,0.0,0.0,0.0,0.0,0.0,0.9035376053195366,0.0,1.05e-08
3894.0,0.8652448333787701,0.0,0.428896716,0.0,0.0,0.0,0.8652448333787701,0.0,0.0,0.0,0.0,0.0,0.0,0.0,0.0,0.0,0.787258787783629,0.0,1.05e-08
3895.0,0.8361781402272143,0.0,0.394689284,0.0,0.0,0.0,0.8361781402272143,0.0,0.0,0.0,0.0,0.0,0.0,0.0,0.0,0.0,0.6845270708707286,0.0,1.05e-08
3896.0,0.820861059328947,0.0,0.362362964,0.0,0.0,0.0,0.820861059328947,0.0,0.0,0.0,0.0,0.0,0.0,0.0,0.0,0.0,0.5752935108663165,0.0,1.05e-08
3897.0,0.8261309231749747,0.0,0.328574173,0.0,0.0,0.0,0.8261309231749747,0.0,0.0,0.0,0.0,0.0,0.0,0.0,0.0,0.0,0.43983822615033885,0.0,1.05e-08
3898.0,0.8584653173541771,0.0,0.300956457,0.0,0.0,0.0,0.8584653173541771,0.0,0.0,0.0,0.0,0.0,0.0,0.0,0.0,0.0,0.30109505336385356,0.0,1.05e-08
3899.0,0.900463626826806,1.65e-05,0.24972459,0.0,0.0,3.238677907997122e-05,0.9004312400477261,0.0,0.0,0.0,0.0,0.0,0.0,0.0,0.0,0.0,0.061736978718246904,0.0,1.05e-08
3900.0,0.9431814301036875,0.160685362,0.182970859,0.0,0.0,0.31539886790783045,0.627782562195857,0.0,0.0,0.0,0.0,0.0,0.0,0.0,0.0,0.0,0.07718904468558796,0.0,1.05e-08
3901.0,0.9884345925003156,0.551553411,0.191211131,0.0,0.0,0.9884345925003156,0.0,0.0,0.0,0.0,0.0,0.0,0.0,0.0,0.0,0.09417379979432494,0.7367206942756304,0.0,1e-08
3902.0,1.0371717323359877,0.710001096,0.208171439,0.0,0.0,1.0371717323359877,0.0,0.0,0.0,0.0,0.0,0.0,0.0,0.0,0.0,0.35644333691791785,0.8020673601289302,0.0,1e-08
3903.0,1.0817418038886975,0.7990429,0.198282807,0.0,0.0,1.0817418038886975,0.0,0.0,0.0,0.0,0.0,0.0,0.0,0.0,0.0,0.48664764324582,0.7639672778043493,0.0,1e-08
3904.0,1.1227122650695374,0.840554478,0.186436319,0.0,0.0,1.1227122650695374,0.0,0.0,0.0,0.0,0.0,0.0,0.0,0.0,0.0,0.5271575642435857,0.7183237380248166,0.0,1e-08
3905.0,1.1613058270756145,0.845952087,0.185963249,0.0,0.0,1.1613058270756145,0.0,0.0,0.0,0.0,0.0,0.0,0.0,0.0,0.0,0.49915861861587607,0.7165010383889834,0.0,1e-08
3906.0,1.1952655063662085,0.842435086,0.190337012,0.0,0.0,1.1952655063662085,0.0,0.0,0.0,0.0,0.0,0.0,0.0,0.0,0.0,0.45829564633067377,0.7333527859682446,0.0,1e-08
3907.0,1.2218289606571362,0.833748263,0.194568802,0.0,0.0,1.2218289606571362,0.0,0.0,0.0,0.0,0.0,0.0,0.0,0.0,0.0,0.4146813909847271,0.749657523305051,0.0,1e-08
3908.0,1.242737107992615,0.829788258,0.197376296,0.0,0.0,1.242737107992615,0.0,0.0,0.0,0.0,0.0,0.0,0.0,0.0,0.0,0.38600040685587955,0.7604745657964459,0.0,1e-08
3909.0,1.2563475324563906,0.820710995,0.195026709,0.0,0.0,1.2563475324563906,0.0,0.0,0.0,0.0,0.0,0.0,0.0,0.0,0.0,0.3545728120022982,0.7514218011543027,0.0,1e-08
3910.0,1.2533325108004756,0.789280536,0.193474145,0.0,0.0,1.2533325108004756,0.0,0.0,0.0,0.0,0.0,0.0,0.0,0.0,0.0,0.2958950256572985,0.7454399002994442,0.0,1e-08
3911.0,1.2361267586660456,0.706052586,0.201374147,0.0,0.0,1.2361267586660456,0.0,0.0,0.0,0.0,0.0,0.0,0.0,0.0,0.0,0.14973803658391693,0.7758779554889137,0.0,1e-08
3912.0,1.2125697606286017,0.562514825,0.229904703,0.0,0.0,1.1041238403929499,0.10844592023565161,0.0,0.0,0.0,0.0,0.0,0.0,0.0,0.0,0.0,0.777357910982692,0.0,1.05e-08
3913.0,1.1856679729416268,0.323871147,0.331358379,0.0,0.0,0.635705653834296,0.549962319107331,0.0,0.0,0.0,0.0,0.0,0.0,0.0,0.0,1.1102230246251565e-16,0.7267341459688964,0.0,1.05e-08
3914.0,1.134294830507637,0.058175218,0.430761308,0.0,0.0,0.11418835959364637,1.0201064709139906,0.0,0.0,0.0,0.0,0.0,0.0,0.0,0.0,1.3877787807814457e-17,0.6395812692146876,0.0,1.05e-08
3915.0,1.060377548873737,4.06e-06,0.455760952,0.0,0.0,7.969110488768677e-06,1.0603695797632482,0.0,0.0,0.0,0.0,0.0,0.0,0.0,0.0,0.0,0.6956397238016276,0.0,1.05e-08
3916.0,0.989620900737089,0.0,0.463395323,0.0,0.0,0.0,0.989620900737089,0.0,0.0,0.0,0.0,0.0,0.0,0.0,0.0,0.0,0.7958030037145823,0.0,1.05e-08
3917.0,0.932483242466648,0.0,0.467377665,0.0,0.0,0.0,0.932483242466648,0.0,0.0,0.0,0.0,0.0,0.0,0.0,0.0,0.0,0.8682842967814879,0.0,1.05e-08
3918.0,0.8844249107736785,0.0,0.465976815,0.0,0.0,0.0,0.8844249107736785,0.0,0.0,0.0,0.0,0.0,0.0,0.0,0.0,0.0,0.9109452691304766,0.0,1.05e-08
3919.0,0.853467405035352,0.0,0.454969213,0.0,0.0,0.0,0.853467405035352,0.0,0.0,0.0,0.0,0.0,0.0,0.0,0.0,0.0,0.8994913935577965,0.0,1.05e-08
3920.0,0.8384436891703664,0.0,0.438156176,0.0,0.0,0.0,0.8384436891703664,0.0,0.0,0.0,0.0,0.0,0.0,0.0,0.0,0.0,0.8497358665683385,0.0,1.05e-08
3921.0,0.8472660536748905,0.0,0.411650052,0.0,0.0,0.0,0.8472660536748905,0.0,0.0,0.0,0.0,0.0,0.0,0.0,0.0,0.0,0.7387875956183577,0.0,1.05e-08
3922.0,0.8787953000255246,0.0,0.380454389,0.0,0.0,0.0,0.8787953000255246,0.0,0.0,0.0,0.0,0.0,0.0,0.0,0.0,0.0,0.5870640363971587,0.0,1.05e-08
3923.0,0.9231191162583268,1.03e-06,0.305832632,0.0,0.0,2.0217201486285064e-06,0.9231170945381781,0.0,0.0,0.0,0.0,0.0,0.0,0.0,0.0,4.235164736271502e-22,0.2552307756973855,0.0,1.05e-08
3924.0,0.9689954116818521,0.133327122,0.215896725,0.0,0.0,0.26169915427771945,0.7072962574041326,0.0,0.0,0.0,0.0,0.0,0.0,0.0,0.0,0.0,0.1245359915972859,0.0,1.05e-08
3925.0,1.0203385752073313,0.454950956,0.217142597,0.0,0.0,0.8929937032844671,0.12734487192286414,0.0,0.0,0.0,0.0,0.0,0.0,0.0,0.0,0.0,0.7092876189892544,0.0,1.05e-08
3926.0,1.0764976362499645,0.62099324,0.258017657,0.0,0.0,1.0764976362499645,0.0,0.0,0.0,0.0,0.0,0.0,0.0,0.0,0.0,0.14240968944915955,0.9941207209344495,0.0,1e-08
3927.0,1.131035694882422,0.71926312,0.292230384,0.0,0.0,1.131035694882422,0.0,0.0,0.0,0.0,0.0,0.0,0.0,0.0,0.0,0.2807592001364161,1.1259395321965544,0.0,1e-08
3928.0,1.18074286654347,0.766054122,0.288940141,0.0,0.0,1.18074286654347,0.0,0.0,0.0,0.0,0.0,0.0,0.0,0.0,0.0,0.32289504936654945,1.1132624976817824,0.0,1e-08
3929.0,1.231482169197523,0.775837496,0.276869069,0.0,0.0,1.2314821691975228,0.0,0.0,0.0,0.0,0.0,0.0,0.0,0.0,0.0,0.2913588965546017,1.0667536543002165,0.0,1e-08
3930.0,1.2728123772804891,0.777916084,0.268355544,0.0,0.0,1.272812377280489,0.0,0.0,0.0,0.0,0.0,0.0,0.0,0.0,0.0,0.2541086139476527,1.0339517456669114,0.0,1e-08
3931.0,1.3026820769100054,0.772116985,0.262794101,0.0,0.0,1.3026820769100054,0.0,0.0,0.0,0.0,0.0,0.0,0.0,0.0,0.0,0.2128562392771738,1.0125239651464648,0.0,1e-08
3932.0,1.3231212684623554,0.767594963,0.258809868,0.0,0.0,1.3231212684623554,0.0,0.0,0.0,0.0,0.0,0.0,0.0,0.0,0.0,0.1835410642394435,0.9971730444831909,0.0,1e-08
3933.0,1.3333226627583634,0.756978876,0.258899605,0.0,0.0,1.3333226627583634,0.0,0.0,0.0,0.0,0.0,0.0,0.0,0.0,0.0,0.1525020418002383,0.9975187937321831,0.0,1e-08
3934.0,1.3256095178687286,0.727893547,0.262630539,0.0,0.0,1.3256095178687286,0.0,0.0,0.0,0.0,0.0,0.0,0.0,0.0,0.0,0.10312548215706818,1.0118937742701968,0.0,1e-08
3935.0,1.3037099252017945,0.650219702,0.274161778,0.0,0.0,1.2762740510374984,0.02743587416429614,0.0,0.0,0.0,0.0,0.0,0.0,0.0,0.0,0.0,1.0288868115270575,0.0,1.05e-08
3936.0,1.2713776723732,0.521033843,0.321670388,0.0,0.0,1.0227035131169337,0.24867415925626613,0.0,0.0,0.0,0.0,0.0,0.0,0.0,0.0,2.220446049250313e-16,0.9906952766960341,0.0,1.05e-08
3937.0,1.2366642376686272,0.305547465,0.419283879,0.0,0.0,0.5997392877212265,0.6369249499474007,0.0,0.0,0.0,0.0,0.0,0.0,0.0,0.0,1.1102230246251565e-16,0.9785412042455758,0.0,1.05e-08
3938.0,1.1785436994691627,0.063239268,0.511515633,0.0,0.0,0.1241282546603087,1.0544154448088539,0.0,0.0,0.0,0.0,0.0,0.0,0.0,0.0,0.0,0.9164120394791742,0.0,1.05e-08
3939.0,1.1015578624141504,4.38e-06,0.53564989,0.0,0.0,8.597217719410542e-06,1.101549265196431,0.0,0.0,0.0,0.0,0.0,0.0,0.0,0.0,1.6940658945086007e-21,0.9622655178951716,0.0,1.05e-08
3940.0,1.0255441985351221,0.0,0.535856612,0.0,0.0,0.0,1.0255441985351221,0.0,0.0,0.0,0.0,0.0,0.0,0.0,0.0,0.0,1.0390670673478617,0.0,1.05e-08
3941.0,0.9590124351478493,0.0,0.524831878,0.0,0.0,0.0,0.9590124351478493,0.0,0.0,0.0,0.0,0.0,0.0,0.0,0.0,0.0,1.06312144124318,0.0,1.05e-08
3942.0,0.9080825522896936,0.0,0.507926443,0.0,0.0,0.0,0.9080825522896936,0.0,0.0,0.0,0.0,0.0,0.0,0.0,0.0,0.0,1.0489160793846903,0.0,1.05e-08
3943.0,0.8729879571769156,0.0,0.488610558,0.0,0.0,0.0,0.8729879571769156,0.0,0.0,0.0,0.0,0.0,0.0,0.0,0.0,0.0,1.0095881650267815,0.0,1.05e-08
3944.0,0.8552040403783543,0.0,0.464012019,0.0,0.0,0.0,0.8552040403783543,0.0,0.0,0.0,0.0,0.0,0.0,0.0,0.0,0.0,0.9325959428240722,0.0,1.05e-08
3945.0,0.8624268159787813,0.0,0.436384044,0.0,0.0,0.0,0.8624268159787813,0.0,0.0,0.0,0.0,0.0,0.0,0.0,0.0,0.0,0.8189248615367251,0.0,1.05e-08
3946.0,0.8914849437279057,0.0,0.414270523,0.0,0.0,0.0,0.8914849437279057,0.0,0.0,0.0,0.0,0.0,0.0,0.0,0.0,0.0,0.7046651638852778,0.0,1.05e-08
3947.0,0.9325496243354928,1.29e-05,0.359925444,0.0,0.0,2.5320572735250226e-05,0.9325243037627575,0.0,0.0,0.0,0.0,0.0,0.0,0.0,0.0,3.3881317890172014e-21,0.45423870320436555,0.0,1.05e-08
3948.0,0.9807428611167597,0.135486056,0.24294176,0.0,0.0,0.2659367857023399,0.7148060754144197,0.0,0.0,0.0,0.0,0.0,0.0,0.0,0.0,5.551115123125783e-17,0.22122845960301907,0.0,1.05e-08
3949.0,1.0371760150372034,0.471908307,0.247044207,0.0,0.0,0.9262781869583174,0.11089782807888598,0.0,0.0,0.0,0.0,0.0,0.0,0.0,0.0,0.0,0.840943096379704,0.0,1.05e-08
3950.0,1.097641332152312,0.661996438,0.3116207,0.0,0.0,1.097641332152312,0.0,0.0,0.0,0.0,0.0,0.0,0.0,0.0,0.0,0.20174850961943736,1.200648818162463,0.0,1e-08
3951.0,1.1557169019890106,0.766408044,0.335604907,0.0,0.0,1.1557169019890106,0.0,0.0,0.0,0.0,0.0,0.0,0.0,0.0,0.0,0.348615704443769,1.2930579867097192,0.0,1e-08
3952.0,1.2054112255464113,0.806071245,0.34523056,0.0,0.0,1.2054112255464113,0.0,0.0,0.0,0.0,0.0,0.0,0.0,0.0,0.0,0.37677370381918607,1.3301448326685787,0.0,1e-08
3953.0,1.2526494199565574,0.814662386,0.360542956,0.0,0.0,1.2526494199565574,0.0,0.0,0.0,0.0,0.0,0.0,0.0,0.0,0.0,0.3463985024764267,1.3891422296984797,0.0,1e-08
3954.0,1.289210840235743,0.811645883,0.380189374,0.0,0.0,1.289210840235743,0.0,0.0,0.0,0.0,0.0,0.0,0.0,0.0,0.0,0.30391618424238853,1.4648382555171293,0.0,1e-08
3955.0,1.3152132606674023,0.804635045,0.404189143,0.0,0.0,1.3152132606674023,0.0,0.0,0.0,0.0,0.0,0.0,0.0,0.0,0.0,0.26415264493367063,1.5573073831650106,0.0,1e-08
3956.0,1.3343697832056238,0.801701419,0.426249723,0.0,0.0,1.3343697832056238,0.0,0.0,0.0,0.0,0.0,0.0,0.0,0.0,0.0,0.23923789832482734,1.6423049757671018,0.0,1e-08
3957.0,1.3418131179186639,0.792331601,0.446529876,0.0,0.0,1.3418131179186639,0.0,0.0,0.0,0.0,0.0,0.0,0.0,0.0,0.0,0.2134031560005425,1.7204427301961365,0.0,1e-08
3958.0,1.332481111969461,0.767344114,0.462794658,0.0,0.0,1.3324811119694613,0.0,0.0,0.0,0.0,0.0,0.0,0.0,0.0,0.0,0.1736888455114025,1.7831095918198032,0.0,1e-08
3959.0,1.3058555585109046,0.693064502,0.479686326,0.0,0.0,1.3058555585109046,0.0,0.0,0.0,0.0,0.0,0.0,0.0,0.0,0.0,0.05451576963723315,1.8481917934225616,0.0,1e-08
3960.0,1.2699558155695583,0.55302745,0.516449226,0.0,0.0,1.0855016877763533,0.18445412779320508,0.0,0.0,0.0,0.0,0.0,0.0,0.0,0.0,0.0,1.805382082823801,0.0,1.05e-08
3961.0,1.2330453551412859,0.313748279,0.584497282,0.0,0.0,0.6158361332541924,0.6172092218870935,0.0,0.0,0.0,0.0,0.0,0.0,0.0,0.0,0.0,1.6348105279320677,0.0,1.05e-08
3962.0,1.173132506483014,0.048074157,0.616397014,0.0,0.0,0.09436164255847587,1.0787708639245381,0.0,0.0,0.0,0.0,0.0,0.0,0.0,0.0,1.3877787807814457e-17,1.2961559184681954,0.0,1.05e-08
3963.0,1.0998340751747957,2.68e-06,0.613908599,0.0,0.0,5.260398056625629e-06,1.099828814776739,0.0,0.0,0.0,0.0,0.0,0.0,0.0,0.0,0.0,1.2655103101566292,0.0,1.05e-08
3964.0,1.0295528068731001,0.0,0.593610285,0.0,0.0,0.0,1.0295528068731001,0.0,0.0,0.0,0.0,0.0,0.0,0.0,0.0,0.0,1.257578590798277,0.0,1.05e-08
3965.0,0.960010304531128,0.0,0.562397269,0.0,0.0,0.0,0.960010304531128,0.0,0.0,0.0,0.0,0.0,0.0,0.0,0.0,0.0,1.20685992059399,0.0,1.05e-08
3966.0,0.9082602843901488,0.0,0.528914195,0.0,0.0,0.0,0.9082602843901488,0.0,0.0,0.0,0.0,0.0,0.0,0.0,0.0,0.0,1.1296024222147099,0.0,1.05e-08
3967.0,0.873424792700926,0.0,0.498763043,0.0,0.0,0.0,0.873424792700926,0.0,0.0,0.0,0.0,0.0,0.0,0.0,0.0,0.0,1.0482680156428836,0.0,1.05e-08
3968.0,0.8562961291883803,0.0,0.476104755,0.0,0.0,0.0,0.8562961291883803,0.0,0.0,0.0,0.0,0.0,0.0,0.0,0.0,0.0,0.9780961669982308,0.0,1.05e-08
3969.0,0.8608893262423134,0.0,0.459085795,0.0,0.0,0.0,0.8608893262423134,0.0,0.0,0.0,0.0,0.0,0.0,0.0,0.0,0.0,0.9079303227794777,0.0,1.05e-08
3970.0,0.8885106077335406,0.0,0.444337031,0.0,0.0,0.0,0.8885106077335406,0.0,0.0,0.0,0.0,0.0,0.0,0.0,0.0,0.0,0.8234832718000326,0.0,1.05e-08
3971.0,0.9292562271005514,1.32e-05,0.392851476,0.0,0.0,2.5909423263976977e-05,0.9292303176772875,0.0,0.0,0.0,0.0,0.0,0.0,0.0,0.0,0.0,0.5843939709940981,0.0,1.05e-08
3972.0,0.9809077451135675,0.112815773,0.304200275,0.0,0.0,0.22143875859922316,0.7594689865143444,0.0,0.0,0.0,0.0,0.0,0.0,0.0,0.0,0.0,0.412589547028024,0.0,1.05e-08
3973.0,1.0397413530654607,0.384423298,0.33100382,0.0,0.0,0.7545595409406026,0.28518181212485805,0.0,0.0,0.0,0.0,0.0,0.0,0.0,0.0,0.0,0.990148566409882,0.0,1.05e-08
3974.0,1.1019004785114135,0.56781092,0.352399494,0.0,0.0,1.1019004785114135,0.0,0.0,0.0,0.0,0.0,0.0,0.0,0.0,0.0,0.012618723017993272,1.3577661432380776,0.0,1e-08
3975.0,1.159029571379423,0.672686872,0.334845094,0.0,0.0,1.1590295713794232,0.0,0.0,0.0,0.0,0.0,0.0,0.0,0.0,0.0,0.1613438294363876,1.2901304899789998,0.0,1e-08
3976.0,1.2085204666290736,0.724312191,0.314785402,0.0,0.0,1.2085204666290736,0.0,0.0,0.0,0.0,0.0,0.0,0.0,0.0,0.0,0.21318492214952744,1.2128421535735459,0.0,1e-08
3977.0,1.2517500527012417,0.743275122,0.304885481,0.0,0.0,1.2517500527012417,0.0,0.0,0.0,0.0,0.0,0.0,0.0,0.0,0.0,0.20717644256255574,1.1746985756644026,0.0,1e-08
3978.0,1.2878189623406118,0.742023314,0.303727056,0.0,0.0,1.2878189623406118,0.0,0.0,0.0,0.0,0.0,0.0,0.0,0.0,0.0,0.16865044024763765,1.170235259821842,0.0,1e-08
3979.0,1.3121447052462898,0.728520822,0.308773933,0.0,0.0,1.3121447052462898,0.0,0.0,0.0,0.0,0.0,0.0,0.0,0.0,0.0,0.11782153216419733,1.1896804600459006,0.0,1e-08
3980.0,1.328838674585433,0.70788731,0.320002568,0.0,0.0,1.328838674585433,0.0,0.0,0.0,0.0,0.0,0.0,0.0,0.0,0.0,0.060627381322755136,1.2329434632492426,0.0,1e-08
3981.0,1.3325153735791873,0.674651025,0.336047476,0.0,0.0,1.3242287092576448,0.008286664321542481,0.0,0.0,0.0,0.0,0.0,0.0,0.0,0.0,0.0,1.2864765041903012,0.0,1.05e-08
3982.0,1.3163396110871546,0.627258349,0.353538011,0.0,0.0,1.2312047015230598,0.08513490956409472,0.0,0.0,0.0,0.0,0.0,0.0,0.0,0.0,0.0,1.2770178456368848,0.0,1.05e-08
3983.0,1.2826347525189,0.534004303,0.383705403,0.0,0.0,1.0481623872130312,0.23447236530586876,0.0,0.0,0.0,0.0,0.0,0.0,0.0,0.0,0.0,1.2439128595347841,0.0,1.05e-08
3984.0,1.2393751875382213,0.396176945,0.440892646,0.0,0.0,0.7776300117753278,0.4617451757628934,0.0,0.0,0.0,0.0,0.0,0.0,0.0,0.0,1.1102230246251565e-16,1.236977772861576,0.0,1.05e-08
3985.0,1.2022655815034147,0.214158219,0.505432829,0.0,0.0,0.4203572682977634,0.7819083132056511,0.0,0.0,0.0,0.0,0.0,0.0,0.0,0.0,0.0,1.1654826296917888,0.0,1.05e-08
3986.0,1.1497660886496726,0.05909509,0.557312282,0.0,0.0,0.11599391663884949,1.033772172010823,0.0,0.0,0.0,0.0,0.0,0.0,0.0,0.0,0.0,1.1135060182080083,0.0,1.05e-08
3987.0,1.08472898798671,4.04e-06,0.57089157,0.0,0.0,7.92985378685356e-06,1.0847210581329232,0.0,0.0,0.0,0.0,0.0,0.0,0.0,0.0,0.0,1.114877007141345,0.0,1.05e-08
3988.0,1.0232615187871068,0.0,0.553453166,0.0,0.0,0.0,1.0232615187871068,0.0,0.0,0.0,0.0,0.0,0.0,0.0,0.0,0.0,1.109147816235161,0.0,1.05e-08
3989.0,0.955314322648016,0.0,0.530051804,0.0,0.0,0.0,0.955314322648016,0.0,0.0,0.0,0.0,0.0,0.0,0.0,0.0,0.0,1.0869314974707422,0.0,1.05e-08
3990.0,0.905080378737426,0.0,0.504764095,0.0,0.0,0.0,0.905080378737426,0.0,0.0,0.0,0.0,0.0,0.0,0.0,0.0,0.0,1.039733987293442,0.0,1.05e-08
3991.0,0.8681142431933484,0.0,0.479925998,0.0,0.0,0.0,0.8681142431933484,0.0,0.0,0.0,0.0,0.0,0.0,0.0,0.0,0.0,0.981000986649023,0.0,1.05e-08
3992.0,0.8456643234201856,0.0,0.456761896,0.0,0.0,0.0,0.8456643234201855,0.0,0.0,0.0,0.0,0.0,0.0,0.0,0.0,0.0,0.9142015347017105,0.0,1.05e-08
3993.0,0.8334950279155229,0.0,0.432727056,0.0,0.0,0.0,0.8334950279155229,0.0,0.0,0.0,0.0,0.0,0.0,0.0,0.0,0.0,0.8337665768922515,0.0,1.05e-08
3994.0,0.8341674120064017,0.0,0.405240445,0.0,0.0,0.0,0.8341674120064017,0.0,0.0,0.0,0.0,0.0,0.0,0.0,0.0,0.0,0.7271905509302089,0.0,1.05e-08
3995.0,0.85318474675511,8.84e-06,0.336549764,0.0,0.0,1.7351462246481554e-05,0.8531673952928636,0.0,0.0,0.0,0.0,0.0,0.0,0.0,0.0,-3.3881317890172014e-21,0.4435310473954941,0.0,1.05e-08
3996.0,0.9032088383061264,0.064629176,0.277096447,0.0,0.0,0.12685641486258048,0.776352423443546,0.0,0.0,0.0,0.0,0.0,0.0,0.0,0.0,0.0,0.29127729950992787,0.0,1.05e-08
3997.0,0.9686078272218233,0.298279405,0.324406676,0.0,0.0,0.5854732844751674,0.38313454274665576,0.0,0.0,0.0,0.0,0.0,0.0,0.0,0.0,0.0,0.866777584860442,0.0,1.05e-08
3998.0,1.037349464436443,0.469486664,0.360056745,0.0,0.0,0.9215249010885259,0.11582456334791712,0.0,0.0,0.0,0.0,0.0,0.0,0.0,0.0,0.0,1.2714443355271363,0.0,1.05e-08
3999.0,1.1025257528889185,0.586651456,0.37292645,0.0,0.0,1.1025257528889185,0.0,0.0,0.0,0.0,0.0,0.0,0.0,0.0,0.0,0.048974313924139645,1.4368548092409232,0.0,1e-08
4000.0,1.1536119543414505,0.666458628,0.38054735,0.0,0.0,1.1536119543414505,0.0,0.0,0.0,0.0,0.0,0.0,0.0,0.0,0.0,0.15453643056622957,1.4662175074773827,0.0,1e-08
4001.0,1.1914196406744306,0.689401065,0.393285472,0.0,0.0,1.1914196406744306,0.0,0.0,0.0,0.0,0.0,0.0,0.0,0.0,0.0,0.16176096475901658,1.5152964394126145,0.0,1e-08
4002.0,1.2190901732296395,0.690158891,0.407500142,0.0,0.0,1.2190901732296398,0.0,0.0,0.0,0.0,0.0,0.0,0.0,0.0,0.0,0.13557791967308397,1.570064388833399,0.0,1e-08
4003.0,1.2439234162293884,0.682206617,0.420474269,0.0,0.0,1.2439234162293884,0.0,0.0,0.0,0.0,0.0,0.0,0.0,0.0,0.0,0.09513567417506841,1.6200526285403236,0.0,1e-08
4004.0,1.263221267907731,0.669331999,0.428122984,0.0,0.0,1.263221267907731,0.0,0.0,0.0,0.0,0.0,0.0,0.0,0.0,0.0,0.05056707044187614,1.6495224956743475,0.0,1e-08
4005.0,1.2718680416624077,0.641031747,0.43465315,0.0,0.0,1.2582396105052729,0.013628431157134765,0.0,0.0,0.0,0.0,0.0,0.0,0.0,0.0,0.0,1.6610542547430374,0.0,1.05e-08
4006.0,1.2630178395999812,0.590886892,0.448108975,0.0,0.0,1.1598135292396858,0.10320431036029541,0.0,0.0,0.0,0.0,0.0,0.0,0.0,0.0,-2.220446049250313e-16,1.6233225578539883,0.0,1.05e-08
4007.0,1.2359233303582957,0.503569042,0.471830031,0.0,0.0,0.9884229887737424,0.24750034158455333,0.0,0.0,0.0,0.0,0.0,0.0,0.0,0.0,0.0,1.5704217961094713,0.0,1.05e-08
4008.0,1.2026253284055408,0.38705753,0.510474777,0.0,0.0,0.7597301039605655,0.4428952244449752,0.0,0.0,0.0,0.0,0.0,0.0,0.0,0.0,1.1102230246251565e-16,1.5239219276466445,0.0,1.05e-08
4009.0,1.1737556395099114,0.243560007,0.544596711,0.0,0.0,0.47806812966213597,0.6956875098477754,0.0,0.0,0.0,0.0,0.0,0.0,0.0,0.0,5.551115123125783e-17,1.402598635576179,0.0,1.05e-08
4010.0,1.1310485429860693,0.068597104,0.551071596,0.0,0.0,0.13464480319841274,0.9964037397876566,0.0,0.0,0.0,0.0,0.0,0.0,0.0,0.0,0.0,1.126829602735168,0.0,1.05e-08
4011.0,1.0754933428148623,4.08e-06,0.537943152,0.0,0.0,8.008367190683792e-06,1.0754853344476716,0.0,0.0,0.0,0.0,0.0,0.0,0.0,0.0,0.0,0.9971651977133507,0.0,1.05e-08
4012.0,1.0068202288196952,0.0,0.5173574,0.0,0.0,0.0,1.0068202288196952,0.0,0.0,0.0,0.0,0.0,0.0,0.0,0.0,0.0,0.9865151012068551,0.0,1.05e-08
4013.0,0.95009370986597,0.0,0.493405919,0.0,0.0,0.0,0.95009370986597,0.0,0.0,0.0,0.0,0.0,0.0,0.0,0.0,0.0,0.950958542188255,0.0,1.05e-08
4014.0,0.902793416288195,0.0,0.468195794,0.0,0.0,0.0,0.902793416288195,0.0,0.0,0.0,0.0,0.0,0.0,0.0,0.0,0.0,0.9011263064219333,0.0,1.05e-08
4015.0,0.8662855297742067,0.0,0.443544273,0.0,0.0,0.0,0.8662855297742067,0.0,0.0,0.0,0.0,0.0,0.0,0.0,0.0,0.0,0.8426539186648057,0.0,1.05e-08
4016.0,0.8417178142498366,0.0,0.420963857,0.0,0.0,0.0,0.8417178142498365,0.0,0.0,0.0,0.0,0.0,0.0,0.0,0.0,0.0,0.7802211564159831,0.0,1.05e-08
4017.0,0.8274242989421428,0.0,0.388061731,0.0,0.0,0.0,0.8274242989421428,0.0,0.0,0.0,0.0,0.0,0.0,0.0,0.0,0.0,0.6677454978628503,0.0,1.05e-08
4018.0,0.8213792661760575,0.0,0.355503314,0.0,0.0,0.0,0.8213792661760575,0.0,0.0,0.0,0.0,0.0,0.0,0.0,0.0,0.0,0.548345639155774,0.0,1.05e-08
4019.0,0.8377241953661139,1.22e-05,0.282177244,0.0,0.0,2.3946588168221146e-05,0.8377002487779457,0.0,0.0,0.0,0.0,0.0,0.0,0.0,0.0,0.0,0.24950536535789647,0.0,1.05e-08
4020.0,0.8899131923817113,0.085194438,0.222483183,0.0,0.0,0.16722263286959424,0.722690559512117,0.0,0.0,0.0,0.0,0.0,0.0,0.0,0.0,0.0,0.13451876814157548,0.0,1.05e-08
4021.0,0.9661174364648423,0.382832351,0.255721219,0.0,0.0,0.7514367743335152,0.21468066213132714,0.0,0.0,0.0,0.0,0.0,0.0,0.0,0.0,0.0,0.7705920728680309,0.0,1.05e-08
4022.0,1.0437371132997912,0.584012865,0.280872721,0.0,0.0,1.0437371132997912,0.0,0.0,0.0,0.0,0.0,0.0,0.0,0.0,0.0,0.10258383449512132,1.082179394766539,0.0,1e-08
4023.0,1.1150976223078655,0.697019959,0.273149051,0.0,0.0,1.1150976223078655,0.0,0.0,0.0,0.0,0.0,0.0,0.0,0.0,0.0,0.25303761565962546,1.052420732208574,0.0,1e-08
4024.0,1.1729269368246562,0.755873184,0.261878934,0.0,0.0,1.1729269368246562,0.0,0.0,0.0,0.0,0.0,0.0,0.0,0.0,0.0,0.3107274766712491,1.008997902285521,0.0,1e-08
4025.0,1.2197025995034971,0.781075751,0.263741484,0.0,0.0,1.2197025995034971,0.0,0.0,0.0,0.0,0.0,0.0,0.0,0.0,0.0,0.3134202970031461,1.0161741535944635,0.0,1e-08
4026.0,1.2545209603878569,0.787449461,0.277124956,0.0,0.0,1.2545209603878569,0.0,0.0,0.0,0.0,0.0,0.0,0.0,0.0,0.0,0.29111247779695604,1.0677395657757158,0.0,1e-08
4027.0,1.279576903850827,0.785155805,0.295579126,0.0,0.0,1.279576903850827,0.0,0.0,0.0,0.0,0.0,0.0,0.0,0.0,0.0,0.2615544658395952,1.1388419585264837,0.0,1e-08
4028.0,1.2978854515483222,0.779697098,0.315552928,0.0,0.0,1.2978854515483222,0.0,0.0,0.0,0.0,0.0,0.0,0.0,0.0,0.0,0.23253137646505162,1.2157993678561945,0.0,1e-08
4029.0,1.305622151294644,0.756670705,0.336393544,0.0,0.0,1.340699623473627,0.0,0.0,0.03507747217898283,0.0,0.0,0.0,0.0,0.0,0.0,0.14452019223068047,1.2960965399316622,0.0,1e-08
4030.0,1.297609217319904,0.711169094,0.355877171,0.0,0.0,1.3959076567200779,0.0,0.0,0.09829843940017383,0.0,0.03156972496108454,0.0,0.0,0.0,0.0,0.0,1.3711653454733617,0.0,1.0000136218855531e-08
4031.0,1.2761850044879226,0.626901333,0.376703378,0.0,0.0,1.2305039379885134,0.04568106649940918,0.0,0.0,0.0,0.12003789038791848,0.0,0.0,0.0,0.0,0.0,1.4057259343625605,0.0,1.05e-08
4032.0,1.2474566447324138,0.498356702,0.416908434,0.0,0.0,0.9781920248907303,0.2692646198416835,0.0,0.0,0.0,0.12003625526778698,0.0,0.0,0.0,0.0,1.1102230246251565e-16,1.337049140970943,0.0,1.05e-08
4033.0,1.2231908596437568,0.303057778,0.476717452,0.0,0.0,0.5948524427001796,0.6283384169435773,0.0,0.0,0.0,0.12003462016992861,0.0,0.0,0.0,0.0,0.0,1.2084145501770946,0.0,1.05e-08
4034.0,1.181046938329791,0.045079247,0.518228225,0.0,0.0,0.08848312810184579,1.0925638102279451,0.0,0.0,0.0,0.12003298509434303,0.0,0.0,0.0,0.0,0.0,0.9041267365960657,0.0,1.05e-08
4035.0,1.1175773063118069,1.98e-06,0.517526958,0.0,0.0,3.8864134895965465e-06,1.1175734198983174,0.0,0.0,0.0,0.12003135004102998,0.0,0.0,0.0,0.0,0.0,0.8764152030972499,0.0,1.05e-08
4036.0,1.0487264602161848,0.0,0.488455454,0.0,0.0,0.0,1.0487264602161848,0.0,0.0,0.0,0.12002971500998913,0.0,0.0,0.0,0.0,0.0,0.8332520590866388,0.0,1.05e-08
4037.0,0.9853039379115743,0.0,0.45182632,0.0,0.0,0.0,0.9853039379115743,0.0,0.0,0.0,0.12002808000122019,0.0,0.0,0.0,0.0,0.0,0.7555455535461334,0.0,1.05e-08
4038.0,0.9366224731917075,0.0,0.417647103,0.0,0.0,0.0,0.9366224731917075,0.0,0.0,0.0,0.12002644501472284,0.0,0.0,0.0,0.0,0.0,0.6725373182660696,0.0,1.05e-08
4039.0,0.905545051819339,0.0,0.388021988,0.0,0.0,0.0,0.905545051819339,0.0,0.0,0.0,0.12002481005049678,0.0,0.0,0.0,0.0,0.0,0.5894716184893068,0.0,1.05e-08
4040.0,0.891883234940974,0.0,0.360399721,0.0,0.0,0.0,0.891883234940974,0.0,0.0,0.0,0.12002317510854171,0.0,0.0,0.0,0.0,0.0,0.49670712213328794,0.0,1.05e-08
4041.0,0.9007998188722455,0.0,0.329714832,0.0,0.0,0.0,0.9007998188722455,0.0,0.0,0.0,0.12002154018885734,0.0,0.0,0.0,0.0,0.0,0.36956419536504725,0.0,1.05e-08
4042.0,0.9360228950214972,0.0,0.300310895,0.0,0.0,0.0,0.9360228950214972,0.0,0.0,0.0,0.12001990529144337,0.0,0.0,0.0,0.0,0.0,0.22105017863202325,0.0,1.05e-08
4043.0,0.9881754890767604,1.61e-05,0.234911432,0.0,0.0,3.160164504166889e-05,0.905094344514507,0.0,0.0,0.08304954291721187,0.12001827041629945,0.0,0.0,0.0,0.0,0.0,0.0,0.0,1.1113230258713772e-08
4044.0,1.0520455536584208,0.163838168,0.179991312,0.0,0.0,0.3215873061747401,0.6934916583921131,0.0,0.0,0.03696658909156757,0.036967092646213465,0.0,0.0,0.0,0.0,-5.551115123125783e-17,0.0,0.0,1.1113381641864482e-08
4045.0,1.125146980710713,0.540231793,0.203219297,0.0,0.0,1.0603859231434996,0.0647610575672135,0.0,0.0,0.0,0.0,0.0,0.0,0.0,0.0,0.0,0.7182261084678303,0.0,1.05e-08
4046.0,1.2017859189672464,0.70297162,0.234825485,0.0,0.0,1.2017859189672464,0.0,0.0,0.0,0.0,0.0,0.0,0.0,0.0,0.0,0.17803144808908566,0.904763197822472,0.0,1e-08
4047.0,1.2718380627538972,0.80122093,0.225847922,0.0,0.0,1.2718380627538972,0.0,0.0,0.0,0.0,0.0,0.0,0.0,0.0,0.0,0.30082649810422923,0.8701733891033175,0.0,1e-08
4048.0,1.329506775975096,0.845131089,0.215254731,0.0,0.0,1.329506775975096,0.0,0.0,0.0,0.0,0.0,0.0,0.0,0.0,0.0,0.32934618602844923,0.8293586991462022,0.0,1e-08
4049.0,1.3760854343980107,0.851176898,0.215618163,0.0,0.0,1.3760854343980107,0.0,0.0,0.0,0.0,0.0,0.0,0.0,0.0,0.0,0.29463445369297103,0.8307589726238063,0.0,1e-08
4050.0,1.4079829930532026,0.843880602,0.226194461,0.0,0.0,1.4079829930532026,0.0,0.0,0.0,0.0,0.0,0.0,0.0,0.0,0.0,0.24841546917995627,0.8715085752472329,0.0,1e-08
4051.0,1.4285463829408107,0.835122178,0.240248654,0.0,0.0,1.5140597632633819,0.0,0.0,0.08551338032257116,0.0,0.0,0.0,0.0,0.0,0.0,0.12514735695906665,0.9256582200419373,0.0,1e-08
4052.0,1.4412146131371129,0.83139419,0.254002174,0.0,0.0,1.6318896945394923,0.0,0.0,0.1906750814023794,0.0,0.07696204229031406,0.0,0.0,0.0,0.0,-2.220446049250313e-16,0.9786493966023321,0.0,1.0000136218855531e-08
4053.0,1.4419276828895415,0.821937264,0.262958214,0.0,0.0,1.613327308288726,0.0,0.0,0.17139962539918457,0.0,0.24856856719860404,0.0,0.0,0.0,0.0,2.220446049250313e-16,1.0131562789802222,0.0,1.000027243956662e-08
4054.0,1.429953250290197,0.793595268,0.269255807,0.0,0.0,1.5576966438561548,0.0,0.0,0.12774339356595776,0.0,0.40282484413141834,0.0,0.0,0.0,0.0,0.0,1.037420384646881,0.0,1.0000408662133296e-08
4055.0,1.3991649112498943,0.708845762,0.27438902,0.0,0.0,1.3913473391313855,0.00781757211850879,0.0,0.0,0.0,0.517788411181601,0.0,0.0,0.0,0.0,0.0,1.0493806582293355,0.0,1.05e-08
4056.0,1.3603807690397145,0.594147489,0.291227207,0.0,0.0,1.1662135434644019,0.19416722557531274,0.0,0.0,0.0,0.5177813580232005,0.0,0.0,0.0,0.0,0.0,0.9279071484996605,0.0,1.05e-08
4057.0,1.3200484303400273,0.345433556,0.33769867,0.0,0.0,0.6780291069685374,0.64201932337149,0.0,0.0,0.0,0.5177743049608758,0.0,0.0,0.0,0.0,0.0,0.6591057592386692,0.0,1.05e-08
4058.0,1.2545530806469753,0.043059818,0.379022149,0.0,0.0,0.08451932198725869,1.1700337586597165,0.0,0.0,0.0,0.5177672519946259,0.0,0.0,0.0,0.0,0.0,0.29030727534170575,0.0,1.05e-08
4059.0,1.174164637476019,2.71e-06,0.373178655,0.0,0.0,5.319283109498303e-06,1.1741593181929095,0.0,0.0,0.0,0.5177601991244495,0.0,0.0,0.0,0.0,0.0,0.2636672160816351,0.0,1.05e-08
4060.0,1.0953672178067284,0.0,0.352682082,0.0,0.0,0.0,1.0953672178067284,0.0,0.0,0.0,0.5177531463503452,0.0,0.0,0.0,0.0,0.0,0.263487713654426,0.0,1.05e-08
4061.0,1.0291202540503055,0.0,0.328166778,0.0,0.0,0.0,1.0291202540503055,0.0,0.0,0.0,0.5177460936723115,0.0,0.0,0.0,0.0,0.0,0.2352792359896161,0.0,1.05e-08
4062.0,0.9752460141062952,0.0,0.309589258,0.0,0.0,0.0,0.9752460141062952,0.0,0.0,0.0,0.5177390410903473,0.0,0.0,0.0,0.0,0.0,0.2175758258211996,0.0,1.05e-08
4063.0,0.939386956826499,0.0,0.297367609,0.0,0.0,0.0,0.939386956826499,0.0,0.0,0.0,0.5177319886044514,0.0,0.0,0.0,0.0,0.0,0.20634587897563939,0.0,1.05e-08
4064.0,0.921089115882043,0.0,0.283769566,0.0,0.0,0.0,0.921089115882043,0.0,0.0,0.0,0.5177249362146222,0.0,0.0,0.0,0.0,0.0,0.17225158339876556,0.0,1.05e-08
4065.0,0.927950003229736,0.0,0.261553497,0.0,0.0,0.0,0.927950003229736,0.0,0.0,0.0,0.5177178839208586,0.0,0.0,0.0,0.0,0.0,0.07979401717490775,0.0,1.05e-08
4066.0,0.9581194919443574,0.0,0.232590979,0.0,0.0,0.0,0.8961538307679827,0.0,0.0,0.06196566117637475,0.5177108317231591,0.0,0.0,0.0,0.0,0.0,-1.1102230246251565e-16,0.0,1.1113381641864482e-08
4067.0,1.0019743523940305,1.85e-05,0.185879009,0.0,0.0,3.6312449271482885e-05,0.7161764686269553,0.0,0.0,0.2857615713178037,0.45573811844514794,0.0,0.0,0.0,0.0,0.0,1.1102230246251565e-16,0.0,1.1113533027077317e-08
4068.0,1.0569171262913801,0.160375608,0.148499999,0.0,0.0,0.3147908718855797,0.5721582304913536,0.0,0.0,0.16996802391444676,0.16997033919941623,0.0,0.0,0.0,0.0,0.0,0.0,0.0,1.1113684414352305e-08
4069.0,1.1142432234153157,0.541729688,0.162472327,0.0,0.0,1.0633260440192567,0.05091717939605896,0.0,0.0,0.0,0.0,0.0,0.0,0.0,0.0,0.0,0.5750752768068031,0.0,1.05e-08
4070.0,1.1735714833576325,0.684483815,0.160991382,0.0,0.0,1.1735714833576325,0.0,0.0,0.0,0.0,0.0,0.0,0.0,0.0,0.0,0.16995737120120946,0.6202864974394886,0.0,1e-08
4071.0,1.2290560189587791,0.782706569,0.1476534,0.0,0.0,1.2290560189587791,0.0,0.0,0.0,0.0,0.0,0.0,0.0,0.0,0.0,0.3072679043530544,0.5688963544708983,0.0,1e-08
4072.0,1.2748123987482622,0.830759044,0.137757261,0.0,0.0,1.2748123987482622,0.0,0.0,0.0,0.0,0.0,0.0,0.0,0.0,0.0,0.35583060893150087,0.5307673482953731,0.0,1e-08
4073.0,1.3124894626941608,0.83934223,0.137667473,0.0,0.0,1.3124894626941608,0.0,0.0,0.0,0.0,0.0,0.0,0.0,0.0,0.0,0.3350009236998024,0.5304214025475934,0.0,1e-08
4074.0,1.3376310601814465,0.834645505,0.146787241,0.0,0.0,1.38056107092704,0.0,0.0,0.04293001074559356,0.0,0.0,0.0,0.0,0.0,0.0,0.25771041880180956,0.5655591153860404,0.0,1e-08
4075.0,1.3510401976880801,0.827633294,0.159504718,0.0,0.0,1.624507675879204,0.0,0.0,0.27346747819112405,0.0,0.0386370096710342,0.0,0.0,0.0,0.0,2.220446049250313e-16,0.6145585038414872,0.0,1.0000136218855531e-08
4076.0,1.3594321507204175,0.827157727,0.173034052,0.0,0.0,1.623574216281221,0.0,0.0,0.26414206556080344,0.0,0.2847572137412912,0.0,0.0,0.0,0.0,0.0,0.6666859102609749,0.0,1.000027243956662e-08
4077.0,1.3586419923461044,0.819568849,0.180948992,0.0,0.0,1.6086785002054116,0.0,0.0,0.25003650785930714,0.0,0.5224811938686759,0.0,0.0,0.0,0.0,2.220446049250313e-16,0.6971815203306103,0.0,1.0000408662133296e-08
4078.0,1.3478924122944755,0.793386663,0.181451748,0.0,0.0,1.5572871866410047,0.0,0.0,0.20939477434652906,0.0,0.7475069338599739,0.0,0.0,0.0,0.0,0.0,0.6991185976724688,0.0,1.0000544886555574e-08
4079.0,1.3228150553254265,0.71398968,0.183945352,0.0,0.0,1.4014440019114753,0.0,0.0,0.07862894658604883,0.0,0.9359520484566491,0.0,0.0,0.0,0.0,2.220446049250313e-16,0.7087262479202385,0.0,1.0000681112833488e-08
4080.0,1.2867290148811936,0.586089791,0.199033398,0.0,0.0,1.1503976110390002,0.13633140384219336,0.0,0.0,0.0,1.0067053511260746,0.0,0.0,0.0,0.0,2.220446049250313e-16,0.6305278390885849,0.0,1.05e-08
4081.0,1.2555252538229593,0.343341865,0.247317831,0.0,0.0,0.6739234624642608,0.5816017913586984,0.0,0.0,0.0,1.0066916380877933,0.0,0.0,0.0,0.0,0.0,0.37129338377136767,0.0,1.05e-08
4082.0,1.1996124481002337,0.045619282,0.295618841,0.0,0.0,0.08954312775278227,1.1100693203474514,0.0,0.0,0.0,1.006677925236307,0.0,0.0,0.0,0.0,1.3877787807814457e-17,0.028925656793691967,0.0,1.05e-08
4083.0,1.1282133947812174,3.78e-06,0.291970965,0.0,0.0,7.419516661957043e-06,1.1249400122167876,0.0,0.0,0.00326596304776773,1.0066642125716128,0.0,0.0,0.0,0.0,0.0,0.0,0.0,1.1112473373891095e-08
4084.0,1.0568528857731432,0.0,0.273347679,0.0,0.0,0.0,1.0531860294864954,0.0,0.0,0.003666856286647705,1.0033845370459407,0.0,0.0,0.0,0.0,0.0,0.0,0.0,1.1112624746731608e-08
4085.0,0.979620793398223,0.0,0.250797307,0.0,0.0,0.0,0.9663013087637583,0.0,0.0,0.013319484634464722,0.9997040129561447,0.0,0.0,0.0,0.0,0.0,0.0,0.0,1.1112776121634103e-08
4086.0,0.9280377986046597,0.0,0.229764392,0.0,0.0,0.0,0.8852632245246126,0.0,0.0,0.04277457408004724,0.9863709106535269,0.0,0.0,0.0,0.0,0.0,-1.1102230246251565e-16,0.0,1.111292749859861e-08
4087.0,0.8935149441041894,0.0,0.212171747,0.0,0.0,0.0,0.8174802164394571,0.0,0.0,0.0760347276647323,0.943582900524846,0.0,0.0,0.0,0.0,0.0,0.0,0.0,1.1113078877625157e-08
4088.0,0.8767717237010646,0.0,0.202195313,0.0,0.0,0.0,0.7790418402610587,0.0,0.0,0.09772988344000585,0.8675353196569175,0.0,0.0,0.0,0.0,0.0,0.0,0.0,1.1113230258713772e-08
4089.0,0.8835512397256576,0.0,0.190509047,0.0,0.0,0.0,0.7340156226136683,0.0,0.0,0.14953561711198937,0.769793618911048,0.0,0.0,0.0,0.0,0.0,0.0,0.0,1.1113381641864482e-08
4090.0,0.911658607804877,0.0,0.187144709,0.0,0.0,0.0,0.7210531061839218,0.0,0.0,0.19060550162095508,0.62024751590132,0.0,0.0,0.0,0.0,0.0,1.1102230246251565e-16,0.0,1.1113533027077317e-08
4091.0,0.9560145442967974,1.36e-05,0.173758835,0.0,0.0,2.669455730227931e-05,0.6694784392950675,0.0,0.0,0.2865094104444277,0.42963356545477754,0.0,0.0,0.0,0.0,0.0,0.0,0.0,1.1113684414352305e-08
4092.0,1.0048908719219825,0.168931912,0.137607163,0.0,0.0,0.33158548566673574,0.5301890330990189,0.0,0.0,0.14311635315622784,0.14311830267081135,0.0,0.0,0.0,0.0,-5.551115123125783e-17,0.0,0.0,1.111383580368947e-08
4093.0,1.0568036347091616,0.574944483,0.119767268,0.0,0.0,1.0568036347091616,0.0,0.0,0.0,0.0,0.0,0.0,0.0,0.0,0.0,0.07171757463443051,0.46145339118597384,0.0,1e-08
4094.0,1.1139048900192685,0.722078158,0.127516801,0.0,0.0,1.1139048900192685,0.0,0.0,0.0,0.0,0.0,0.0,0.0,0.0,0.0,0.30341546038185596,0.49131170174673255,0.0,1e-08
4095.0,1.1690275373676808,0.812945159,0.137775267,0.0,0.0,1.1690275373676808,0.0,0.0,0.0,0.0,0.0,0.0,0.0,0.0,0.0,0.42664975164232377,0.5308367239261315,0.0,1e-08
4096.0,1.215959518640898,0.856239988,0.139275483,0.0,0.0,1.215959518640898,0.0,0.0,0.0,0.0,0.0,0.0,0.0,0.0,0.0,0.46469838019505416,0.536616932260778,0.0,1e-08
4097.0,1.2576944419887561,0.860193107,0.140387839,0.0,0.0,1.2576944419887561,0.0,0.0,0.0,0.0,0.0,0.0,0.0,0.0,0.0,0.43072277755809507,0.5409027480515002,0.0,1e-08
4098.0,1.2911444798346714,0.853746819,0.141742006,0.0,0.0,1.2911444798346714,0.0,0.0,0.0,0.0,0.0,0.0,0.0,0.0,0.0,0.3846197393884303,0.5461202416523574,0.0,1e-08
4099.0,1.301067498551653,0.84526888,0.14421391,0.0,0.0,1.301067498551653,0.0,0.0,0.0,0.0,0.0,0.0,0.0,0.0,0.0,0.3580559244625714,0.5556442835924822,0.0,1e-08
4100.0,1.3010053993840243,0.843154889,0.147798599,0.0,0.0,1.3010053993840243,0.0,0.0,0.0,0.0,0.0,0.0,0.0,0.0,0.0,0.35396860790328843,0.5694557942248952,0.0,1e-08
4101.0,1.3267894020536783,0.836935323,0.152854674,0.0,0.0,1.3267894020536786,0.0,0.0,0.0,0.0,0.0,0.0,0.0,0.0,0.0,0.31597662280846417,0.5889364335832266,0.0,1e-08
4102.0,1.317200434031528,0.817974041,0.161204504,0.0,0.0,1.317200434031528,0.0,0.0,0.0,0.0,0.0,0.0,0.0,0.0,0.0,0.28834772106049167,0.621107638902249,0.0,1e-08
4103.0,1.2938811259115601,0.740190631,0.173151665,0.0,0.0,1.3172932666474788,0.0,0.0,0.02341214073591874,0.0,0.0,0.0,0.0,0.0,0.0,0.13557888142897578,0.667139063435493,0.0,1e-08
4104.0,1.2643283461720123,0.605933519,0.19306278,0.0,0.0,1.189347576788033,0.07498076938397925,0.0,0.0,0.0,0.021070926662326867,0.0,0.0,0.0,0.0,0.0,0.6688741755479833,0.0,1.05e-08
4105.0,1.2342295220274515,0.323523316,0.231721079,0.0,0.0,0.6350229189401041,0.5992066030873473,0.0,0.0,0.0,0.02107063964048515,0.0,0.0,0.0,0.0,1.1102230246251565e-16,0.2935955748317728,0.0,1.05e-08
4106.0,1.1804709150162676,0.050066281,0.275409225,0.0,0.0,0.09827185346077336,1.0611289959469634,0.0,0.0,0.02107006560853084,0.02107035262255316,0.0,0.0,0.0,0.0,1.3877787807814457e-17,0.0,0.0,1.1111565180148103e-08
4107.0,1.1081403741828173,4.01e-06,0.293638261,0.0,0.0,7.870968733980883e-06,1.1081325032140834,0.0,0.0,0.0,0.0,0.0,0.0,0.0,0.0,1.6940658945086007e-21,0.02323146277704269,0.0,1.05e-08
4108.0,1.0341524279788568,0.0,0.301924809,0.0,0.0,0.0,1.0341524279788568,0.0,0.0,0.0,0.0,0.0,0.0,0.0,0.0,0.0,0.12913892301219554,0.0,1.05e-08
4109.0,0.9757106871882083,0.0,0.300396085,0.0,0.0,0.0,0.9757106871882083,0.0,0.0,0.0,0.0,0.0,0.0,0.0,0.0,0.0,0.18169061649887286,0.0,1.05e-08
4110.0,0.9261448446672812,0.0,0.299703194,0.0,0.0,0.0,0.9261448446672812,0.0,0.0,0.0,0.0,0.0,0.0,0.0,0.0,0.0,0.22858680722752378,0.0,1.05e-08
4111.0,0.8917440471514609,0.0,0.296274174,0.0,0.0,0.0,0.8917440471514609,0.0,0.0,0.0,0.0,0.0,0.0,0.0,0.0,0.0,0.24977587391013734,0.0,1.05e-08
4112.0,0.8766196878079041,0.0,0.289271741,0.0,0.0,0.0,0.876619687807904,0.0,0.0,0.0,0.0,0.0,0.0,0.0,0.0,0.0,0.2379204372847108,0.0,1.05e-08
4113.0,0.8817696360198897,0.0,0.281574894,0.0,0.0,0.0,0.8817696360198897,0.0,0.0,0.0,0.0,0.0,0.0,0.0,0.0,0.0,0.20311517331826034,0.0,1.05e-08
4114.0,0.9100568775501721,0.0,0.273678914,0.0,0.0,0.0,0.9100568775501722,0.0,0.0,0.0,0.0,0.0,0.0,0.0,0.0,0.0,0.14440537303230327,0.0,1.05e-08
4115.0,0.9520637524252327,2.11e-05,0.248360046,0.0,0.0,4.141582052044805e-05,0.9520223366047121,0.0,0.0,0.0,0.0,0.0,0.0,0.0,0.0,0.0,0.004888406836513037,0.0,1.05e-08
4116.0,1.000447569410602,0.168735594,0.195419237,0.0,0.0,0.3312001458064071,0.669247423604195,0.0,0.0,0.0,0.0,0.0,0.0,0.0,0.0,0.0,0.08368675551246929,0.0,1.05e-08
4117.0,1.0522768195240733,0.553201023,0.176203332,0.0,0.0,1.0522768195240733,0.0,0.0,0.0,0.0,0.0,0.0,0.0,0.0,0.0,0.033565563428355594,0.6788968843279285,0.0,1e-08
4118.0,1.1065621987847991,0.700586619,0.181373666,0.0,0.0,1.1065621987847991,0.0,0.0,0.0,0.0,0.0,0.0,0.0,0.0,0.0,0.2685738046053201,0.6988177541758084,0.0,1e-08
4119.0,1.1546440853344555,0.797748187,0.185269949,0.0,0.0,1.1546440853344555,0.0,0.0,0.0,0.0,0.0,0.0,0.0,0.0,0.0,0.41120405368473056,0.7138298107534892,0.0,1e-08
4120.0,1.1935888288402274,0.837106941,0.187777798,0.0,0.0,1.1935888288402274,0.0,0.0,0.0,0.0,0.0,0.0,0.0,0.0,0.0,0.449514053855379,0.7234923458096646,0.0,1e-08
4121.0,1.2306470424604445,0.847592085,0.192013331,0.0,0.0,1.2306470424604445,0.0,0.0,0.0,0.0,0.0,0.0,0.0,0.0,0.0,0.43303644886241544,0.7398115046163104,0.0,1e-08
4122.0,1.261379706384942,0.842133647,0.19870005,0.0,0.0,1.261379706384942,0.0,0.0,0.0,0.0,0.0,0.0,0.0,0.0,0.0,0.3915897712635108,0.7655748806203257,0.0,1e-08
4123.0,1.2835705227345495,0.833869521,0.206975689,0.0,0.0,1.2835705227345495,0.0,0.0,0.0,0.0,0.0,0.0,0.0,0.0,0.0,0.353177838365355,0.7974602341443028,0.0,1e-08
4124.0,1.3014807792189766,0.833509795,0.213442796,0.0,0.0,1.3014807792189766,0.0,0.0,0.0,0.0,0.0,0.0,0.0,0.0,0.0,0.3345614990632719,0.8223774632516123,0.0,1e-08
4125.0,1.3080889871949382,0.828406291,0.213620463,0.0,0.0,1.3080889871949382,0.0,0.0,0.0,0.0,0.0,0.0,0.0,0.0,0.0,0.31793595432478017,0.8230619995278498,0.0,1e-08
4126.0,1.2991402830045484,0.805109219,0.209322234,0.0,0.0,1.2991402830045484,0.0,0.0,0.0,0.0,0.0,0.0,0.0,0.0,0.0,0.28115634796521927,0.8065012782117059,0.0,1e-08
4127.0,1.2766068505576778,0.739004711,0.203943568,0.0,0.0,1.3018601805496983,0.0,0.0,0.025253329992020603,0.0,0.0,0.0,0.0,0.0,0.0,0.14868420212999722,0.7857777223754261,0.0,1e-08
4128.0,1.2481761385366663,0.613692102,0.208972157,0.0,0.0,1.2045763957937676,0.043599742742898684,0.0,0.0,0.0,0.022727996992818543,0.0,0.0,0.0,0.0,0.0,0.7615527177031202,0.0,1.05e-08
4129.0,1.2193278631471156,0.325987971,0.273423387,0.0,0.0,0.6398606302730342,0.5794672328740815,0.0,0.0,0.0,0.02272768739886191,0.0,0.0,0.0,0.0,0.0,0.4740104932831597,0.0,1.05e-08
4130.0,1.164252325512077,0.064488939,0.376972412,0.0,0.0,0.12658115275725698,1.03767117275482,0.0,0.0,0.0,0.022727377809122467,0.0,0.0,0.0,0.0,0.0,0.4147723938877461,0.0,1.05e-08
4131.0,1.0921423437912396,4.78e-06,0.416621479,0.0,0.0,9.382351757712875e-06,1.092132961439482,0.0,0.0,0.0,0.022727068223600166,0.0,0.0,0.0,0.0,0.0,0.5130751854597693,0.0,1.05e-08
4132.0,1.0219338814102126,0.0,0.413701512,0.0,0.0,0.0,1.0219338814102126,0.0,0.0,0.0,0.022726758642294946,0.0,0.0,0.0,0.0,0.0,0.572023873818577,0.0,1.05e-08
4133.0,0.9623358112913011,0.0,0.398117003,0.0,0.0,0.0,0.9623358112913011,0.0,0.0,0.0,0.02272644906520675,0.0,0.0,0.0,0.0,0.0,0.5715761179943074,0.0,1.05e-08
4134.0,0.9136072368580607,0.0,0.379285434,0.0,0.0,0.0,0.9136072368580607,0.0,0.0,0.0,0.02272613949233552,0.0,0.0,0.0,0.0,0.0,0.5477482125018082,0.0,1.05e-08
4135.0,0.8823542247358448,0.0,0.367052823,0.0,0.0,0.0,0.8823542247358448,0.0,0.0,0.0,0.022725829923681194,0.0,0.0,0.0,0.0,0.0,0.531869984818096,0.0,1.05e-08
4136.0,0.8673412156238985,0.0,0.353501785,0.0,0.0,0.0,0.8673412156238985,0.0,0.0,0.0,0.022725520359243724,0.0,0.0,0.0,0.0,0.0,0.49467196379124034,0.0,1.05e-08
4137.0,0.8724269233176473,0.0,0.326861245,0.0,0.0,0.0,0.8724269233176473,0.0,0.0,0.0,0.02272521079902305,0.0,0.0,0.0,0.0,0.0,0.3869424559063944,0.0,1.05e-08
4138.0,0.8965556619673991,0.0,0.298300539,0.0,0.0,0.0,0.8965556619673992,0.0,0.0,0.0,0.022724901243019107,0.0,0.0,0.0,0.0,0.0,0.25277167606751216,0.0,1.05e-08
4139.0,0.932181312030935,1.59e-05,0.249075893,0.0,0.0,3.120907802251772e-05,0.9321501029529126,0.0,0.0,0.0,0.022724591691231845,0.0,0.0,0.0,0.0,6.776263578034403e-21,0.02751873985249198,0.0,1.05e-08
4140.0,0.9785929451064339,0.154173867,0.169547132,0.0,0.0,0.3026178769959918,0.653251095510135,0.0,0.0,0.02272397260030713,0.022724282143661206,0.0,0.0,0.0,0.0,5.551115123125783e-17,0.0,0.0,1.1113078877625157e-08
4141.0,1.030726267006226,0.53972487,0.151589339,0.0,0.0,1.030726267006226,0.0,0.0,0.0,0.0,0.0,0.0,0.0,0.0,0.0,0.02866464988202777,0.584061202341112,0.0,1e-08
4142.0,1.0851379859528176,0.682179804,0.181573773,0.0,0.0,1.0851379859528176,0.0,0.0,0.0,0.0,0.0,0.0,0.0,0.0,0.0,0.2538684749542168,0.6995887499185688,0.0,1e-08
4143.0,1.133828016075116,0.778671827,0.183837283,0.0,0.0,1.133828016075116,0.0,0.0,0.0,0.0,0.0,0.0,0.0,0.0,0.0,0.39457637403679735,0.7083098669894146,0.0,1e-08
4144.0,1.1775929397992577,0.831234479,0.182573989,0.0,0.0,1.1775929397992577,0.0,0.0,0.0,0.0,0.0,0.0,0.0,0.0,0.0,0.4539832683842562,0.7034424995517196,0.0,1e-08
4145.0,1.2146147504591405,0.842040703,0.190332583,0.0,0.0,1.2146147504591405,0.0,0.0,0.0,0.0,0.0,0.0,0.0,0.0,0.0,0.4381722934441723,0.7333357213970668,0.0,1e-08
4146.0,1.243974808643978,0.840665934,0.204972122,0.0,0.0,1.2439748086439781,0.0,0.0,0.0,0.0,0.0,0.0,0.0,0.0,0.0,0.40611379041757756,0.7897406559819429,0.0,1e-08
4147.0,1.2653818906710963,0.833882214,0.219853122,0.0,0.0,1.2653818906710963,0.0,0.0,0.0,0.0,0.0,0.0,0.0,0.0,0.0,0.37139138469467836,0.8470759198558627,0.0,1e-08
4148.0,1.276009413738075,0.832570908,0.232614356,0.0,0.0,1.2760094137380753,0.0,0.0,0.0,0.0,0.0,0.0,0.0,0.0,0.0,0.35818998418962433,0.8962439004181124,0.0,1e-08
4149.0,1.2759408905186225,0.826811091,0.24493962,0.0,0.0,1.2759408905186225,0.0,0.0,0.0,0.0,0.0,0.0,0.0,0.0,0.0,0.3469529364563462,0.9437321245801797,0.0,1e-08
4150.0,1.2619600123996813,0.803856251,0.258371667,0.0,0.0,1.2619600123996813,0.0,0.0,0.0,0.0,0.0,0.0,0.0,0.0,0.0,0.3158772490058275,0.9954846922242827,0.0,1e-08
4151.0,1.2407006835645078,0.726033521,0.271145432,0.0,0.0,1.2407006835645078,0.0,0.0,0.0,0.0,0.0,0.0,0.0,0.0,0.0,0.18438339214947064,1.044700953694509,0.0,1e-08
4152.0,1.2131222290854382,0.593106235,0.297430683,0.0,0.0,1.1641697335696057,0.04895249551583252,0.0,0.0,0.0,0.0,0.0,0.0,0.0,0.0,0.0,1.097023359198582,0.0,1.05e-08
4153.0,1.1844752406530297,0.359161602,0.373763287,0.0,0.0,0.7049749974534879,0.4795002431995419,0.0,0.0,0.0,0.0,0.0,0.0,0.0,0.0,0.0,0.9605788298821485,0.0,1.05e-08
4154.0,1.1314125725894113,0.047029562,0.424594975,0.0,0.0,0.09231127483162482,1.0391012977577867,0.0,0.0,0.0,0.0,0.0,0.0,0.0,0.0,-1.3877787807814457e-17,0.5968280706425493,0.0,1.05e-08
4155.0,1.0634075599839075,3.99e-06,0.411946795,0.0,0.0,7.831712032065768e-06,1.0633997282718755,0.0,0.0,0.0,0.0,0.0,0.0,0.0,0.0,0.0,0.5237972472902885,0.0,1.05e-08
4156.0,1.0070600600877795,0.0,0.385453831,0.0,0.0,0.0,1.0070600600877795,0.0,0.0,0.0,0.0,0.0,0.0,0.0,0.0,0.0,0.4780617134219516,0.0,1.05e-08
4157.0,0.946147200695621,0.0,0.358251703,0.0,0.0,0.0,0.946147200695621,0.0,0.0,0.0,0.0,0.0,0.0,0.0,0.0,0.0,0.4341670204445015,0.0,1.05e-08
4158.0,0.8983843753865408,0.0,0.339291783,0.0,0.0,0.0,0.8983843753865408,0.0,0.0,0.0,0.0,0.0,0.0,0.0,0.0,0.0,0.40887884002625086,0.0,1.05e-08
4159.0,0.8619021850798473,0.0,0.323281629,0.0,0.0,0.0,0.8619021850798473,0.0,0.0,0.0,0.0,0.0,0.0,0.0,0.0,0.0,0.3836752293617668,0.0,1.05e-08
4160.0,0.840231716927958,0.0,0.308555116,0.0,0.0,0.0,0.8402317169279581,0.0,0.0,0.0,0.0,0.0,0.0,0.0,0.0,0.0,0.3486056592905722,0.0,1.05e-08
4161.0,0.8320646057094495,0.0,0.291836877,0.0,0.0,0.0,0.8320646057094495,0.0,0.0,0.0,0.0,0.0,0.0,0.0,0.0,0.0,0.29235877651860565,0.0,1.05e-08
4162.0,0.8333237198668914,0.0,0.274663521,0.0,0.0,0.0,0.8333237198668914,0.0,0.0,0.0,0.0,0.0,0.0,0.0,0.0,0.0,0.22493214016099172,0.0,1.05e-08
4163.0,0.8475958216685061,1.59e-05,0.241008729,0.0,0.0,3.120907802251772e-05,0.8475646125904837,0.0,0.0,0.0,0.0,0.0,0.0,0.0,0.0,6.776263578034403e-21,0.08102211364653256,0.0,1.05e-08
4164.0,0.8847075690539206,0.160677044,0.17486415,0.0,0.0,0.31538254104550395,0.5693250280084166,0.0,0.0,0.0,0.0,0.0,0.0,0.0,0.0,0.0,0.1044120986859387,0.0,1.05e-08
4165.0,0.9365753634783339,0.538532145,0.134874689,0.0,0.0,0.9365753634783338,0.0,0.0,0.0,0.0,0.0,0.0,0.0,0.0,0.0,0.12047443092033472,0.5196610364711964,0.0,1e-08
4166.0,0.9912611753027359,0.695281327,0.147889165,0.0,0.0,0.9912611753027359,0.0,0.0,0.0,0.0,0.0,0.0,0.0,0.0,0.0,0.3734614147565508,0.5698047375424146,0.0,1e-08
4167.0,1.0448656050701515,0.790921952,0.151501351,0.0,0.0,1.0448656050701515,0.0,0.0,0.0,0.0,0.0,0.0,0.0,0.0,0.0,0.5075837603191578,0.5837221918446577,0.0,1e-08
4168.0,1.0876283767097987,0.831492967,0.146156064,0.0,0.0,1.0876283767097987,0.0,0.0,0.0,0.0,0.0,0.0,0.0,0.0,0.0,0.5444552007919468,0.5631272425383722,0.0,1e-08
4169.0,1.1231362524899002,0.845257098,0.146610777,0.0,0.0,1.1231362524899002,0.0,0.0,0.0,0.0,0.0,0.0,0.0,0.0,0.0,0.5359640444012261,0.5648792141694388,0.0,1e-08
4170.0,1.1512136416606091,0.840296828,0.152247233,0.0,0.0,1.1512136416606091,0.0,0.0,0.0,0.0,0.0,0.0,0.0,0.0,0.0,0.4981504631900926,0.5865960135830359,0.0,1e-08
4171.0,1.1773488258299578,0.831290446,0.159532925,0.0,0.0,1.1773488258299578,0.0,0.0,0.0,0.0,0.0,0.0,0.0,0.0,0.0,0.45433723634536016,0.6146671830826734,0.0,1e-08
4172.0,1.2000856865845784,0.827371485,0.165785671,0.0,0.0,1.2000856865845784,0.0,0.0,0.0,0.0,0.0,0.0,0.0,0.0,0.0,0.4239081014010413,0.6387584969625604,0.0,1e-08
4173.0,1.2132378620182647,0.818057023,0.172851405,0.0,0.0,1.2132378620182647,0.0,0.0,0.0,0.0,0.0,0.0,0.0,0.0,0.0,0.392473173055671,0.6659821864560708,0.0,1e-08
4174.0,1.214888843336951,0.794242345,0.183599314,0.0,0.0,1.214888843336951,0.0,0.0,0.0,0.0,0.0,0.0,0.0,0.0,0.0,0.3440779059644603,0.7073929920879422,0.0,1e-08
4175.0,1.1991713298750075,0.714092874,0.20019287,0.0,0.0,1.1991713298750075,0.0,0.0,0.0,0.0,0.0,0.0,0.0,0.0,0.0,0.2024752248413395,0.7713265927778599,0.0,1e-08
4176.0,1.1735500698515535,0.596005097,0.234297965,0.0,0.0,1.1698597216409587,0.0036903482105947265,0.0,0.0,0.0,0.0,0.0,0.0,0.0,0.0,0.0,0.8990403586234511,0.0,1.05e-08
4177.0,1.1449501911325186,0.341807923,0.311828681,0.0,0.0,0.6709125872718069,0.47403760386071164,0.0,0.0,0.0,0.0,0.0,0.0,0.0,0.0,0.0,0.7274125479161431,0.0,1.05e-08
4178.0,1.0961102664676676,0.05089784,0.389746099,0.0,0.0,0.09990406665016499,0.9962061998175026,0.0,0.0,0.0,0.0,0.0,0.0,0.0,0.0,0.0,0.5054533277677328,0.0,1.05e-08
4179.0,1.043214623751465,3.88e-06,0.430983821,0.0,0.0,7.615800171532626e-06,1.0432070079512934,0.0,0.0,0.0,0.0,0.0,0.0,0.0,0.0,8.470329472543003e-22,0.6173380563874766,0.0,1.05e-08
4180.0,0.9924796037986278,0.0,0.436023628,0.0,0.0,0.0,0.9924796037986278,0.0,0.0,0.0,0.0,0.0,0.0,0.0,0.0,0.0,0.6874834206381618,0.0,1.05e-08
4181.0,0.9334896772523583,0.0,0.4334349,0.0,0.0,0.0,0.9334896772523583,0.0,0.0,0.0,0.0,0.0,0.0,0.0,0.0,0.0,0.7364991920216194,0.0,1.05e-08
4182.0,0.8904742262409796,0.0,0.427018622,0.0,0.0,0.0,0.8904742262409796,0.0,0.0,0.0,0.0,0.0,0.0,0.0,0.0,0.0,0.7547932538643652,0.0,1.05e-08
4183.0,0.8557136818230331,0.0,0.415638556,0.0,0.0,0.0,0.8557136818230331,0.0,0.0,0.0,0.0,0.0,0.0,0.0,0.0,0.0,0.7457073439437172,0.0,1.05e-08
4184.0,0.8314842996947102,0.0,0.404110126,0.0,0.0,0.0,0.8314842996947102,0.0,0.0,0.0,0.0,0.0,0.0,0.0,0.0,0.0,0.7255186374958683,0.0,1.05e-08
4185.0,0.818837483004487,0.0,0.368211912,0.0,0.0,0.0,0.8188374830044869,0.0,0.0,0.0,0.0,0.0,0.0,0.0,0.0,0.0,0.5998526007291702,0.0,1.05e-08
4186.0,0.8123384839095281,0.0,0.330267017,0.0,0.0,0.0,0.8123384839095281,0.0,0.0,0.0,0.0,0.0,0.0,0.0,0.0,0.0,0.46015305352393543,0.0,1.05e-08
4187.0,0.8267112291897141,8.31e-06,0.273636044,0.0,0.0,1.631115964573096e-05,0.8266949180300683,0.0,0.0,0.0,0.0,0.0,0.0,0.0,0.0,0.0,0.22760215798334082,0.0,1.05e-08
4188.0,0.8674846861146275,0.151873552,0.195335966,0.0,0.0,0.29810273798269826,0.5693819481319292,0.0,0.0,0.0,0.0,0.0,0.0,0.0,0.0,0.0,0.18323139469967054,0.0,1.05e-08
4189.0,0.928984275573349,0.518648453,0.17510256,0.0,0.0,0.928984275573349,0.0,0.0,0.0,0.0,0.0,0.0,0.0,0.0,0.0,0.08903711033451989,0.6746557007324026,0.0,1e-08
4190.0,0.9947151738332694,0.68980464,0.197076029,0.0,0.0,0.9947151738332695,0.0,0.0,0.0,0.0,0.0,0.0,0.0,0.0,0.0,0.35925758277394737,0.7593176618466018,0.0,1e-08
4191.0,1.0593539832831635,0.786021713,0.196535718,0.0,0.0,1.0593539832831635,0.0,0.0,0.0,0.0,0.0,0.0,0.0,0.0,0.0,0.4834770210193542,0.7572358881916739,0.0,1e-08
4192.0,1.1163181921543652,0.831544217,0.191006825,0.0,0.0,1.1163181921543652,0.0,0.0,0.0,0.0,0.0,0.0,0.0,0.0,0.0,0.5158659806460377,0.7359335201326946,0.0,1e-08
4193.0,1.1626398885043325,0.843311299,0.188369781,0.0,0.0,1.1626398885043325,0.0,0.0,0.0,0.0,0.0,0.0,0.0,0.0,0.0,0.49264112582030717,0.7257732074126397,0.0,1e-08
4194.0,1.1977023633579922,0.837672022,0.190547542,0.0,0.0,1.1977023633579922,0.0,0.0,0.0,0.0,0.0,0.0,0.0,0.0,0.0,0.44650968015635883,0.7341639406690964,0.0,1e-08
4195.0,1.2242294146885855,0.829316291,0.199702931,0.0,0.0,1.2242294146885855,0.0,0.0,0.0,0.0,0.0,0.0,0.0,0.0,0.0,0.40358170676827076,0.7694388982783554,0.0,1e-08
4196.0,1.2441011483298436,0.825829866,0.216230658,0.0,0.0,1.2441011483298436,0.0,0.0,0.0,0.0,0.0,0.0,0.0,0.0,0.0,0.3768666957782918,0.8331188652685516,0.0,1e-08
4197.0,1.2566708763981826,0.817971997,0.232953621,0.0,0.0,1.2566708763981826,0.0,0.0,0.0,0.0,0.0,0.0,0.0,0.0,0.0,0.34887326665890117,0.8975510604408383,0.0,1e-08
4198.0,1.2567565304224984,0.790336357,0.251980425,0.0,0.0,1.2567565304224984,0.0,0.0,0.0,0.0,0.0,0.0,0.0,0.0,0.0,0.2945434085489118,0.970859764695751,0.0,1e-08
4199.0,1.237859111307832,0.718806338,0.272197285,0.0,0.0,1.237859111307832,0.0,0.0,0.0,0.0,0.0,0.0,0.0,0.0,0.0,0.1730391959702966,1.0487536564235982,0.0,1e-08
4200.0,1.2105783045632599,0.592083229,0.300031179,0.0,0.0,1.162161741489637,0.048416563073622805,0.0,0.0,0.0,0.0,0.0,0.0,0.0,0.0,0.0,1.1075787879356023,0.0,1.05e-08
4201.0,1.1782931614480392,0.346777244,0.353294485,0.0,0.0,0.6806665449326833,0.49762661651535595,0.0,0.0,0.0,0.0,0.0,0.0,0.0,0.0,0.0,0.8635878531221426,0.0,1.05e-08
4202.0,1.1311277729585614,0.063996277,0.394584641,0.0,0.0,0.1256141384933117,1.0055136344652496,0.0,0.0,0.0,0.0,0.0,0.0,0.0,0.0,2.7755575615628914e-17,0.5147883957968924,0.0,1.05e-08
4203.0,1.063013551472055,3.13e-06,0.394144111,0.0,0.0,6.143673849715753e-06,1.0630074077982052,0.0,0.0,0.0,0.0,0.0,0.0,0.0,0.0,8.470329472543003e-22,0.45559729676039673,0.0,1.05e-08
4204.0,0.9965203323957241,0.0,0.389319913,0.0,0.0,0.0,0.9965203323957241,0.0,0.0,0.0,0.0,0.0,0.0,0.0,0.0,0.0,0.5034971357331999,0.0,1.05e-08
4205.0,0.9414769150198037,0.0,0.387884061,0.0,0.0,0.0,0.9414769150198037,0.0,0.0,0.0,0.0,0.0,0.0,0.0,0.0,0.0,0.5530083339501999,0.0,1.05e-08
4206.0,0.8923650388277502,0.0,0.391273926,0.0,0.0,0.0,0.8923650388277502,0.0,0.0,0.0,0.0,0.0,0.0,0.0,0.0,0.0,0.6151810799945459,0.0,1.05e-08
4207.0,0.8615060352173869,0.0,0.393647818,0.0,0.0,0.0,0.8615060352173869,0.0,0.0,0.0,0.0,0.0,0.0,0.0,0.0,0.0,0.6551864934045319,0.0,1.05e-08
4208.0,0.8486750623748849,0.0,0.385605014,0.0,0.0,0.0,0.8486750623748849,0.0,0.0,0.0,0.0,0.0,0.0,0.0,0.0,0.0,0.6370292067465826,0.0,1.05e-08
4209.0,0.8567650849715092,0.0,0.362153233,0.0,0.0,0.0,0.8567650849715092,0.0,0.0,0.0,0.0,0.0,0.0,0.0,0.0,0.0,0.5385814090039076,0.0,1.05e-08
4210.0,0.8899153337323192,0.0,0.329920917,0.0,0.0,0.0,0.8899153337323192,0.0,0.0,0.0,0.0,0.0,0.0,0.0,0.0,0.0,0.38124270898796875,0.0,1.05e-08
4211.0,0.9365175470119207,1.79e-05,0.274734067,0.0,0.0,3.513474821402939e-05,0.9364824122637067,0.0,0.0,0.0,0.0,0.0,0.0,0.0,0.0,0.0,0.12204525567528768,0.0,1.05e-08
4212.0,0.9857664696428794,0.164062298,0.219925644,0.0,0.0,0.3220272364047518,0.6637392332381277,0.0,0.0,0.0,0.0,0.0,0.0,0.0,0.0,0.0,0.1836161078936348,0.0,1.05e-08
4213.0,1.040991901820471,0.538626319,0.197986045,0.0,0.0,1.040991901820471,0.0,0.0,0.0,0.0,0.0,0.0,0.0,0.0,0.0,0.016242740610505235,0.7628238783300026,0.0,1e-08
4214.0,1.1006006786924218,0.685300745,0.205667456,0.0,0.0,1.1006006786924218,0.0,0.0,0.0,0.0,0.0,0.0,0.0,0.0,0.0,0.24453167474119608,0.7924197204514347,0.0,1e-08
4215.0,1.1560124083729,0.785396132,0.213432142,0.0,0.0,1.1560124083729,0.0,0.0,0.0,0.0,0.0,0.0,0.0,0.0,0.0,0.38559068358757975,0.8223364142696009,0.0,1e-08
4216.0,1.2069765528407819,0.836463124,0.221318104,0.0,0.0,1.206976552840782,0.0,0.0,0.0,0.0,0.0,0.0,0.0,0.0,0.0,0.4348626232519799,0.8527203744987323,0.0,1e-08
4217.0,1.2491290395571792,0.847542334,0.231420755,0.0,0.0,1.2491290395571792,0.0,0.0,0.0,0.0,0.0,0.0,0.0,0.0,0.0,0.4144567987568317,0.8916450543529841,0.0,1e-08
4218.0,1.2795983173569059,0.845323584,0.242755,0.0,0.0,1.2795983173569057,0.0,0.0,0.0,0.0,0.0,0.0,0.0,0.0,0.0,0.37963248058839705,0.935314964163256,0.0,1e-08
4219.0,1.3004486482259716,0.838384635,0.25394924,0.0,0.0,1.3004486482259716,0.0,0.0,0.0,0.0,0.0,0.0,0.0,0.0,0.0,0.3451621370944713,0.9784454462725222,0.0,1e-08
4220.0,1.3179627548479385,0.836931811,0.262826717,0.0,0.0,1.3179627548479385,0.0,0.0,0.0,0.0,0.0,0.0,0.0,0.0,0.0,0.32479637653734805,1.0126496319004807,0.0,1e-08
4221.0,1.32545534062496,0.829030169,0.263471624,0.0,0.0,1.32545534062496,0.0,0.0,0.0,0.0,0.0,0.0,0.0,0.0,0.0,0.3017941705286282,1.015134405304092,0.0,1e-08
4222.0,1.3163267629835071,0.802905102,0.25750338,0.0,0.0,1.3163267629835071,0.0,0.0,0.0,0.0,0.0,0.0,0.0,0.0,0.0,0.25964354978350856,0.9921392541311911,0.0,1e-08
4223.0,1.2884977704833143,0.733615344,0.250825229,0.0,0.0,1.2884977704833143,0.0,0.0,0.0,0.0,0.0,0.0,0.0,0.0,0.0,0.15146817350487307,0.9664088899234844,0.0,1e-08
4224.0,1.2542597156136939,0.594215015,0.274404862,0.0,0.0,1.1663460858670778,0.08791362974661597,0.0,0.0,0.0,0.0,0.0,0.0,0.0,0.0,0.0,0.9693456385187266,0.0,1.05e-08
4225.0,1.220961713660939,0.351842986,0.359085278,0.0,0.0,0.6906097611163278,0.5303519525446112,0.0,0.0,0.0,0.0,0.0,0.0,0.0,0.0,0.0,0.85317396421971,0.0,1.05e-08
4226.0,1.1650360598345662,0.047810077,0.450524828,0.0,0.0,0.09384329706638868,1.0711927627681774,0.0,0.0,0.0,0.0,0.0,0.0,0.0,0.0,0.0,0.6646421875128756,0.0,1.05e-08
4227.0,1.0907076388839505,5.08e-06,0.491153967,0.0,0.0,9.971202286439623e-06,1.090697667681664,0.0,0.0,0.0,0.0,0.0,0.0,0.0,0.0,0.0,0.801677999321059,0.0,1.05e-08
4228.0,1.0176404734413846,0.0,0.502882358,0.0,0.0,0.0,1.0176404734413846,0.0,0.0,0.0,0.0,0.0,0.0,0.0,0.0,0.0,0.91992371535433,0.0,1.05e-08
4229.0,0.9537211577957427,0.0,0.492238204,0.0,0.0,0.0,0.9537211577957426,0.0,0.0,0.0,0.0,0.0,0.0,0.0,0.0,0.0,0.9428319848132479,0.0,1.05e-08
4230.0,0.904129619067521,0.0,0.471295259,0.0,0.0,0.0,0.904129619067521,0.0,0.0,0.0,0.0,0.0,0.0,0.0,0.0,0.0,0.9117320862810712,0.0,1.05e-08
4231.0,0.8728723242440893,0.0,0.443525526,0.0,0.0,0.0,0.8728723242440893,0.0,0.0,0.0,0.0,0.0,0.0,0.0,0.0,0.0,0.835994893552369,0.0,1.05e-08
4232.0,0.8586558975582796,0.0,0.416580033,0.0,0.0,0.0,0.8586558975582796,0.0,0.0,0.0,0.0,0.0,0.0,0.0,0.0,0.0,0.7463925613262872,0.0,1.05e-08
4233.0,0.8663540529936593,0.0,0.388909426,0.0,0.0,0.0,0.8663540529936593,0.0,0.0,0.0,0.0,0.0,0.0,0.0,0.0,0.0,0.6320818426292629,0.0,1.05e-08
4234.0,0.8935963154272893,0.0,0.368475946,0.0,0.0,0.0,0.8935963154272893,0.0,0.0,0.0,0.0,0.0,0.0,0.0,0.0,0.0,0.5261110694999495,0.0,1.05e-08
4235.0,0.9334789704993188,2.14e-05,0.311736164,0.0,0.0,4.200467104917479e-05,0.9334369658282696,0.0,0.0,0.0,0.0,0.0,0.0,0.0,0.0,0.0,0.2676567255892125,0.0,1.05e-08
4236.0,0.9794644748038468,0.16788391,0.229112434,0.0,0.0,0.3295284305607134,0.6499360442431334,0.0,0.0,0.0,0.0,0.0,0.0,0.0,0.0,0.0,0.2328152399572594,0.0,1.05e-08
4237.0,1.032041056279473,0.540865867,0.215195977,0.0,0.0,1.032041056279473,0.0,0.0,0.0,0.0,0.0,0.0,0.0,0.0,0.0,0.0295894495645328,0.8291323248371069,0.0,1e-08
4238.0,1.0906284089114584,0.706466096,0.23854335,0.0,0.0,1.0906284089114584,0.0,0.0,0.0,0.0,0.0,0.0,0.0,0.0,0.0,0.2960480382789501,0.9190878245829458,0.0,1e-08
4239.0,1.149050877546636,0.781844757,0.236705592,0.0,0.0,1.149050877546636,0.0,0.0,0.0,0.0,0.0,0.0,0.0,0.0,0.0,0.3855814509256539,0.9120070948022586,0.0,1e-08
4240.0,1.1983640406958314,0.830420163,0.226800693,0.0,0.0,1.1983640406958314,0.0,0.0,0.0,0.0,0.0,0.0,0.0,0.0,0.0,0.4316137994638469,0.8738443370702833,0.0,1e-08
4241.0,1.2431953570227043,0.837763297,0.220110628,0.0,0.0,1.2431953570227043,0.0,0.0,0.0,0.0,0.0,0.0,0.0,0.0,0.0,0.40119584426501187,0.8480680692046375,0.0,1e-08
4242.0,1.2765704475973434,0.834684464,0.219347288,0.0,0.0,1.2765704475973436,0.0,0.0,0.0,0.0,0.0,0.0,0.0,0.0,0.0,0.36177751222400123,0.8451269832342377,0.0,1e-08
4243.0,1.3043159274238285,0.828411963,0.220715978,0.0,0.0,1.3043159274238285,0.0,0.0,0.0,0.0,0.0,0.0,0.0,0.0,0.0,0.32172014729655296,0.8504004327545386,0.0,1e-08
4244.0,1.3224081987099268,0.828578105,0.222386441,0.0,0.0,1.3224081987099268,0.0,0.0,0.0,0.0,0.0,0.0,0.0,0.0,0.0,0.3039539853589337,0.8568365887182923,0.0,1e-08
4245.0,1.3273846975226729,0.821685477,0.222227478,0.0,0.0,1.3273846975226729,0.0,0.0,0.0,0.0,0.0,0.0,0.0,0.0,0.0,0.2854483944057984,0.8562241174091605,0.0,1e-08
4246.0,1.3185195060059909,0.802448363,0.220291006,0.0,0.0,1.3185195060059909,0.0,0.0,0.0,0.0,0.0,0.0,0.0,0.0,0.0,0.2565543034222244,0.8487630507399544,0.0,1e-08
4247.0,1.2961873605162622,0.733414668,0.228731607,0.0,0.0,1.2961873605162622,0.0,0.0,0.0,0.0,0.0,0.0,0.0,0.0,0.0,0.14338468957624917,0.8812839892245636,0.0,1e-08
4248.0,1.266139928786291,0.600346014,0.276731911,0.0,0.0,1.1783802258763219,0.087759702909969,0.0,0.0,0.0,0.0,0.0,0.0,0.0,0.0,0.0,0.9784654929450878,0.0,1.05e-08
4249.0,1.2339532877990331,0.344192977,0.393327689,0.0,0.0,0.6755940549682797,0.5583592328307534,0.0,0.0,0.0,0.0,0.0,0.0,0.0,0.0,0.0,0.9570998651958631,0.0,1.05e-08
4250.0,1.1775543954883156,0.048118027,0.496615141,0.0,0.0,0.09444775213412669,1.083106643354189,0.0,0.0,0.0,0.0,0.0,0.0,0.0,0.0,0.0,0.8303104759939,0.0,1.05e-08
4251.0,1.1070375786197517,4.93e-06,0.521780602,0.0,0.0,9.67677702207625e-06,1.1070279018427298,0.0,0.0,0.0,0.0,0.0,0.0,0.0,0.0,1.6940658945086007e-21,0.9033496601465685,0.0,1.05e-08
4252.0,1.0377413315976876,0.0,0.50983461,0.0,0.0,0.0,1.0377413315976876,0.0,0.0,0.0,0.0,0.0,0.0,0.0,0.0,0.0,0.9266093099188109,0.0,1.05e-08
4253.0,0.9676120991891524,0.0,0.492900689,0.0,0.0,0.0,0.9676120991891524,0.0,0.0,0.0,0.0,0.0,0.0,0.0,0.0,0.0,0.9314935434055591,0.0,1.05e-08
4254.0,0.9157742836732496,0.0,0.469134948,0.0,0.0,0.0,0.9157742836732496,0.0,0.0,0.0,0.0,0.0,0.0,0.0,0.0,0.0,0.8917639218275679,0.0,1.05e-08
4255.0,0.8832193303814341,0.0,0.441807269,0.0,0.0,0.0,0.8832193303814341,0.0,0.0,0.0,0.0,0.0,0.0,0.0,0.0,0.0,0.8190275851169121,0.0,1.05e-08
4256.0,0.8686795597538325,0.0,0.410639275,0.0,0.0,0.0,0.8686795597538325,0.0,0.0,0.0,0.0,0.0,0.0,0.0,0.0,0.0,0.7134796492455721,0.0,1.05e-08
4257.0,0.8763241814240147,0.0,0.38655843,0.0,0.0,0.0,0.8763241814240147,0.0,0.0,0.0,0.0,0.0,0.0,0.0,0.0,0.0,0.6130535207961435,0.0,1.05e-08
4258.0,0.9055600412735942,0.0,0.360414274,0.0,0.0,0.0,0.9055600412735942,0.0,0.0,0.0,0.0,0.0,0.0,0.0,0.0,0.0,0.4830863873076334,0.0,1.05e-08
4259.0,0.944648255270095,2.05e-05,0.308782457,0.0,0.0,4.023811946299455e-05,0.9446080171506319,0.0,0.0,0.0,0.0,0.0,0.0,0.0,0.0,0.0,0.24510528516321184,0.0,1.05e-08
4260.0,0.9906830106386045,0.162815078,0.220061995,0.0,0.0,0.31957914921662317,0.6711038614219813,0.0,0.0,0.0,0.0,0.0,0.0,0.0,0.0,0.0,0.17677682885059653,0.0,1.05e-08
4261.0,1.0465251517912695,0.536850329,0.186382584,0.0,0.0,1.0465251517912695,0.0,0.0,0.0,0.0,0.0,0.0,0.0,0.0,0.0,0.007223515137995129,0.7181167015081669,0.0,1e-08
4262.0,1.1064508485531888,0.691590733,0.187719004,0.0,0.0,1.1064508485531888,0.0,0.0,0.0,0.0,0.0,0.0,0.0,0.0,0.0,0.2510277140787118,0.7232658173838731,0.0,1e-08
4263.0,1.1624214707423273,0.784771111,0.171365603,0.0,0.0,1.162421470742327,0.0,0.0,0.0,0.0,0.0,0.0,0.0,0.0,0.0,0.37795480806376824,0.6602575140728708,0.0,1e-08
4264.0,1.2129616277898463,0.829558384,0.152418409,0.0,0.0,1.2129616277898463,0.0,0.0,0.0,0.0,0.0,0.0,0.0,0.0,0.0,0.4153246823038468,0.5872555405724105,0.0,1e-08
4265.0,1.2604096745595659,0.837269575,0.143868957,0.0,0.0,1.2604096745595659,0.0,0.0,0.0,0.0,0.0,0.0,0.0,0.0,0.0,0.3830124318590036,0.554315208175568,0.0,1e-08
4266.0,1.3015428783866057,0.832403461,0.144225599,0.0,0.0,1.3015428783866057,0.0,0.0,0.0,0.0,0.0,0.0,0.0,0.0,0.0,0.33232784869281495,0.5556893203440059,0.0,1e-08
4267.0,1.3304853732029036,0.825697761,0.149811244,0.0,0.0,1.3304853732029036,0.0,0.0,0.0,0.0,0.0,0.0,0.0,0.0,0.0,0.2902231705749072,0.5772103491714395,0.0,1e-08
4268.0,1.3484084777909782,0.824261246,0.1576959,0.0,0.0,1.3484084777909782,0.0,0.0,0.0,0.0,0.0,0.0,0.0,0.0,0.0,0.26948042392925275,0.6075892774904427,0.0,1e-08
4269.0,1.3553464537605553,0.817303168,0.167885763,0.0,0.0,1.355346453760555,0.0,0.0,0.0,0.0,0.0,0.0,0.0,0.0,0.0,0.2488848882622694,0.6468499779772441,0.0,1e-08
4270.0,1.348633319604807,0.788777094,0.176110119,0.0,0.0,1.348633319604807,0.0,0.0,0.0,0.0,0.0,0.0,0.0,0.0,0.0,0.1996060432266895,0.6785377423380435,0.0,1e-08
4271.0,1.329547461636646,0.716003371,0.189733122,0.0,0.0,1.329547461636646,0.0,0.0,0.0,0.0,0.0,0.0,0.0,0.0,0.0,0.07584908364163723,0.7310260476777519,0.0,1e-08
4272.0,1.3000332262080403,0.587531778,0.228880945,0.0,0.0,1.1532279937302239,0.1468052324778164,0.0,0.0,0.0,0.0,0.0,0.0,0.0,0.0,0.0,0.7350541437258753,0.0,1.05e-08
4273.0,1.265730930820183,0.317018792,0.334574073,0.0,0.0,0.622255610951718,0.6434753198684648,0.0,0.0,0.0,0.0,0.0,0.0,0.0,0.0,0.0,0.6456109485830588,0.0,1.05e-08
4274.0,1.2129080940246488,0.049564774,0.443847033,0.0,0.0,0.09728747792040614,1.1156206161042426,0.0,0.0,0.0,0.0,0.0,0.0,0.0,0.0,1.3877787807814457e-17,0.5944853416076996,0.0,1.05e-08
4275.0,1.1450037248977158,4.01e-06,0.479934107,0.0,0.0,7.870968733980883e-06,1.144995853928982,0.0,0.0,0.0,0.0,0.0,0.0,0.0,0.0,1.6940658945086007e-21,0.7041506192206104,0.0,1.05e-08
4276.0,1.0764012754726093,0.0,0.485533637,0.0,0.0,0.0,1.0764012754726093,0.0,0.0,0.0,0.0,0.0,0.0,0.0,0.0,0.0,0.7943197242625573,0.0,1.05e-08
4277.0,1.0001434976242811,0.0,0.480385003,0.0,0.0,0.0,1.0001434976242811,0.0,0.0,0.0,0.0,0.0,0.0,0.0,0.0,0.0,0.8507402405706503,0.0,1.05e-08
4278.0,0.9476011777583812,0.0,0.468349761,0.0,0.0,0.0,0.9476011777583812,0.0,0.0,0.0,0.0,0.0,0.0,0.0,0.0,0.0,0.8569117670855334,0.0,1.05e-08
4279.0,0.9142839036501552,0.0,0.448546385,0.0,0.0,0.0,0.9142839036501553,0.0,0.0,0.0,0.0,0.0,0.0,0.0,0.0,0.0,0.8139282691653706,0.0,1.05e-08
4280.0,0.8962044804677045,0.0,0.425208457,0.0,0.0,0.0,0.8962044804677045,0.0,0.0,0.0,0.0,0.0,0.0,0.0,0.0,0.0,0.7420885834068536,0.0,1.05e-08
4281.0,0.9023394499593214,0.0,0.395225608,0.0,0.0,0.0,0.9023394499593214,0.0,0.0,0.0,0.0,0.0,0.0,0.0,0.0,0.0,0.6204321732118638,0.0,1.05e-08
4282.0,0.928395404156178,0.0,0.363988692,0.0,0.0,0.0,0.928395404156178,0.0,0.0,0.0,0.0,0.0,0.0,0.0,0.0,0.0,0.47402296174281655,0.0,1.05e-08
4283.0,0.971607859423483,1.56e-05,0.308402518,0.0,0.0,3.062022749379097e-05,0.9715772391959893,0.0,0.0,0.0,0.0,0.0,0.0,0.0,0.0,0.0,0.2166721895326792,0.0,1.05e-08
4284.0,1.0284136083497004,0.169046306,0.214017908,0.0,0.0,0.33181002222467965,0.6966035861250207,0.0,0.0,0.0,0.0,0.0,0.0,0.0,0.0,0.0,0.12798973616006104,0.0,1.05e-08
4285.0,1.092397164513579,0.519081444,0.17790009,0.0,0.0,1.0188712758388152,0.0735258886747638,0.0,0.0,0.0,0.0,0.0,0.0,0.0,0.0,2.220446049250313e-16,0.6119084640800302,0.0,1.05e-08
4286.0,1.1636506059912586,0.689164912,0.195064586,0.0,0.0,1.1636506059912586,0.0,0.0,0.0,0.0,0.0,0.0,0.0,0.0,0.0,0.18906647004582067,0.7515677381067759,0.0,1e-08
4287.0,1.2257690457756614,0.780287009,0.200421479,0.0,0.0,1.2257690457756614,0.0,0.0,0.0,0.0,0.0,0.0,0.0,0.0,0.0,0.30580568025188515,0.7722074043724404,0.0,1e-08
4288.0,1.2805940453895766,0.826518181,0.200166778,0.0,0.0,1.2805940453895766,0.0,0.0,0.0,0.0,0.0,0.0,0.0,0.0,0.0,0.3417248475574941,0.7712260624569809,0.0,1e-08
4289.0,1.3243589691137183,0.836682623,0.212387577,0.0,0.0,1.3243589691137183,0.0,0.0,0.0,0.0,0.0,0.0,0.0,0.0,0.0,0.31791104731972686,0.8183117916025449,0.0,1e-08
4290.0,1.3596655579366779,0.834158518,0.231772628,0.0,0.0,1.3596655579366779,0.0,0.0,0.0,0.0,0.0,0.0,0.0,0.0,0.0,0.2776500566173947,0.893000791958327,0.0,1e-08
4291.0,1.38261441240148,0.826190955,0.250634282,0.0,0.0,1.38261441240148,0.0,0.0,0.0,0.0,0.0,0.0,0.0,0.0,0.0,0.23906218986854677,0.9656731869041354,0.0,1e-08
4292.0,1.3990257234603811,0.821551043,0.269545452,0.0,0.0,1.3990257234603811,0.0,0.0,0.0,0.0,0.0,0.0,0.0,0.0,0.0,0.2135434966948273,1.0385363629080706,0.0,1e-08
4293.0,1.4043898067331562,0.812157547,0.29326701,0.0,0.0,1.4043898067331562,0.0,0.0,0.0,0.0,0.0,0.0,0.0,0.0,0.0,0.18974152980141,1.129933566552348,0.0,1e-08
4294.0,1.3949378851499112,0.775813437,0.32444693,0.0,0.0,1.3949378851499112,0.0,0.0,0.0,0.0,0.0,0.0,0.0,0.0,0.0,0.12785595675264472,1.2500672229442378,0.0,1e-08
4295.0,1.3698476800772148,0.695643222,0.372095153,0.0,0.0,1.365432930266265,0.004414749810949707,0.0,0.0,0.0,0.0,0.0,0.0,0.0,0.0,0.0,1.4292371407516187,0.0,1.05e-08
4296.0,1.3343783486080554,0.560298797,0.455424256,0.0,0.0,1.099774142861372,0.23460420574668334,0.0,0.0,0.0,0.0,0.0,0.0,0.0,0.0,0.0,1.5201078359402749,0.0,1.05e-08
4297.0,1.2990696184344879,0.320121572,0.580149754,0.0,0.0,0.6283458564301273,0.6707237620043605,0.0,0.0,0.0,0.0,0.0,0.0,0.0,0.0,1.1102230246251565e-16,1.5645453215236074,0.0,1.05e-08
4298.0,1.243469449900515,0.048838518,0.65459573,0.0,0.0,0.09586195715510289,1.147607492745412,0.0,0.0,0.0,0.0,0.0,0.0,0.0,0.0,1.3877787807814457e-17,1.37449578729566,0.0,1.05e-08
4299.0,1.166314446147479,3.33e-06,0.670897051,0.0,0.0,6.5362408688669185e-06,1.16630790990661,0.0,0.0,0.0,0.0,0.0,0.0,0.0,0.0,8.470329472543003e-22,1.4186030135071162,0.0,1.05e-08
4300.0,1.0874891889202856,0.0,0.66519834,0.0,0.0,0.0,1.0874891889202856,0.0,0.0,0.0,0.0,0.0,0.0,0.0,0.0,0.0,1.4754650717069204,0.0,1.05e-08
4301.0,1.0170880049845479,0.0,0.650971525,0.0,0.0,0.0,1.0170880049845479,0.0,0.0,0.0,0.0,0.0,0.0,0.0,0.0,0.0,1.4910515125400143,0.0,1.05e-08
4302.0,0.9635328262811139,0.0,0.630161482,0.0,0.0,0.0,0.9635328262811139,0.0,0.0,0.0,0.0,0.0,0.0,0.0,0.0,0.0,1.4644273144117421,0.0,1.05e-08
4303.0,0.926209085185518,0.0,0.603337499,0.0,0.0,0.0,0.926209085185518,0.0,0.0,0.0,0.0,0.0,0.0,0.0,0.0,0.0,1.398400464589084,0.0,1.05e-08
4304.0,0.9074615606134043,0.0,0.580434152,0.0,0.0,0.0,0.9074615606134043,0.0,0.0,0.0,0.0,0.0,0.0,0.0,0.0,0.0,1.3289032849181397,0.0,1.05e-08
4305.0,0.9100483121477405,0.0,0.548788245,0.0,0.0,0.0,0.9100483121477405,0.0,0.0,0.0,0.0,0.0,0.0,0.0,0.0,0.0,1.2043874675700457,0.0,1.05e-08
4306.0,0.9335689072248504,0.0,0.515372651,0.0,0.0,0.0,0.9335689072248504,0.0,0.0,0.0,0.0,0.0,0.0,0.0,0.0,0.0,1.0521193488390295,0.0,1.05e-08
4307.0,0.9769141262298449,1.39e-05,0.449859671,0.0,0.0,2.728340783100606e-05,0.9768868428220138,0.0,0.0,0.0,0.0,0.0,0.0,0.0,0.0,0.0,0.7563853124780177,0.0,1.05e-08
4308.0,1.0378591058811217,0.130284454,0.365921811,0.0,0.0,0.2557268987425862,0.7821322071385355,0.0,0.0,0.0,0.0,0.0,0.0,0.0,0.0,5.551115123125783e-17,0.6277343065976129,0.0,1.05e-08
4309.0,1.1078448677989279,0.465327762,0.381900538,0.0,0.0,0.9133616622831167,0.19448320551581127,0.0,0.0,0.0,0.0,0.0,0.0,0.0,0.0,1.1102230246251565e-16,1.2769480235562911,0.0,1.05e-08
4310.0,1.182363868953646,0.643757505,0.403093311,0.0,0.0,1.182363868953646,0.0,0.0,0.0,0.0,0.0,0.0,0.0,0.0,0.0,0.08122595501656416,1.5530852329814555,0.0,1e-08
4311.0,1.2504523942328578,0.738458533,0.377357227,0.0,0.0,1.2504523942328578,0.0,0.0,0.0,0.0,0.0,0.0,0.0,0.0,0.0,0.19901993109990812,1.4539262270529987,0.0,1e-08
4312.0,1.3120119415086005,0.781705956,0.350353892,0.0,0.0,1.3120119415086002,0.0,0.0,0.0,0.0,0.0,0.0,0.0,0.0,0.0,0.22234794348956366,1.349884607692683,0.0,1e-08
4313.0,1.3624236175196456,0.793195496,0.339030842,0.0,0.0,1.3624236175196456,0.0,0.0,0.0,0.0,0.0,0.0,0.0,0.0,0.0,0.1944883398246089,1.3062578312927375,0.0,1e-08
4314.0,1.4041628235687194,0.782706612,0.342948052,0.0,0.0,1.4041628235687191,0.0,0.0,0.0,0.0,0.0,0.0,0.0,0.0,0.0,0.13216118414502342,1.3213505178729108,0.0,1e-08
4315.0,1.4350432406851616,0.763306501,0.35806115,0.0,0.0,1.4350432406851616,0.0,0.0,0.0,0.0,0.0,0.0,0.0,0.0,0.0,0.06320154829622204,1.3795800361702302,0.0,1e-08
4316.0,1.4571655338153167,0.743531894,0.377177471,0.0,0.0,1.4571655338153167,0.0,0.0,0.0,0.0,0.0,0.0,0.0,0.0,0.0,0.002264962541688176,1.4532336420323062,0.0,1e-08
4317.0,1.4694354727985504,0.712661485,0.397117789,0.0,0.0,1.3988369741514683,0.07059849864708204,0.0,0.0,0.0,0.0,0.0,0.0,0.0,0.0,-2.220446049250313e-16,1.4594635416286135,0.0,1.05e-08
4318.0,1.4571826646201798,0.669797102,0.418786532,0.0,0.0,1.3147012588411484,0.14248140577903126,0.0,0.0,0.0,0.0,0.0,0.0,0.0,0.0,0.0,1.4710685115023192,0.0,1.05e-08
4319.0,1.4273772055089005,0.584897304,0.448039548,0.0,0.0,1.1480569557041678,0.2793202498047327,0.0,0.0,0.0,0.0,0.0,0.0,0.0,0.0,-2.220446049250313e-16,1.4469391219130132,0.0,1.05e-08
4320.0,1.3833831572697142,0.467869716,0.492191015,0.0,0.0,0.9183510988061137,0.46503205846360046,0.0,0.0,0.0,0.0,0.0,0.0,0.0,0.0,1.1102230246251565e-16,1.4313392688260602,0.0,1.05e-08
4321.0,1.3365775156823627,0.297539238,0.543222393,0.0,0.0,0.5840204587108472,0.7525570569715156,0.0,0.0,0.0,0.0,0.0,0.0,0.0,0.0,0.0,1.3404339547129942,0.0,1.05e-08
4322.0,1.2732556368563233,0.04590418,0.565963207,0.0,0.0,0.09010233554589293,1.1831533013104305,0.0,0.0,0.0,0.0,0.0,0.0,0.0,0.0,0.0,0.9974561883928772,0.0,1.05e-08
4323.0,1.2030985668898855,3.12e-06,0.558756843,0.0,0.0,6.124045498758195e-06,1.2030924428443868,0.0,0.0,0.0,0.0,0.0,0.0,0.0,0.0,0.0,0.9497515215910277,0.0,1.05e-08
4324.0,1.086022363753878,0.0,0.525440318,0.0,0.0,0.0,1.086022363753878,0.0,0.0,0.0,0.0,0.0,0.0,0.0,0.0,0.0,0.938455781701828,0.0,1.05e-08
4325.0,1.0277048212984874,0.0,0.49740207,0.0,0.0,0.0,1.0277048212984874,0.0,0.0,0.0,0.0,0.0,0.0,0.0,0.0,0.0,0.8887442704886204,0.0,1.05e-08
4326.0,0.9920384855734016,0.0,0.482132053,0.0,0.0,0.0,0.9920384855734016,0.0,0.0,0.0,0.0,0.0,0.0,0.0,0.0,0.0,0.8655764919704269,0.0,1.05e-08
4327.0,0.9639910753112033,0.0,0.469139232,0.0,0.0,0.0,0.9639910753112033,0.0,0.0,0.0,0.0,0.0,0.0,0.0,0.0,0.0,0.8435636360877687,0.0,1.05e-08
4328.0,0.950596927258825,0.0,0.451401983,0.0,0.0,0.0,0.950596927258825,0.0,0.0,0.0,0.0,0.0,0.0,0.0,0.0,0.0,0.7886176287868494,0.0,1.05e-08
4329.0,0.9529288580708218,0.0,0.416497228,0.0,0.0,0.0,0.9529288580708217,0.0,0.0,0.0,0.0,0.0,0.0,0.0,0.0,0.0,0.6518005599881902,0.0,1.05e-08
4330.0,0.9613379419080224,0.0,0.381940123,0.0,0.0,0.0,0.9613379419080224,0.0,0.0,0.0,0.0,0.0,0.0,0.0,0.0,0.0,0.5102458048994774,0.0,1.05e-08
4331.0,0.98555233458209,4.58e-06,0.30617625,0.0,0.0,8.98978473856171e-06,0.9855433447973514,0.0,0.0,0.0,0.0,0.0,0.0,0.0,0.0,0.0,0.1941284572103934,0.0,1.05e-08
4332.0,1.035991848151038,0.111221401,0.229303566,0.0,0.0,0.21830926928193273,0.8176825788691052,0.0,0.0,0.0,0.0,0.0,0.0,0.0,0.0,0.0,0.06580512114035608,0.0,1.05e-08
4333.0,1.103872662421284,0.468469551,0.256356283,0.0,0.0,0.9195284759957764,0.18434418642550757,0.0,0.0,0.0,0.0,0.0,0.0,0.0,0.0,0.0,0.803375397711464,0.0,1.05e-08
4334.0,1.1767256928030605,0.646571304,0.283415224,0.0,0.0,1.1767256928030605,0.0,0.0,0.0,0.0,0.0,0.0,0.0,0.0,0.0,0.09238715459675229,1.0919754488223978,0.0,1e-08
4335.0,1.241525103548547,0.743291609,0.264254607,0.0,0.0,1.241525103548547,0.0,0.0,0.0,0.0,0.0,0.0,0.0,0.0,0.0,0.21743375297747414,1.0181511741310385,0.0,1e-08
4336.0,1.2947440902065415,0.802116318,0.236914683,0.0,0.0,1.2947440902065415,0.0,0.0,0.0,0.0,0.0,0.0,0.0,0.0,0.0,0.27967796964230374,0.9128127051549675,0.0,1e-08
4337.0,1.3233825132365187,0.821623624,0.219540683,0.0,0.0,1.3233825132365185,0.0,0.0,0.0,0.0,0.0,0.0,0.0,0.0,0.0,0.2893291714527748,0.8458721181953893,0.0,1e-08
4338.0,1.3509780985204511,0.820250372,0.215893296,0.0,0.0,1.3509780985204511,0.0,0.0,0.0,0.0,0.0,0.0,0.0,0.0,0.0,0.25903811894792517,0.8318190373476436,0.0,1e-08
4339.0,1.3607897670058224,0.810366106,0.221822458,0.0,0.0,1.3607897670058224,0.0,0.0,0.0,0.0,0.0,0.0,0.0,0.0,0.0,0.22982526626196798,0.8546636088026008,0.0,1e-08
4340.0,1.3708840937714357,0.804944036,0.230356769,0.0,0.0,1.3708840937714357,0.0,0.0,0.0,0.0,0.0,0.0,0.0,0.0,0.0,0.20908831020870977,0.8875456041770444,0.0,1e-08
4341.0,1.36735086526841,0.791298932,0.242037818,0.0,0.0,1.36735086526841,0.0,0.0,0.0,0.0,0.0,0.0,0.0,0.0,0.0,0.18583844969529717,0.9325517211543435,0.0,1e-08
4342.0,1.3494898598479648,0.764585084,0.258904759,0.0,0.0,1.3494898598479648,0.0,0.0,0.0,0.0,0.0,0.0,0.0,0.0,0.0,0.15126457671865579,0.9975386516684781,0.0,1e-08
4343.0,1.324243336180892,0.689154381,0.27873781,0.0,0.0,1.324243336180892,0.0,0.0,0.0,0.0,0.0,0.0,0.0,0.0,0.0,0.02845306923979396,1.0739537590208006,0.0,1e-08
4344.0,1.280990195252037,0.558352502,0.318123112,0.0,0.0,1.095953886728678,0.185036308523359,0.0,0.0,0.0,0.0,0.0,0.0,0.0,0.0,0.0,1.0406657659953262,0.0,1.05e-08
4345.0,1.237717782167711,0.352025253,0.380689703,0.0,0.0,0.6909675211807258,0.5467502609869851,0.0,0.0,0.0,0.0,0.0,0.0,0.0,0.0,0.0,0.9200157208414655,0.0,1.05e-08
4346.0,1.1872547137420764,0.047373908,0.42435014,0.0,0.0,0.09298716924550796,1.0942675444965684,0.0,0.0,0.0,0.0,0.0,0.0,0.0,0.0,0.0,0.5407184948714061,0.0,1.05e-08
4347.0,1.1189991631154488,3.15e-06,0.423578833,0.0,0.0,6.182930551630869e-06,1.1189929801848972,0.0,0.0,0.0,0.0,0.0,0.0,0.0,0.0,0.0,0.513021277019728,0.0,1.05e-08
4348.0,1.0942901184509575,0.0,0.407747028,0.0,0.0,0.0,1.0942901184509575,0.0,0.0,0.0,0.0,0.0,0.0,0.0,0.0,0.0,0.47672550174839645,0.0,1.05e-08
4349.0,1.018764682510529,0.0,0.397647356,0.0,0.0,0.0,1.018764682510529,0.0,0.0,0.0,0.0,0.0,0.0,0.0,0.0,0.0,0.5133377356755167,0.0,1.05e-08
4350.0,0.9677812658871761,0.0,0.392013029,0.0,0.0,0.0,0.9677812658871761,0.0,0.0,0.0,0.0,0.0,0.0,0.0,0.0,0.0,0.5426125557464234,0.0,1.05e-08
4351.0,0.9245109941534579,0.0,0.395153943,0.0,0.0,0.0,0.9245109941534578,0.0,0.0,0.0,0.0,0.0,0.0,0.0,0.0,0.0,0.5979845096920421,0.0,1.05e-08
4352.0,0.8966434573423229,0.0,0.390744328,0.0,0.0,0.0,0.8966434573423229,0.0,0.0,0.0,0.0,0.0,0.0,0.0,0.0,0.0,0.6088621641291835,0.0,1.05e-08
4353.0,0.8783477577484747,0.0,0.370688069,0.0,0.0,0.0,0.8783477577484747,0.0,0.0,0.0,0.0,0.0,0.0,0.0,0.0,0.0,0.5498827543830224,0.0,1.05e-08
4354.0,0.8672812578068776,0.0,0.346714803,0.0,0.0,0.0,0.8672812578068776,0.0,0.0,0.0,0.0,0.0,0.0,0.0,0.0,0.0,0.46858224054666975,0.0,1.05e-08
4355.0,0.8898296797080034,8.58e-06,0.302114671,0.0,0.0,1.6841125121585032e-05,0.8898128385828818,0.0,0.0,0.0,0.0,0.0,0.0,0.0,0.0,0.0,0.27421003501213725,0.0,1.05e-08
4356.0,0.9420679277875825,0.135603616,0.217919367,0.0,0.0,0.266167536596197,0.6759003911913855,0.0,0.0,0.0,0.0,0.0,0.0,0.0,0.0,0.0,0.16372493037185498,0.0,1.05e-08
4357.0,1.0167389648354612,0.50447532,0.196864676,0.0,0.0,0.9902018630386537,0.026537101796807495,0.0,0.0,0.0,0.0,0.0,0.0,0.0,0.0,0.0,0.7319662343979197,0.0,1.05e-08
4358.0,1.0945427978226892,0.653898075,0.231679999,0.0,0.0,1.0945427978226892,0.0,0.0,0.0,0.0,0.0,0.0,0.0,0.0,0.0,0.18895129283448964,0.8926439000722053,0.0,1e-08
4359.0,1.162325109964972,0.76924941,0.242587462,0.0,0.0,1.162325109964972,0.0,0.0,0.0,0.0,0.0,0.0,0.0,0.0,0.0,0.3475846293724949,0.9346694540873935,0.0,1e-08
4360.0,1.2223728637115412,0.812225004,0.250751769,0.0,0.0,1.2223728637115412,0.0,0.0,0.0,0.0,0.0,0.0,0.0,0.0,0.0,0.3718908797900795,0.9661258546110608,0.0,1e-08
4361.0,1.2725789700642287,0.829720078,0.262613303,0.0,0.0,1.2725789700642287,0.0,0.0,0.0,0.0,0.0,0.0,0.0,0.0,0.0,0.35602471868743746,1.0118273653858387,0.0,1e-08
4362.0,1.3094508861815588,0.825143839,0.274713971,0.0,0.0,1.3094508861815588,0.0,0.0,0.0,0.0,0.0,0.0,0.0,0.0,0.0,0.3101704000543406,1.0584502397108637,0.0,1e-08
4363.0,1.3411471578796088,0.818295247,0.2826859,0.0,0.0,1.3411471578796088,0.0,0.0,0.0,0.0,0.0,0.0,0.0,0.0,0.0,0.265031471622178,1.0891654236903783,0.0,1e-08
4364.0,1.3663722680406025,0.817347892,0.283928808,0.0,0.0,1.3663722680406025,0.0,0.0,0.0,0.0,0.0,0.0,0.0,0.0,0.0,0.23794685981904462,1.0939542455538958,0.0,1e-08
4365.0,1.3806807728025516,0.812422296,0.273189822,0.0,0.0,1.477149435055633,0.0,0.0,0.09646866225308116,0.0,0.0,0.0,0.0,0.0,0.0,0.11750156010769985,1.0525778195040114,0.0,1e-08
4366.0,1.3783895276521048,0.783812097,0.260288894,0.0,0.0,1.538493892469574,0.0,0.0,0.16010436481746923,0.0,0.08682179602777304,0.0,0.0,0.0,0.0,2.220446049250313e-16,1.002871609498068,0.0,1.0000136218855531e-08
4367.0,1.3583379205597834,0.704109394,0.260113943,0.0,0.0,1.3820506297945705,0.0,0.0,0.02371270923478711,0.0,0.2309145417030364,0.0,0.0,0.0,0.0,2.220446049250313e-16,1.0021975377454975,0.0,1.000027243956662e-08
4368.0,1.3247808151834735,0.571133609,0.280564912,0.0,0.0,1.1210410921108886,0.20373972307258473,0.0,0.0,0.0,0.2522528345657321,0.0,0.0,0.0,0.0,0.0,0.8772537090410569,0.0,1.05e-08
4369.0,1.2933650604150577,0.338760941,0.353919887,0.0,0.0,0.6649318640660705,0.6284331963489871,0.0,0.0,0.0,0.2522493984532955,0.0,0.0,0.0,0.0,1.1102230246251565e-16,0.7351908955381774,0.0,1.05e-08
4370.0,1.2376128559879243,0.046485034,0.435827487,0.0,0.0,0.09124245616260308,1.1463703998253212,0.0,0.0,0.0,0.25224596238766467,0.0,0.0,0.0,0.0,0.0,0.5328369095391283,0.0,1.05e-08
4371.0,1.1667491403208814,2.71e-06,0.459871087,0.0,0.0,5.319283109498303e-06,1.1667438210377716,0.0,0.0,0.0,0.2522425263688388,0.0,0.0,0.0,0.0,0.0,0.6051014931972496,0.0,1.05e-08
4372.0,1.0930095907874369,0.0,0.454010025,0.0,0.0,0.0,1.0930095907874369,0.0,0.0,0.0,0.25223909039681736,0.0,0.0,0.0,0.0,0.0,0.6562535356677708,0.0,1.05e-08
4373.0,1.031053893649234,0.0,0.440721735,0.0,0.0,0.0,1.031053893649234,0.0,0.0,0.0,0.25223565447159974,0.0,0.0,0.0,0.0,0.0,0.6670105490089728,0.0,1.05e-08
4374.0,0.9785565421460997,0.0,0.42235121,0.0,0.0,0.0,0.9785565421460997,0.0,0.0,0.0,0.25223221859318523,0.0,0.0,0.0,0.0,0.0,0.6487277850375125,0.0,1.05e-08
4375.0,0.9419308813486773,0.0,0.40218793,0.0,0.0,0.0,0.9419308813486772,0.0,0.0,0.0,0.25222878276157323,0.0,0.0,0.0,0.0,0.0,0.6076659934215402,0.0,1.05e-08
4376.0,0.9230441689870504,0.0,0.380177267,0.0,0.0,0.0,0.9230441689870504,0.0,0.0,0.0,0.2522253469767631,0.0,0.0,0.0,0.0,0.0,0.5417474392590808,0.0,1.05e-08
4377.0,0.9286673556833805,0.0,0.353223248,0.0,0.0,0.0,0.9286673556833805,0.0,0.0,0.0,0.2522219112387542,0.0,0.0,0.0,0.0,0.0,0.43227264367708107,0.0,1.05e-08
4378.0,0.9548475082154951,0.0,0.325810941,0.0,0.0,0.0,0.9548475082154951,0.0,0.0,0.0,0.2522184755475459,0.0,0.0,0.0,0.0,0.0,0.30047513644851487,0.0,1.05e-08
4379.0,0.9984967990068104,5.34e-06,0.261908082,0.0,0.0,1.0481539411336141e-05,0.998486317467399,0.0,0.0,0.0,0.25221503990313754,0.0,0.0,0.0,0.0,-1.6940658945086007e-21,0.010623889654584495,0.0,1.05e-08
4380.0,1.0602940362000293,0.115705689,0.150788252,0.0,0.0,0.22711118714780948,0.5809746802975017,0.0,0.0,0.25220816875471813,0.25221160430552847,0.0,0.0,0.0,0.0,0.0,0.0,0.0,1.1113381641864482e-08
4381.0,1.1341042503035343,0.450823794,0.103577252,0.0,0.0,0.8848927648649973,0.2492114854385371,0.0,0.0,0.0,0.0,0.0,0.0,0.0,0.0,0.0,0.14986311134632224,0.0,1.05e-08
4382.0,1.2112999397181203,0.656703691,0.146275966,0.0,0.0,1.2112999397181203,0.0,0.0,0.0,0.0,0.0,0.0,0.0,0.0,0.0,0.07770111248907274,0.5635892150408258,0.0,1e-08
4383.0,1.2817353852635842,0.734632423,0.162145728,0.0,0.0,1.2817353852635842,0.0,0.0,0.0,0.0,0.0,0.0,0.0,0.0,0.0,0.16022691708095937,0.6247340972319625,0.0,1e-08
4384.0,1.3419051959948034,0.799326691,0.164780389,0.0,0.0,1.3419051959948034,0.0,0.0,0.0,0.0,0.0,0.0,0.0,0.0,0.0,0.22704128607437357,0.6348852284498461,0.0,1e-08
4385.0,1.393869351196572,0.81327407,0.175838111,0.0,0.0,1.393869351196572,0.0,0.0,0.0,0.0,0.0,0.0,0.0,0.0,0.0,0.20245353586761272,0.6774897179810905,0.0,1e-08
4386.0,1.4331117424368411,0.81053474,0.194466756,0.0,0.0,1.4331117424368411,0.0,0.0,0.0,0.0,0.0,0.0,0.0,0.0,0.0,0.15783429156448703,0.7492643484957453,0.0,1e-08
4387.0,1.4607844163426578,0.802812276,0.215118475,0.0,0.0,1.4607844163426578,0.0,0.0,0.0,0.0,0.0,0.0,0.0,0.0,0.0,0.11500369429375934,0.8288337160325402,0.0,1e-08
4388.0,1.4782963816140167,0.797807846,0.233609136,0.0,0.0,1.5122635548059542,0.0,0.0,0.033967173191937504,0.0,0.0,0.0,0.0,0.0,0.0,0.05370168499220962,0.9000767055922605,0.0,1e-08
4389.0,1.4844720367671835,0.783580374,0.248593912,0.0,0.0,1.5380390584326804,0.0,0.0,0.053567021665496824,0.0,0.030570455872743756,0.0,0.0,0.0,0.0,0.0,0.9578118098225932,0.0,1.0000136218855531e-08
4390.0,1.478474113714472,0.752815508,0.261188078,0.0,0.0,1.4776526997316548,0.0008214139828171387,0.0,0.0,0.0,0.07878035895011214,0.0,0.0,0.0,0.0,2.220446049250313e-16,1.0055146771973427,0.0,1.05e-08
4391.0,1.4525744781119916,0.668410674,0.276902531,0.0,0.0,1.3119799293050098,0.14059454880698194,0.0,0.0,0.0,0.07877928582769662,0.0,0.0,0.0,0.0,0.0,0.9262880318153734,0.0,1.05e-08
4392.0,1.4126382892747646,0.533739821,0.322016702,0.0,0.0,1.0476432526612351,0.36499503661352944,0.0,0.0,0.0,0.07877821271989886,0.0,0.0,0.0,0.0,2.220446049250313e-16,0.8757087185762704,0.0,1.05e-08
4393.0,1.3637469721953241,0.315464067,0.434353646,0.0,0.0,0.6192039421574691,0.7445430300378552,0.0,0.0,0.0,0.07877713962671866,0.0,0.0,0.0,0.0,0.0,0.9289856916884515,0.0,1.05e-08
4394.0,1.2976027932680803,0.052695409,0.543123351,0.0,0.0,0.1034323981704077,1.1941703950976725,0.0,0.0,0.0,0.0787760665481558,0.0,0.0,0.0,0.0,1.3877787807814457e-17,0.8984390159414102,0.0,1.05e-08
4395.0,1.2145804888494143,2.28e-06,0.575488023,0.0,0.0,4.475264018323297e-06,1.214576013585396,0.0,0.0,0.0,0.07877499348421012,0.0,0.0,0.0,0.0,-8.470329472543003e-22,1.0027318054446055,0.0,1.05e-08
4396.0,1.1329928893380372,0.0,0.55059215,0.0,0.0,0.0,1.1329928893380372,0.0,0.0,0.0,0.07877392043488138,0.0,0.0,0.0,0.0,0.0,0.9883931873475924,0.0,1.05e-08
4397.0,1.0579342678301298,0.0,0.520754771,0.0,0.0,0.0,1.0579342678301298,0.0,0.0,0.0,0.07877284740016939,0.0,0.0,0.0,0.0,0.0,0.9484908520467401,0.0,1.05e-08
4398.0,1.0001178014169865,0.0,0.49151461,0.0,0.0,0.0,1.0001178014169865,0.0,0.0,0.0,0.07877177438007396,0.0,0.0,0.0,0.0,0.0,0.8936473932767037,0.0,1.05e-08
4399.0,0.960477118963649,0.0,0.463766765,0.0,0.0,0.0,0.960477118963649,0.0,0.0,0.0,0.0787707013745949,0.0,0.0,0.0,0.0,0.0,0.8263779208340243,0.0,1.05e-08
4400.0,0.9399244358290804,0.0,0.437581758,0.0,0.0,0.0,0.9399244358290804,0.0,0.0,0.0,0.07876962838373198,0.0,0.0,0.0,0.0,0.0,0.7460419348008327,0.0,1.05e-08
4401.0,0.9412649213096221,0.0,0.405568488,0.0,0.0,0.0,0.9412649213096221,0.0,0.0,0.0,0.07876855540748504,0.0,0.0,0.0,0.0,0.0,0.6213569642106181,0.0,1.05e-08
4402.0,0.9667148732844447,0.0,0.377092856,0.0,0.0,0.0,0.9667148732844447,0.0,0.0,0.0,0.07876748244585384,0.0,0.0,0.0,0.0,0.0,0.4861927541418073,0.0,1.05e-08
4403.0,1.0121222129248413,4.85e-06,0.311023955,0.0,0.0,9.519750214415784e-06,1.012112693174627,0.0,0.0,0.0,0.07876640949883822,0.0,0.0,0.0,0.0,0.0,0.18623691579218793,0.0,1.05e-08
4404.0,1.0712234897027213,0.108547607,0.202287797,0.0,0.0,0.21306105257991137,0.7793981734741571,0.0,0.0,0.07876426364865283,0.07876533656643794,0.0,0.0,0.0,0.0,2.7755575615628914e-17,0.0,0.0,1.1113533027077317e-08
4405.0,1.142755306759427,0.43999834,0.186936541,0.0,0.0,0.8636441838263069,0.2791111229331201,0.0,0.0,0.0,0.0,0.0,0.0,0.0,0.0,0.0,0.44113992914085587,0.0,1.05e-08
4406.0,1.2207882642616996,0.640057867,0.226443753,0.0,0.0,1.2207882642616996,0.0,0.0,0.0,0.0,0.0,0.0,0.0,0.0,0.0,0.03553978040051864,0.8724690767324594,0.0,1e-08
4407.0,1.2984079410966485,0.750844105,0.224642911,0.0,0.0,1.2984079410966485,0.0,0.0,0.0,0.0,0.0,0.0,0.0,0.0,0.0,0.17537521963872815,0.865530581250621,0.0,1e-08
4408.0,1.3627662336169086,0.800640252,0.209938677,0.0,0.0,1.3627662336169086,0.0,0.0,0.0,0.0,0.0,0.0,0.0,0.0,0.0,0.20875855208348448,0.8088763821743584,0.0,1e-08
4409.0,1.4144348824347879,0.817754731,0.206711694,0.0,0.0,1.4144348824347879,0.0,0.0,0.0,0.0,0.0,0.0,0.0,0.0,0.0,0.1906828032923813,0.7964430832145,0.0,1e-08
4410.0,1.4493110597855607,0.813492641,0.211494947,0.0,0.0,1.4493110597855607,0.0,0.0,0.0,0.0,0.0,0.0,0.0,0.0,0.0,0.14744084610833852,0.8148725619411123,0.0,1e-08
4411.0,1.4680714324613218,0.804468878,0.220219841,0.0,0.0,1.4680714324613218,0.0,0.0,0.0,0.0,0.0,0.0,0.0,0.0,0.0,0.11096831472039459,0.8484888578729705,0.0,1e-08
4412.0,1.4765554635697986,0.797025154,0.228298327,0.0,0.0,1.4765554635697986,0.0,0.0,0.0,0.0,0.0,0.0,0.0,0.0,0.0,0.08787348090159774,0.8796145971721954,0.0,1e-08
4413.0,1.4737802731819678,0.783907835,0.235139758,0.0,0.0,1.4760230659663605,0.0,0.0,0.0022427927843926445,0.0,0.0,0.0,0.0,0.0,0.0,0.06265874440961117,0.9059740657334625,0.0,1e-08
4414.0,1.4583796796099926,0.751083745,0.246859032,0.0,0.0,1.4742535345377235,0.0,0.0,0.01587385492773071,0.0,0.0020185135059533803,0.0,0.0,0.0,0.0,0.0,0.951127460478491,0.0,1.0000136218855531e-08
4415.0,1.4240388399111934,0.67295488,0.265986942,0.0,0.0,1.3208994563241543,0.10313938358703906,0.0,0.0,0.0,0.0163049554453256,0.0,0.0,0.0,0.0,0.0,0.9216863342133113,0.0,1.05e-08
4416.0,1.3801197389432833,0.5472104,0.325907192,0.0,0.0,1.0740837778825867,0.3060359610606964,0.0,0.0,0.0,0.016304733344114006,0.0,0.0,0.0,0.0,2.220446049250313e-16,0.9496575307562689,0.0,1.05e-08
4417.0,1.3338323042030422,0.321296405,0.456609554,0.0,0.0,0.6306518598741795,0.7031804443288628,0.0,0.0,0.0,0.016304511245927814,0.0,0.0,0.0,0.0,0.0,1.0560984526500263,0.0,1.05e-08
4418.0,1.2733091706215205,0.048782262,0.546527084,0.0,0.0,0.09575153590395606,1.1775576347175645,0.0,0.0,0.0,0.01630428915076698,0.0,0.0,0.0,0.0,0.0,0.9281660784323558,0.0,1.05e-08
4419.0,1.2007687774284967,2.3e-06,0.548823888,0.0,0.0,4.514520720238413e-06,1.2007642629077766,0.0,0.0,0.0,0.016304067058631452,0.0,0.0,0.0,0.0,0.0,0.9138088463450045,0.0,1.05e-08
4420.0,1.1248664637810788,0.0,0.516104282,0.0,0.0,0.0,1.1248664637810788,0.0,0.0,0.0,0.0163038449695212,0.0,0.0,0.0,0.0,0.0,0.8636407060952698,0.0,1.05e-08
4421.0,1.0554117568140304,0.0,0.48042517,0.0,0.0,0.0,1.0554117568140304,0.0,0.0,0.0,0.01630362288343618,0.0,0.0,0.0,0.0,0.0,0.7956267415142273,0.0,1.05e-08
4422.0,0.9956166824391928,0.0,0.445985355,0.0,0.0,0.0,0.9956166824391928,0.0,0.0,0.0,0.016303400800376348,0.0,0.0,0.0,0.0,0.0,0.7227280533197495,0.0,1.05e-08
4423.0,0.9528153664886034,0.0,0.417167245,0.0,0.0,0.0,0.9528153664886034,0.0,0.0,0.0,0.016303178720341666,0.0,0.0,0.0,0.0,0.0,0.6544955717300089,0.0,1.05e-08
4424.0,0.9224574389204874,0.0,0.394386204,0.0,0.0,0.0,0.9224574389204874,0.0,0.0,0.0,0.016302956643332093,0.0,0.0,0.0,0.0,0.0,0.5970800299709571,0.0,1.05e-08
4425.0,0.9058298514501889,0.0,0.364082658,0.0,0.0,0.0,0.905829851450189,0.0,0.0,0.0,0.016302734569347582,0.0,0.0,0.0,0.0,0.0,0.4969505576854951,0.0,1.05e-08
4426.0,0.9016970447769531,0.0,0.335748565,0.0,0.0,0.0,0.9016970447769531,0.0,0.0,0.0,0.016302512498388103,0.0,0.0,0.0,0.0,0.0,0.39191444434104505,0.0,1.05e-08
4427.0,0.9153674270577498,8.37e-06,0.273920827,0.0,0.0,1.6428929751476308e-05,0.9153509981279982,0.0,0.0,0.0,0.016302290430453604,0.0,0.0,0.0,0.0,0.0,0.14004332326218705,0.0,1.05e-08
4428.0,0.9634364655037587,0.124851204,0.182218361,0.0,0.0,0.24506232495857083,0.7020722942415284,0.0,0.0,0.016301846303659395,0.01630206836554405,0.0,0.0,0.0,0.0,2.7755575615628914e-17,1.1102230246251565e-16,0.0,1.1113381641864482e-08
4429.0,1.039285245385979,0.460166447,0.167833494,0.0,0.0,0.9032308520608657,0.1360543933251134,0.0,0.0,0.0,0.0,0.0,0.0,0.0,0.0,0.0,0.5105941965123937,0.0,1.05e-08
4430.0,1.1210313048423404,0.669466828,0.182155129,0.0,0.0,1.1210313048423404,0.0,0.0,0.0,0.0,0.0,0.0,0.0,0.0,0.0,0.1930216806003926,0.7018286665683025,0.0,1e-08
4431.0,1.199910095834731,0.769002379,0.168964927,0.0,0.0,1.1999100958347308,0.0,0.0,0.0,0.0,0.0,0.0,0.0,0.0,0.0,0.30951476238619646,0.6510079077335262,0.0,1e-08
4432.0,1.2603218791846422,0.794915083,0.150553456,0.0,0.0,1.2603218791846422,0.0,0.0,0.0,0.0,0.0,0.0,0.0,0.0,0.0,0.29996534387341756,0.5800700307029488,0.0,1e-08
4433.0,1.3036670981896368,0.818349299,0.144360307,0.0,0.0,1.3036670981896368,0.0,0.0,0.0,0.0,0.0,0.0,0.0,0.0,0.0,0.30261762647474577,0.556208339141528,0.0,1e-08
4434.0,1.330461818346217,0.81543116,0.15025357,0.0,0.0,1.330461818346217,0.0,0.0,0.0,0.0,0.0,0.0,0.0,0.0,0.0,0.27009508067467203,0.5789145947146352,0.0,1e-08
4435.0,1.344526209138866,0.804036599,0.162261852,0.0,0.0,1.444597369884561,0.0,0.0,0.10007116074569473,0.0,0.0,0.0,0.0,0.0,0.0,0.1335938849047973,0.6251815134124675,0.0,1e-08
4436.0,1.3529695545857927,0.794939206,0.175208114,0.0,0.0,1.5603345725290747,0.0,0.0,0.207365017943282,0.0,0.09006404467112526,0.0,0.0,0.0,0.0,0.0,0.6750623915759579,0.0,1.0000136218855531e-08
4437.0,1.3533400082409583,0.78087168,0.187028991,0.0,0.0,1.5327223387858169,0.0,0.0,0.17938233054485864,0.0,0.27669133399468177,0.0,0.0,0.0,0.0,2.220446049250313e-16,0.7206072542878825,0.0,1.000027243956662e-08
4438.0,1.3388559127291622,0.75105544,0.201350426,0.0,0.0,1.4741979764903381,0.0,0.0,0.13534206376117602,0.0,0.43813166247871027,0.0,0.0,0.0,0.0,2.220446049250313e-16,0.7757865604351973,0.0,1.0000408662133296e-08
4439.0,1.3095750845168168,0.669043882,0.223221167,0.0,0.0,1.3132228121903233,0.0,0.0,0.003647727673506348,0.0,0.5599335517657019,0.0,0.0,0.0,0.0,0.0,0.8600527190504219,0.0,1.0000544886555574e-08
4440.0,1.2706795920750265,0.534301461,0.259267935,0.0,0.0,1.0487456593644156,0.2219339327106107,0.0,0.0,0.0,0.5632088794249956,0.0,0.0,0.0,0.0,2.220446049250313e-16,0.7770040060886165,0.0,1.05e-08
4441.0,1.2302380444943366,0.314618954,0.319180874,0.0,0.0,0.6175451247011896,0.6126929197931471,0.0,0.0,0.0,0.5632012075626028,0.0,0.0,0.0,0.0,0.0,0.6170846243435616,0.0,1.05e-08
4442.0,1.1870705575897975,0.049297925,0.375418225,0.0,0.0,0.0967636973379388,1.0903068602518589,0.0,0.0,0.0,0.5631935358047138,0.0,0.0,0.0,0.0,0.0,0.3561485522509038,0.0,1.05e-08
4443.0,1.1303954310506616,2.4e-06,0.378152856,0.0,0.0,4.710804229813996e-06,1.1303907202464318,0.0,0.0,0.0,0.5631858641513271,0.0,0.0,0.0,0.0,0.0,0.32660099962699163,0.0,1.05e-08
4444.0,1.0689086896955875,0.0,0.355622193,0.0,0.0,0.0,1.0689086896955875,0.0,0.0,0.0,0.5631781926024414,0.0,0.0,0.0,0.0,0.0,0.301274246604194,0.0,1.05e-08
4445.0,1.0098930669420234,0.0,0.324872615,0.0,0.0,0.0,1.0098930669420234,0.0,0.0,0.0,0.5631705211580553,0.0,0.0,0.0,0.0,0.0,0.24181428514690673,0.0,1.05e-08
4446.0,0.9617062542125802,0.0,0.302693797,0.0,0.0,0.0,0.9617062542125802,0.0,0.0,0.0,0.5631628498181672,0.0,0.0,0.0,0.0,0.0,0.2045479440263639,0.0,1.05e-08
4447.0,0.9270377878707731,0.0,0.286682363,0.0,0.0,0.0,0.9270377878707731,0.0,0.0,0.0,0.5631551785827759,0.0,0.0,0.0,0.0,0.0,0.17752567766271776,0.0,1.05e-08
4448.0,0.9084166029845251,0.0,0.278253521,0.0,0.0,0.0,0.9084166029845252,0.0,0.0,0.0,0.5631475074518798,0.0,0.0,0.0,0.0,0.0,0.1636712305200979,0.0,1.05e-08
4449.0,0.9125194307492505,0.0,0.262974757,0.0,0.0,0.0,0.9125194307492505,0.0,0.0,0.0,0.5631398364254775,0.0,0.0,0.0,0.0,0.0,0.10070058704356921,0.0,1.05e-08
4450.0,0.9381321253702729,0.0,0.245826971,0.0,0.0,0.0,0.9381321253702729,0.0,0.0,0.0,0.5631321655035677,0.0,0.0,0.0,0.0,0.0,0.009018889320368983,0.0,1.05e-08
4451.0,0.9831219016421301,5.94e-06,0.200492394,0.0,0.0,1.1659240468789639e-05,0.7724806340100735,0.0,0.0,0.21062960839158787,0.5631244946861489,0.0,0.0,0.0,0.0,0.0,0.0,0.0,1.1113533027077317e-08
4452.0,1.045884887959509,0.105839077,0.126049372,0.0,0.0,0.20774465483800383,0.48565781901497773,0.0,0.0,0.3524824141065274,0.3524872155816319,0.0,0.0,0.0,0.0,0.0,0.0,0.0,1.1113684414352305e-08
4453.0,1.1193482032645354,0.420449722,0.115121472,0.0,0.0,0.8252734703423829,0.2940747329221526,0.0,0.0,0.0,0.0,0.0,0.0,0.0,0.0,0.0,0.1494787900046719,0.0,1.05e-08
4454.0,1.1990728277470444,0.633782362,0.142981875,0.0,0.0,1.1990728277470444,0.0,0.0,0.0,0.0,0.0,0.0,0.0,0.0,0.0,0.044937435457582886,0.5508973544998873,0.0,1e-08
4455.0,1.274414107535194,0.730610454,0.158410605,0.0,0.0,1.274414107535194,0.0,0.0,0.0,0.0,0.0,0.0,0.0,0.0,0.0,0.15965373290210771,0.6103429768229479,0.0,1e-08
4456.0,1.3391385710094041,0.763074608,0.168760635,0.0,0.0,1.398470843590051,0.0,0.0,0.05933227258064704,0.0,0.0,0.0,0.0,0.0,0.0,0.09931877767247266,0.6502207875314342,0.0,1e-08
4457.0,1.3889956372130048,0.772994296,0.178276658,0.0,0.0,1.5172603330078716,0.0,0.0,0.1282646957948667,0.0,0.053399045322582335,0.0,0.0,0.0,0.0,2.220446049250313e-16,0.6868852381554038,0.0,1.0000136218855531e-08
4458.0,1.4255677642452298,0.75967479,0.184729951,0.0,0.0,1.4911163391729414,0.0,0.0,0.06554857492771167,0.0,0.1688365441521867,0.0,0.0,0.0,0.0,0.0,0.7117492430617085,0.0,1.000027243956662e-08
4459.0,1.4467392977054798,0.741500123,0.188741212,0.0,0.0,1.4554424649316657,0.0,0.0,0.008703167226186035,0.0,0.2278279617463737,0.0,0.0,0.0,0.0,2.220446049250313e-16,0.7272043003765504,0.0,1.0000408662133296e-08
4460.0,1.4611527286472157,0.723609777,0.193473684,0.0,0.0,1.4203266659276508,0.040826062719564696,0.0,0.0,0.0,0.23565770884579465,0.0,0.0,0.0,0.0,0.0,0.7046120613849568,0.0,1.05e-08
4461.0,1.4667245229289563,0.696870623,0.200897899,0.0,0.0,1.367842116025631,0.0988824069033252,0.0,0.0,0.0,0.23565449878718206,0.0,0.0,0.0,0.0,0.0,0.6751606043782485,0.0,1.05e-08
4462.0,1.454002758967457,0.65975579,0.214627364,0.0,0.0,1.2949918192401142,0.15901093972734254,0.0,0.0,0.0,0.23565128877229596,0.0,0.0,0.0,0.0,0.0,0.6679305661864969,0.0,1.05e-08
4463.0,1.4223600210346043,0.589731848,0.234594154,0.0,0.0,1.1575463683393434,0.26481365269526075,0.0,0.0,0.0,0.23564807880113572,0.0,0.0,0.0,0.0,0.0,0.6390582458914598,0.0,1.05e-08
4464.0,1.3851390647681874,0.46439416,0.266773007,0.0,0.0,0.9115291555120489,0.47360990925613855,0.0,0.0,0.0,0.2356448688737007,0.0,0.0,0.0,0.0,0.0,0.5542444520625944,0.0,1.05e-08
4465.0,1.343307780642974,0.269107969,0.329887311,0.0,0.0,0.5282145661007723,0.8150932145422017,0.0,0.0,0.0,0.2356416589899904,0.0,0.0,0.0,0.0,0.0,0.4559353470358415,0.0,1.05e-08
4466.0,1.2770907957950617,0.043256802,0.39595942,0.0,0.0,0.08490596909576104,1.1921848266993007,0.0,0.0,0.0,0.23563844915000412,0.0,0.0,0.0,0.0,0.0,0.3334141134972086,0.0,1.05e-08
4467.0,1.1989357813081392,2.05e-06,0.405911001,0.0,0.0,4.023811946299454e-06,1.1989317574961929,0.0,0.0,0.0,0.23563523935374134,0.0,0.0,0.0,0.0,0.0,0.36500980232249836,0.0,1.05e-08
4468.0,1.1234424656268291,0.0,0.390567267,0.0,0.0,0.0,1.1234424656268291,0.0,0.0,0.0,0.23563202960120144,0.0,0.0,0.0,0.0,0.0,0.3813809544363862,0.0,1.05e-08
4469.0,1.0526536972310627,0.0,0.369620232,0.0,0.0,0.0,1.0526536972310627,0.0,0.0,0.0,0.23562881989238385,0.0,0.0,0.0,0.0,0.0,0.3714625271395757,0.0,1.05e-08
4470.0,0.9963854273074267,0.0,0.35075429,0.0,0.0,0.0,0.9963854273074267,0.0,0.0,0.0,0.23562561022728792,0.0,0.0,0.0,0.0,0.0,0.35504188080757937,0.0,1.05e-08
4471.0,0.957823985560468,0.0,0.336555598,0.0,0.0,0.0,0.957823985560468,0.0,0.0,0.0,0.2356224006059131,0.0,0.0,0.0,0.0,0.0,0.33889693504801865,0.0,1.05e-08
4472.0,0.9375325472000626,0.0,0.327886057,0.0,0.0,0.0,0.9375325472000626,0.0,0.0,0.0,0.2356191910282588,0.0,0.0,0.0,0.0,0.0,0.32578534801357373,0.0,1.05e-08
4473.0,0.937404066163589,0.0,0.31169069,0.0,0.0,0.0,0.937404066163589,0.0,0.0,0.0,0.23561598149432436,0.0,0.0,0.0,0.0,0.0,0.2635144176879096,0.0,1.05e-08
4474.0,0.9554706412423923,0.0,0.293485432,0.0,0.0,0.0,0.9554706412423923,0.0,0.0,0.0,0.23561277200410927,0.0,0.0,0.0,0.0,0.0,0.17530448723495184,0.0,1.05e-08
4475.0,0.9880534320921105,3.43e-06,0.240127325,0.0,0.0,6.732524378442502e-06,0.9251907494263497,0.0,0.0,0.0628559501413823,0.23560956255761287,0.0,0.0,0.0,0.0,0.0,0.0,0.0,1.1113987195088845e-08
4476.0,1.0365528820103063,0.102792679,0.171828172,0.0,0.0,0.20176507792796344,0.6620397542230553,0.0,0.0,0.17274804985928754,0.17275040301345226,0.0,0.0,0.0,0.0,0.0,0.0,0.0,1.1114138588550456e-08
4477.0,1.0962216166992782,0.402043265,0.179170073,0.0,0.0,0.7891446305542621,0.3070769861450161,0.0,0.0,0.0,0.0,0.0,0.0,0.0,0.0,0.0,0.38325050621198153,0.0,1.05e-08
4478.0,1.1614578629687748,0.604004912,0.194287292,0.0,0.0,1.1614578629687748,0.0,0.0,0.0,0.0,0.0,0.0,0.0,0.0,0.0,0.024104176313737735,0.7485728885269348,0.0,1e-08
4479.0,1.2257947419829562,0.698046302,0.180247664,0.0,0.0,1.2257947419829562,0.0,0.0,0.0,0.0,0.0,0.0,0.0,0.0,0.0,0.14435503804521788,0.6944793614742049,0.0,1e-08
4480.0,1.2790244353939901,0.736460813,0.173448155,0.0,0.0,1.2790244353939901,0.0,0.0,0.0,0.0,0.0,0.0,0.0,0.0,0.0,0.16652669501128248,0.668281414916306,0.0,1e-08
4481.0,1.323493863468129,0.755153491,0.174828288,0.0,0.0,1.3321285628921158,0.0,0.0,0.008634699423986867,0.0,0.0,0.0,0.0,0.0,0.0,0.15011321192521954,0.6735989533704492,0.0,1e-08
4482.0,1.3573379098258969,0.755223051,0.178460836,0.0,0.0,1.4823783096265961,0.0,0.0,0.12504039980069923,0.0,0.007771229481588182,0.0,0.0,0.0,0.0,2.220446049250313e-16,0.6875948607768521,0.0,1.0000136218855531e-08
4483.0,1.3736785563147376,0.744335962,0.183473732,0.0,0.0,1.4610087492467787,0.0,0.0,0.08733019293204126,0.0,0.12030748344486085,0.0,0.0,0.0,0.0,2.220446049250313e-16,0.7069091350146396,0.0,1.000027243956662e-08
4484.0,1.3754430292156423,0.731650855,0.189332334,0.0,0.0,1.436109976033761,0.0,0.0,0.060666946818118656,0.0,0.19890301829125076,0.0,0.0,0.0,0.0,2.220446049250313e-16,0.7294818446176417,0.0,1.0000408662133296e-08
4485.0,1.3684151165205336,0.706740817,0.196896635,0.0,0.0,1.3872156792107497,0.0,0.0,0.018800562690216065,0.0,0.2535005610303133,0.0,0.0,0.0,0.0,0.0,0.7586264715820094,0.0,1.0000544886555574e-08
4486.0,1.344828139574579,0.667307569,0.20674281,0.0,0.0,1.309814716096706,0.035013423477872806,0.0,0.0,0.0,0.2704176143429156,0.0,0.0,0.0,0.0,2.220446049250313e-16,0.7615495471145386,0.0,1.05e-08
4487.0,1.3073545039364305,0.588830277,0.223121421,0.0,0.0,1.1557767331392277,0.15157777079720264,0.0,0.0,0.0,0.2704139307952983,0.0,0.0,0.0,0.0,2.220446049250313e-16,0.7080906351539404,0.0,1.05e-08
4488.0,1.2625253289601654,0.454919371,0.264073657,0.0,0.0,0.8929317071379677,0.36959362182219785,0.0,0.0,0.0,0.27041024729785723,0.0,0.0,0.0,0.0,0.0,0.6478603669047696,0.0,1.05e-08
4489.0,1.2205869773045575,0.270524412,0.360854993,0.0,0.0,0.53099481013231,0.6895921671722474,0.0,0.0,0.0,0.27040656385059164,0.0,0.0,0.0,0.0,0.0,0.7007523153139095,0.0,1.05e-08
4490.0,1.168033950685618,0.038352332,0.457918486,0.0,0.0,0.07527930325367944,1.0927546474319387,0.0,0.0,0.0,0.2704028804535008,0.0,0.0,0.0,0.0,0.0,0.6715674564290834,0.0,1.05e-08
4491.0,1.0973029987562646,3.89e-07,0.482442431,0.0,0.0,7.635428522490185e-07,1.0973022352134123,0.0,0.0,0.0,0.27039919710658417,0.0,0.0,0.0,0.0,0.0,0.7615086031281217,0.0,1.05e-08
4492.0,1.0246255591243354,0.0,0.480174009,0.0,0.0,0.0,1.0246255591243354,0.0,0.0,0.0,0.27039551380984095,0.0,0.0,0.0,0.0,0.0,0.8254452366160694,0.0,1.05e-08
4493.0,0.9616655685510302,0.0,0.464182057,0.0,0.0,0.0,0.9616655685510302,0.0,0.0,0.0,0.2703918305632705,0.0,0.0,0.0,0.0,0.0,0.8267895570207662,0.0,1.05e-08
4494.0,0.9112688819942402,0.0,0.4409817,0.0,0.0,0.0,0.9112688819942402,0.0,0.0,0.0,0.2703881473668721,0.0,0.0,0.0,0.0,0.0,0.7877971843366353,0.0,1.05e-08
4495.0,0.8732877462620208,0.0,0.420158405,0.0,0.0,0.0,0.8732877462620208,0.0,0.0,0.0,0.2703844642206451,0.0,0.0,0.0,0.0,0.0,0.7455478843757244,0.0,1.05e-08
4496.0,0.8511311915221395,0.0,0.39803859,0.0,0.0,0.0,0.8511311915221395,0.0,0.0,0.0,0.27038078112458885,0.0,0.0,0.0,0.0,0.0,0.6824786189511484,0.0,1.05e-08
4497.0,0.8351010408714435,0.0,0.363576242,0.0,0.0,0.0,0.8351010408714437,0.0,0.0,0.0,0.2703770980787026,0.0,0.0,0.0,0.0,0.0,0.565728189244687,0.0,1.05e-08
4498.0,0.831749827170089,0.0,0.334179585,0.0,0.0,0.0,0.8317498271700892,0.0,0.0,0.0,0.27037341508298574,0.0,0.0,0.0,0.0,0.0,0.4558165116009629,0.0,1.05e-08
4499.0,0.8434822871507414,6.48e-06,0.260830236,0.0,0.0,1.2719171420497788e-05,0.8434695679793208,0.0,0.0,0.0,0.2703697321374375,0.0,0.0,0.0,0.0,0.0,0.1614877875315176,0.0,1.05e-08
4500.0,0.8829752164121342,0.121742906,0.172341123,0.0,0.0,0.23896124855610318,0.644013967856031,0.0,0.0,0.0,0.27036604924205726,0.0,0.0,0.0,0.0,2.7755575615628914e-17,0.02000214420180635,0.0,1.05e-08
4501.0,0.9328601201736374,0.42254658,0.180836271,0.0,0.0,0.8293892568155992,0.10347086335803833,0.0,0.0,0.0,0.2703623663968443,0.0,0.0,0.0,0.0,0.0,0.5932763522699893,0.0,1.05e-08
4502.0,0.9903425358919493,0.616079399,0.202933641,0.0,0.0,1.2092622661293602,0.0,0.0,0.21891973023741076,0.0,0.270358683601798,0.0,0.0,0.0,0.0,0.0,0.7818865570613749,0.0,1.00028609856669e-08
4503.0,1.0499941397760582,0.713547043,0.208790766,0.0,0.0,1.4005751784731955,0.0,0.0,0.35058103869713747,0.0,0.46738275807058727,0.0,0.0,0.0,0.0,2.220446049250313e-16,0.8044535759053727,0.0,1.0002997243494451e-08
4504.0,1.1040589599241708,0.752045727,0.209786165,0.0,0.0,1.4761417465688091,0.0,0.0,0.3720827866446382,0.0,0.7828993263502954,0.0,0.0,0.0,0.0,0.0,0.8082887660353933,0.0,1.000313350317809e-08
4505.0,1.1474234510846364,0.750216092,0.216091577,0.0,0.0,1.4725504747783855,0.0,0.0,0.325127023693749,0.0,1.117763169910716,0.0,0.0,0.0,0.0,2.220446049250313e-16,0.8325829976632262,0.0,1.0003269764717845e-08
4506.0,1.1824816432370802,0.734040862,0.224223798,0.0,0.0,1.440801165652463,0.0,0.0,0.25831952241538303,0.0,1.4103622654005188,0.0,0.0,0.0,0.0,0.0,0.863915773479101,0.0,1.0003406028113739e-08
4507.0,1.2086104033546052,0.70944998,0.233182001,0.0,0.0,1.3925333194272729,0.0,0.0,0.18392291607266772,0.0,1.6428306240426929,0.0,0.0,0.0,0.0,0.0,0.8984309897173336,0.0,1.0003542293365796e-08
4508.0,1.2304371901008708,0.68425584,0.241170064,0.0,0.0,1.343081377227887,0.0,0.0,0.11264418712701611,0.0,1.8083388703621823,0.0,0.0,0.0,0.0,0.0,0.9292083366662278,0.0,1.0003678560474041e-08
4509.0,1.2448270661859198,0.65424097,0.247898238,0.0,0.0,1.2841671369973382,0.0,0.0,0.03934007081141846,0.0,1.9096940061269065,0.0,0.0,0.0,0.0,0.0,0.9551314353611843,0.0,1.0003814829438506e-08
4510.0,1.237700651362848,0.612354356,0.257475539,0.0,0.0,1.2019506209957604,0.035750030367087404,0.0,0.0,0.0,1.9450740565783398,0.0,0.0,0.0,0.0,2.220446049250313e-16,0.9562819546906869,0.0,1.05e-08
4511.0,1.2159166916287403,0.537594857,0.275915851,0.0,0.0,1.0552100526174375,0.16070663901130272,0.0,0.0,0.0,1.9450475613630636,0.0,0.0,0.0,0.0,0.0,0.9023743450678687,0.0,1.05e-08
4512.0,1.1814066852319174,0.416206848,0.326042311,0.0,0.0,0.8169454083483129,0.36446127688360463,0.0,0.0,0.0,1.945021066508697,0.0,0.0,0.0,0.0,0.0,0.8917528172799354,0.0,1.05e-08
4513.0,1.146699674579168,0.237783653,0.430754789,0.0,0.0,0.46673009930542647,0.6799695752737415,0.0,0.0,0.0,1.9449945720152353,0.0,0.0,0.0,0.0,0.0,0.9796930476863867,0.0,1.05e-08
4514.0,1.1021488751819293,0.036776572,0.512303069,0.0,0.0,0.07218634622319124,1.029962528958738,0.0,0.0,0.0,1.944968077882674,0.0,0.0,0.0,0.0,0.0,0.943898881197432,0.0,1.05e-08
4515.0,1.0388783887704793,1.55e-06,0.523444922,0.0,0.0,3.042394398421539e-06,1.038875346376081,0.0,0.0,0.0,1.9449415841110074,0.0,0.0,0.0,0.0,-4.235164736271502e-22,0.977914703105365,0.0,1.05e-08
4516.0,0.9744087460186086,0.0,0.502268147,0.0,0.0,0.0,0.9744087460186086,0.0,0.0,0.0,1.9449150907002313,0.0,0.0,0.0,0.0,0.0,0.960788938526097,0.0,1.05e-08
4517.0,0.9143909711805499,0.0,0.46992238,0.0,0.0,0.0,0.9143909711805499,0.0,0.0,0.0,1.9448885976503403,0.0,0.0,0.0,0.0,0.0,0.8961811447767402,0.0,1.05e-08
4518.0,0.870328399721911,0.0,0.437312974,0.0,0.0,0.0,0.870328399721911,0.0,0.0,0.0,1.94486210496133,0.0,0.0,0.0,0.0,0.0,0.8146023683567564,0.0,1.05e-08
4519.0,0.8368483829674852,0.0,0.406355822,0.0,0.0,0.0,0.8368483829674852,0.0,0.0,0.0,1.944835612633195,0.0,0.0,0.0,0.0,0.0,0.7288070354233219,0.0,1.05e-08
4520.0,0.8142571340542013,0.0,0.382520531,0.0,0.0,0.0,0.8142571340542013,0.0,0.0,0.0,1.9448091206659301,0.0,0.0,0.0,0.0,0.0,0.6595628768373341,0.0,1.05e-08
4521.0,0.801877986189965,0.0,0.353300491,0.0,0.0,0.0,0.801877986189965,0.0,0.0,0.0,1.9447826290595311,0.0,0.0,0.0,0.0,0.0,0.559359624069456,0.0,1.05e-08
4522.0,0.7941991029100564,0.0,0.325372489,0.0,0.0,0.0,0.7941991029100564,0.0,0.0,0.0,1.9447561378139933,0.0,0.0,0.0,0.0,0.0,0.459434222412777,0.0,1.05e-08
4523.0,0.8014796949768966,7.8e-06,0.255735681,0.0,0.0,1.5310113746895486e-05,0.8014643848631496,0.0,0.0,0.0,1.9447296469293107,0.0,0.0,0.0,0.0,0.0,0.1838640710276903,0.0,1.05e-08
4524.0,0.8356128236667302,0.097365635,0.154283084,0.0,0.0,0.19111268549855237,0.594439979330834,0.0,0.0,0.050060158837343875,1.9447031564054793,0.0,0.0,0.0,0.0,0.0,-1.1102230246251565e-16,0.0,1.1117621207409359e-08
4525.0,0.8903136249453876,0.372261963,0.15441526,0.0,0.0,0.7306888457913587,0.1596247791540288,0.0,0.0,0.0,1.89461650740515,0.0,0.0,0.0,0.0,0.0,0.435324463387463,0.0,1.05e-08
4526.0,0.9520401975685457,0.562803594,0.176071748,0.0,0.0,1.104690646320716,0.0,0.0,0.1526504487521703,0.0,1.894590699507471,0.0,0.0,0.0,0.0,2.220446049250313e-16,0.6783899020443733,0.0,1.0006131685859747e-08
4527.0,1.0165141230216324,0.667014221,0.168379581,0.0,0.0,1.3092389223470364,0.0,0.0,0.2927247993254041,0.0,2.031950295838293,0.0,0.0,0.0,0.0,0.0,0.6487526179433547,0.0,1.0006267988240403e-08
4528.0,1.0770286912007223,0.720586556,0.152844814,0.0,0.0,1.4143925816466247,0.0,0.0,0.3373638904459025,0.0,2.295374936613812,0.0,0.0,0.0,0.0,2.220446049250313e-16,0.5888984438176331,0.0,1.0006404292477754e-08
4529.0,1.1312712434492904,0.72828428,0.152303374,0.0,0.0,1.4295019444712669,0.0,0.0,0.2982307010219763,0.0,2.59897117110635,0.0,0.0,0.0,0.0,0.0,0.5868123202189572,0.0,1.0006540598571824e-08
4530.0,1.1798220857820756,0.717331667,0.162875731,0.0,0.0,1.4080037712846352,0.0,0.0,0.22818168550255957,0.0,2.8673433996205273,0.0,0.0,0.0,0.0,0.0,0.6275467384948986,0.0,1.0006676906522643e-08
4531.0,1.2192550572264473,0.699925104,0.175234025,0.0,0.0,1.3738375585317502,0.0,0.0,0.154582501305303,0.0,3.072667858481245,0.0,0.0,0.0,0.0,2.220446049250313e-16,0.6751622245187868,0.0,1.0006813216330231e-08
4532.0,1.256844325797422,0.681293508,0.184221738,0.0,0.0,1.3372668080130063,0.0,0.0,0.08042248221558423,0.0,3.2117502546962493,0.0,0.0,0.0,0.0,0.0,0.7097911403495818,0.0,1.0006949527994615e-08
4533.0,1.2843178540967046,0.655976282,0.191892235,0.0,0.0,1.2875732682930243,0.0,0.0,0.0032554141963198244,0.0,3.284086739191831,0.0,0.0,0.0,0.0,2.220446049250313e-16,0.7393449317304777,0.0,1.0007085841515823e-08
4534.0,1.2923586256293473,0.614253963,0.19677184,0.0,0.0,1.205679236283504,0.08667938934584327,0.0,0.0,0.0,3.2869718771241843,0.0,0.0,0.0,0.0,0.0,0.6714662574088598,0.0,1.05e-08
4535.0,1.2761614496312357,0.544286178,0.203852891,0.0,0.0,1.0683440123132055,0.20781743731803004,0.0,0.0,0.0,3.286927102979366,0.0,0.0,0.0,0.0,0.0,0.577610914066045,0.0,1.05e-08
4536.0,1.2435379731199676,0.417327707,0.240630643,0.0,0.0,0.8191454697309066,0.4243925033890609,0.0,0.0,0.0,3.286882329444447,0.0,0.0,0.0,0.0,0.0,0.5027374887187277,0.0,1.05e-08
4537.0,1.2089765743085552,0.238493208,0.341743898,0.0,0.0,0.46812283876179545,0.7408537355467598,0.0,0.0,0.0,3.2868375565194206,0.0,0.0,0.0,0.0,5.551115123125783e-17,0.5758572764236688,0.0,1.05e-08
4538.0,1.1553742858917475,0.034543761,0.455856934,0.0,0.0,0.06780370643020156,1.087570579461546,0.0,0.0,0.0,3.286792784204277,0.0,0.0,0.0,0.0,0.0,0.6688085348215038,0.0,1.05e-08
4539.0,1.0829409602291182,1.81e-06,0.497440474,0.0,0.0,3.552731523318055e-06,1.082937407497595,0.0,0.0,0.0,3.2867480124990083,0.0,0.0,0.0,0.0,4.235164736271502e-22,0.8336596517294572,0.0,1.05e-08
4540.0,1.013284966304928,0.0,0.488228955,0.0,0.0,0.0,1.013284966304928,0.0,0.0,0.0,3.2867032414036066,0.0,0.0,0.0,0.0,0.0,0.8678208710590356,0.0,1.05e-08
4541.0,0.9509887944200698,0.0,0.461166308,0.0,0.0,0.0,0.9509887944200698,0.0,0.0,0.0,3.286658470918063,0.0,0.0,0.0,0.0,0.0,0.8258468993465718,0.0,1.05e-08
4542.0,0.9016285215575005,0.0,0.426656037,0.0,0.0,0.0,0.9016285215575005,0.0,0.0,0.0,3.2866137010423695,0.0,0.0,0.0,0.0,0.0,0.7422419484912804,0.0,1.05e-08
4543.0,0.8683947601229826,0.0,0.385875492,0.0,0.0,0.0,0.8683947601229826,0.0,0.0,0.0,3.286568931776518,0.0,0.0,0.0,0.0,0.0,0.6183516383918112,0.0,1.05e-08
4544.0,0.8555102535152831,0.0,0.350825873,0.0,0.0,0.0,0.8555102535152831,0.0,0.0,0.0,3.2865241631205,0.0,0.0,0.0,0.0,0.0,0.4961928579861813,0.0,1.05e-08
4545.0,0.8632341051579575,0.0,0.311247235,0.0,0.0,0.0,0.8632341051579575,0.0,0.0,0.0,3.286479395074307,0.0,0.0,0.0,0.0,0.0,0.3359757832065975,0.0,1.05e-08
4546.0,0.8876262299324803,0.0,0.271156091,0.0,0.0,0.0,0.8876262299324803,0.0,0.0,0.0,3.2864346276379313,0.0,0.0,0.0,0.0,0.0,0.15711579200862735,0.0,1.05e-08
4547.0,0.9302069867704565,9.76e-06,0.20363822,0.0,0.0,1.9157270534576915e-05,0.7846012417522574,0.0,0.0,0.14558658774766453,3.2863898608113638,0.0,0.0,0.0,0.0,0.0,0.0,0.0,1.1650944099785582e-08
4548.0,0.9891862065636865,0.099670523,0.099196373,0.0,0.0,0.1956368005567388,0.3821954318453584,0.0,0.0,0.41135397416158936,3.140758506846932,0.0,0.0,0.0,0.0,2.7755575615628914e-17,0.0,0.0,1.1651102807612695e-08
4549.0,1.056512411026488,0.347949916,0.077871086,0.0,0.0,0.6829683066900937,0.30003086243926524,0.0,0.0,0.07351324189712916,2.72936175021519,0.0,0.0,0.0,0.0,-1.1102230246251565e-16,0.0,0.0,1.165126151760171e-08
4550.0,1.130288363520267,0.52491103,0.101271724,0.0,0.0,1.030313791833342,0.0999745716869248,0.0,0.0,0.0,2.6558113297711086,0.0,0.0,0.0,0.0,0.0,0.2902170161436498,0.0,1.05e-08
4551.0,1.2006959715078283,0.621944032,0.113437453,0.0,0.0,1.220773573605488,0.0,0.0,0.02007760209765967,0.0,2.655775153105918,0.0,0.0,0.0,0.0,0.0,0.43706513681475573,0.0,1.0486421049659e-08
4552.0,1.2638444009346281,0.682689835,0.111735555,0.0,0.0,1.3400075676537577,0.0,0.0,0.07616316671912964,0.0,2.6738088188214086,0.0,0.0,0.0,0.0,2.220446049250313e-16,0.43050786439243893,0.0,1.0486563894486401e-08
4553.0,1.3203011097117587,0.699230486,0.109411793,0.0,0.0,1.3724741379432068,0.0,0.0,0.052173028231447996,0.0,2.742319247047038,0.0,0.0,0.0,0.0,0.0,0.42155460134222805,0.0,1.0486706741259617e-08
4554.0,1.3684836397399862,0.691449748,0.110248148,0.0,0.0,1.3572018323259256,0.01128180741406079,0.0,0.0,0.0,2.789237617405254,0.0,0.0,0.0,0.0,0.0,0.4134952006627465,0.0,1.05e-08
4555.0,1.403237760106109,0.670209108,0.113430037,0.0,0.0,1.3155099586776104,0.08772780142849879,0.0,0.0,0.0,2.7891996232472014,0.0,0.0,0.0,0.0,0.0,0.34930876215079637,0.0,1.05e-08
4556.0,1.4323579870228624,0.647663434,0.11761536,0.0,0.0,1.2712565184929407,0.16110146852992188,0.0,0.0,0.0,2.7891616296066934,0.0,0.0,0.0,0.0,0.0,0.2920607988732148,0.0,1.05e-08
4557.0,1.44608832712068,0.611067852,0.124304086,0.0,0.0,1.1994254257937302,0.2466629013269497,0.0,0.0,0.0,2.7891236364837235,0.0,0.0,0.0,0.0,2.220446049250313e-16,0.2322704748854302,0.0,1.05e-08
4558.0,1.443638622025249,0.562562264,0.135196969,0.0,0.0,1.1042169553270573,0.3394216666981916,0.0,0.0,0.0,2.7890856438782845,0.0,0.0,0.0,0.0,0.0,0.18148108799364104,0.0,1.05e-08
4559.0,1.414475568096338,0.488357066,0.153672907,0.0,0.0,0.958564388405147,0.45591117969119094,0.0,0.0,0.0,2.7890476517903697,0.0,0.0,0.0,0.0,0.0,0.13617783805743783,0.0,1.05e-08
4560.0,1.36614100217495,0.3724988,0.189668956,0.0,0.0,0.7311537177669324,0.6349872844080175,0.0,0.0,0.0,2.789009660219971,0.0,0.0,0.0,0.0,0.0,0.09579153697165399,0.0,1.05e-08
4561.0,1.3203632088793877,0.203322291,0.270090947,0.0,0.0,0.39908812852428005,0.9212750803551076,0.0,0.0,0.0,2.7889716691670827,0.0,0.0,0.0,0.0,0.0,0.11936302973170798,0.0,1.05e-08
4562.0,1.2553646525273672,0.034474595,0.359514624,0.0,0.0,0.0676679449779685,1.1876967075493987,0.0,0.0,0.0,2.7889336786316967,0.0,0.0,0.0,0.0,0.0,0.19748344389022754,0.0,1.05e-08
4563.0,1.1729247954740483,1.35e-06,0.390386692,0.0,0.0,2.6498273792703724e-06,1.1729221456466692,0.0,0.0,0.0,2.7888956886138065,0.0,0.0,0.0,0.0,4.235164736271502e-22,0.33120553385650076,0.0,1.05e-08
4564.0,1.0898254024334981,0.0,0.398780474,0.0,0.0,0.0,1.0898254024334981,0.0,0.0,0.0,2.788857699113405,0.0,0.0,0.0,0.0,0.0,0.44664282581439063,0.0,1.05e-08
4565.0,1.015426316912822,0.0,0.394282341,0.0,0.0,0.0,1.015426316912822,0.0,0.0,0.0,2.7888197101304852,0.0,0.0,0.0,0.0,0.0,0.5037109764183954,0.0,1.05e-08
4566.0,0.9601195134121306,0.0,0.377137381,0.0,0.0,0.0,0.9601195134121306,0.0,0.0,0.0,2.78878172166504,0.0,0.0,0.0,0.0,0.0,0.4929596651614897,0.0,1.05e-08
4567.0,0.9220334515001244,0.0,0.352704292,0.0,0.0,0.0,0.9220334515001244,0.0,0.0,0.0,2.788743733717062,0.0,0.0,0.0,0.0,0.0,0.4369070532565503,0.0,1.05e-08
4568.0,0.902146728404611,0.0,0.3271433,0.0,0.0,0.0,0.902146728404611,0.0,0.0,0.0,2.7887057462865443,0.0,0.0,0.0,0.0,0.0,0.35830938543753166,0.0,1.05e-08
4569.0,0.9070996723606702,0.0,0.295504035,0.0,0.0,0.0,0.9070996723606702,0.0,0.0,0.0,2.7886677593734803,0.0,0.0,0.0,0.0,0.0,0.2314529667451054,0.0,1.05e-08
4570.0,0.9354575784610131,0.0,0.270368365,0.0,0.0,0.0,0.9354575784610131,0.0,0.0,0.0,2.788629772977863,0.0,0.0,0.0,0.0,0.0,0.10624940026590557,0.0,1.05e-08
4571.0,0.9765500966265028,1e-05,0.220396894,0.0,0.0,1.9628350957558316e-05,0.8491710284579224,0.0,0.0,0.12735943981762288,2.788591787099684,0.0,0.0,0.0,0.0,3.3881317890172014e-21,0.0,0.0,1.1654753684380286e-08
4572.0,1.0346427972680645,0.12675778,0.122563399,0.0,0.0,0.24880461924409658,0.4722266529769185,0.0,0.0,0.3136115250470494,2.6611943619213148,0.0,0.0,0.0,0.0,2.7755575615628914e-17,0.0,0.0,1.1654912444101127e-08
4573.0,1.1073587812109358,0.375020024,0.082603047,0.0,0.0,0.7361024647183942,0.3182627173264433,0.0,0.0,0.052993599166098145,2.347546586883026,0.0,0.0,0.0,0.0,0.0,5.551115123125783e-17,0.0,1.1655071205984574e-08
4574.0,1.1849698926434533,0.532409071,0.091917787,0.0,0.0,1.0450312098575583,0.13993868278589502,0.0,0.0,0.0,2.2945210101415854,0.0,0.0,0.0,0.0,0.0,0.21421295839089147,0.0,1.05e-08
4575.0,1.260835803330537,0.633057227,0.107712349,0.0,0.0,1.242586942777466,0.0182488605530708,0.0,0.0,0.0,2.294489754864742,0.0,0.0,0.0,0.0,2.220446049250313e-16,0.39675792342614746,0.0,1.05e-08
4576.0,1.3266395075111257,0.692290834,0.11761936,0.0,0.0,1.3588527454452743,0.0,0.0,0.03221323793414868,0.0,2.294458500013648,0.0,0.0,0.0,0.0,2.220446049250313e-16,0.4531776790727487,0.0,1.0489992754149763e-08
4577.0,1.3843531890950902,0.707848522,0.127979275,0.0,0.0,1.389389921460494,0.0,0.0,0.005036732365403808,0.0,2.323419159729032,0.0,0.0,0.0,0.0,0.0,0.4930935758697637,0.0,1.0490135647630516e-08
4578.0,1.4291823640713552,0.702408682,0.140105187,0.0,0.0,1.3787124125931973,0.05046995147815796,0.0,0.0,0.0,2.3279205699391277,0.0,0.0,0.0,0.0,0.0,0.4893437617635518,0.0,1.05e-08
4579.0,1.4606345218001053,0.685555316,0.149613669,0.0,0.0,1.3456320343267794,0.11500248747332593,0.0,0.0,0.0,2.3278888597035,0.0,0.0,0.0,0.0,0.0,0.46144662154221755,0.0,1.05e-08
4580.0,1.482863882460655,0.664859457,0.157551384,0.0,0.0,1.3050094759447652,0.17785440651588988,0.0,0.0,0.0,2.32785714989982,0.0,0.0,0.0,0.0,0.0,0.42917806276314197,0.0,1.05e-08
4581.0,1.4904549703656398,0.630227566,0.165220386,0.0,0.0,1.2370327848575744,0.25342218550806545,0.0,0.0,0.0,2.327825440528081,0.0,0.0,0.0,0.0,2.220446049250313e-16,0.38315831504034475,0.0,1.05e-08
4582.0,1.478692531476477,0.58536917,0.178259823,0.0,0.0,1.1489831508494617,0.3297093806270154,0.0,0.0,0.0,2.3277937315882777,0.0,0.0,0.0,0.0,0.0,0.3571109936639091,0.0,1.05e-08
4583.0,1.4468806268456007,0.507643781,0.20206148,0.0,0.0,0.9964210294889873,0.4504595973566133,0.0,0.0,0.0,2.327762023080404,0.0,0.0,0.0,0.0,1.1102230246251565e-16,0.32806659540965083,0.0,1.05e-08
4584.0,1.402655312740762,0.388292364,0.255178656,0.0,0.0,0.7621538794731982,0.6405014332675637,0.0,0.0,0.0,2.3277303150044544,0.0,0.0,0.0,0.0,0.0,0.34268085130687487,0.0,1.05e-08
4585.0,1.3546655042672449,0.208831451,0.37539842,0.0,0.0,0.40990170112041424,0.9447638031468306,0.0,0.0,0.0,2.3276986073604227,0.0,0.0,0.0,0.0,0.0,0.501615302326766,0.0,1.05e-08
4586.0,1.2858617678849964,0.037689084,0.465176897,0.0,0.0,0.07397745680208957,1.2118843110829067,0.0,0.0,0.0,2.3276669001483032,0.0,0.0,0.0,0.0,0.0,0.580403850838082,0.0,1.05e-08
4587.0,1.2014261720651203,1.04e-06,0.488025231,0.0,0.0,2.0413484995860647e-06,1.201424130716621,0.0,0.0,0.0,2.3276351933680894,0.0,0.0,0.0,0.0,0.0,0.6788967749023354,0.0,1.05e-08
4588.0,1.119176895215904,0.0,0.475529441,0.0,0.0,0.0,1.119176895215904,0.0,0.0,0.0,2.327603487019776,0.0,0.0,0.0,0.0,0.0,0.7129987636479223,0.0,1.05e-08
4589.0,1.0466086644649775,0.0,0.449683319,0.0,0.0,0.0,1.0466086644649775,0.0,0.0,0.0,2.327571781103357,0.0,0.0,0.0,0.0,0.0,0.6859840211452017,0.0,1.05e-08
4590.0,0.9886872718720471,0.0,0.418364347,0.0,0.0,0.0,0.9886872718720471,0.0,0.0,0.0,2.3275400756188263,0.0,0.0,0.0,0.0,0.0,0.6232360014755215,0.0,1.05e-08
4591.0,0.9473956081000232,0.0,0.385403737,0.0,0.0,0.0,0.9473956081000232,0.0,0.0,0.0,2.327508370566178,0.0,0.0,0.0,0.0,0.0,0.5375331573653224,0.0,1.05e-08
4592.0,0.9263439902738154,0.0,0.354460501,0.0,0.0,0.0,0.9263439902738154,0.0,0.0,0.0,2.3274766659454067,0.0,0.0,0.0,0.0,0.0,0.43936304270225,0.0,1.05e-08
4593.0,0.9275431466142361,0.0,0.324658858,0.0,0.0,0.0,0.9275431466142361,0.0,0.0,0.0,2.3274449617565063,0.0,0.0,0.0,0.0,0.0,0.3233406174093829,0.0,1.05e-08
4594.0,0.9540445017375347,0.0,0.303916455,0.0,0.0,0.0,0.9540445017375347,0.0,0.0,0.0,2.3274132579994706,0.0,0.0,0.0,0.0,0.0,0.21692049678751646,0.0,1.05e-08
4595.0,0.992698021560633,7.84e-06,0.248190049,0.0,0.0,1.538862715072572e-05,0.9562557590414688,0.0,0.0,0.03642687389201358,2.3273815546742944,0.0,0.0,0.0,0.0,0.0,0.0,0.0,1.1658564514619528e-08
4596.0,1.0492960594778846,0.096057673,0.144638359,0.0,0.0,0.18854537178103736,0.5572796505312646,0.0,0.0,0.30347103716558266,2.2909229778889575,0.0,0.0,0.0,0.0,0.0,0.0,0.0,1.1658723326251061e-08
4597.0,1.1148385188843102,0.35261895,0.150845197,0.0,0.0,0.6921328504885708,0.4227056683957395,0.0,0.0,0.0,1.9874207344578472,0.0,0.0,0.0,0.0,0.0,0.15848841628327553,0.0,1.05e-08
4598.0,1.1886294608323444,0.530713527,0.177864806,0.0,0.0,1.0417031365879599,0.1469263242443845,0.0,0.0,0.0,1.9873936624088286,0.0,0.0,0.0,0.0,2.220446049250313e-16,0.5383720821727622,0.0,1.05e-08
4599.0,1.260790834967771,0.631486365,0.187204926,0.0,0.0,1.2395035997132768,0.02128723525449414,0.0,0.0,0.0,1.9873665907285774,0.0,0.0,0.0,0.0,2.220446049250313e-16,0.6999978820566837,0.0,1.05e-08
4600.0,1.3251705409941101,0.682231574,0.190769307,0.0,0.0,1.3391080768799417,0.0,0.0,0.013937535885831543,0.0,1.9873395194170886,0.0,0.0,0.0,0.0,0.0,0.735018382896971,0.0,1.0493422734969564e-08
4601.0,1.3808006884365938,0.688992009,0.192100701,0.0,0.0,1.3523776959605178,0.028422992476075926,0.0,0.0,0.0,1.9998562307716052,0.0,0.0,0.0,0.0,0.0,0.7117251415337338,0.0,1.05e-08
4602.0,1.4245806016149907,0.674939216,0.194988556,0.0,0.0,1.3247943806667257,0.09978622094826489,0.0,0.0,0.0,1.9998289893299865,0.0,0.0,0.0,0.0,0.0,0.6514885798483616,0.0,1.05e-08
4603.0,1.4574289199400876,0.648193016,0.199381943,0.0,0.0,1.2722960006286212,0.1851329193114663,0.0,0.0,0.0,1.9998017482594426,0.0,0.0,0.0,0.0,0.0,0.5830692387155376,0.0,1.05e-08
4604.0,1.4783006643152323,0.616000836,0.205227753,0.0,0.0,1.2091080599157322,0.26919260439950027,0.0,0.0,0.0,1.9997745075599684,0.0,0.0,0.0,0.0,0.0,0.5215329767110868,0.0,1.05e-08
4605.0,1.4852964567512228,0.571804624,0.208226117,0.0,0.0,1.1223581839026673,0.3629382728485557,0.0,0.0,0.0,1.9997472672315588,0.0,0.0,0.0,0.0,0.0,0.43933975709813516,0.0,1.05e-08
4606.0,1.4734269503316653,0.511145647,0.214359298,0.0,0.0,1.0032946149744213,0.4701323353572439,0.0,0.0,0.0,1.9997200272742088,0.0,0.0,0.0,0.0,2.220446049250313e-16,0.35577633440004514,0.0,1.05e-08
4607.0,1.4403473661409156,0.422607132,0.232923686,0.0,0.0,0.8295081104063173,0.6108392557345982,0.0,0.0,0.0,1.9996927876879134,0.0,0.0,0.0,0.0,0.0,0.28659646762378155,0.0,1.05e-08
4608.0,1.3946123998575113,0.301998194,0.282395209,0.0,0.0,0.5927726540380782,0.801839745819433,0.0,0.0,0.0,1.9996655484726673,0.0,0.0,0.0,0.0,0.0,0.2862056694581522,0.0,1.05e-08
4609.0,1.3452285721382553,0.152590301,0.390388828,0.0,0.0,0.29950959807474614,1.0457189740635093,0.0,0.0,0.0,1.9996383096284656,0.0,0.0,0.0,0.0,5.551115123125783e-17,0.4584169352712337,0.0,1.05e-08
4610.0,1.2778038655474906,0.030600694,0.468384799,0.0,0.0,0.0600641161376849,1.2177397494098057,0.0,0.0,0.0,1.9996110711553035,0.0,0.0,0.0,0.0,6.938893903907228e-18,0.586908193954075,0.0,1.05e-08
4611.0,1.1956381013719821,7.23e-07,0.470543788,0.0,0.0,1.4191297742314663e-06,1.195636682242208,0.0,0.0,0.0,1.9995838330531754,0.0,0.0,0.0,0.0,0.0,0.6173296674126405,0.0,1.05e-08
4612.0,1.1180055764333858,0.0,0.439587207,0.0,0.0,0.0,1.1180055764333858,0.0,0.0,0.0,1.9995565953220769,0.0,0.0,0.0,0.0,0.0,0.5756876235494395,0.0,1.05e-08
4613.0,1.040869844835821,0.0,0.406199301,0.0,0.0,0.0,1.040869844835821,0.0,0.0,0.0,1.9995293579620024,0.0,0.0,0.0,0.0,0.0,0.5241825110701528,0.0,1.05e-08
4614.0,0.982879929023438,0.0,0.37380272,0.0,0.0,0.0,0.982879929023438,0.0,0.0,0.0,1.9995021209729473,0.0,0.0,0.0,0.0,0.0,0.4573510761502044,0.0,1.05e-08
4615.0,0.9422542252904693,0.0,0.345890555,0.0,0.0,0.0,0.9422542252904693,0.0,0.0,0.0,1.999474884354906,0.0,0.0,0.0,0.0,0.0,0.39043351359949674,0.0,1.05e-08
4616.0,0.9203717634283984,0.0,0.321848268,0.0,0.0,0.0,0.9203717634283984,0.0,0.0,0.0,1.9994476481078738,0.0,0.0,0.0,0.0,0.0,0.3196830294715459,0.0,1.05e-08
4617.0,0.9234124812916082,0.0,0.294260942,0.0,0.0,0.0,0.9234124812916082,0.0,0.0,0.0,1.9994204122318457,0.0,0.0,0.0,0.0,0.0,0.21035062316093023,0.0,1.05e-08
4618.0,0.9474170216061022,0.0,0.270577814,0.0,0.0,0.0,0.9474170216061022,0.0,0.0,0.0,1.9993931767268165,0.0,0.0,0.0,0.0,0.0,0.09509694681795566,0.0,1.05e-08
4619.0,0.9872804045226606,4.88e-06,0.203495794,0.0,0.0,9.578635267288457e-06,0.7840524861382189,0.0,0.0,0.20321833974917447,1.999365941592781,0.0,0.0,0.0,0.0,0.0,0.0,0.0,1.1662376590910597e-08
4620.0,1.0395079458492003,0.100140589,0.107186539,0.0,0.0,0.19655946259886037,0.41298088147955114,0.0,0.0,0.4299676017707887,1.7961203670805599,0.0,0.0,0.0,0.0,0.0,0.0,0.0,1.1662535454469796e-08
4621.0,1.1001788326226667,0.338961933,0.107575802,0.0,0.0,0.6653263782176367,0.4144806796665919,0.0,0.0,0.02037177473843811,1.3661282990969668,0.0,0.0,0.0,0.0,0.0,0.0,0.0,1.1662694320193017e-08
4622.0,1.171149615820104,0.506517324,0.138590414,0.0,0.0,0.9942099801555276,0.1769396356645764,0.0,0.0,0.0,1.3457379153686768,0.0,0.0,0.0,0.0,0.0,0.3570377823238515,0.0,1.05e-08
4623.0,1.2433088486049229,0.595673742,0.137729747,0.0,0.0,1.1692093264178045,0.0740995221871184,0.0,0.0,0.0,1.3457195841305152,0.0,0.0,0.0,0.0,0.0,0.45656181693882886,0.0,1.05e-08
4624.0,1.3084101897861222,0.645835518,0.137189644,0.0,0.0,1.267668620816047,0.04074156897007519,0.0,0.0,0.0,1.3457012531420562,0.0,0.0,0.0,0.0,2.220446049250313e-16,0.48783879790776397,0.0,1.05e-08
4625.0,1.3672181015307208,0.650165346,0.14228763,0.0,0.0,1.2761673591730331,0.0910507423576875,0.0,0.0,0.0,1.3456829224032965,0.0,0.0,0.0,0.0,2.220446049250313e-16,0.45717174349975986,0.0,1.05e-08
4626.0,1.4108138585568388,0.631156752,0.149557626,0.0,0.0,1.2388566237488596,0.17195723480797925,0.0,0.0,0.0,1.3456645919142325,0.0,0.0,0.0,0.0,0.0,0.40427594515754833,0.0,1.05e-08
4627.0,1.4433259848364965,0.599956035,0.154258121,0.0,0.0,1.1776147614085142,0.2657112234279824,0.0,0.0,0.0,1.3456462616748608,0.0,0.0,0.0,0.0,0.0,0.3286325755257207,0.0,1.05e-08
4628.0,1.463069237441281,0.565808974,0.155476002,0.0,0.0,1.1105897116607988,0.3524795257804822,0.0,0.0,0.0,1.3456279316851782,0.0,0.0,0.0,0.0,0.0,0.24655666807289395,0.0,1.05e-08
4629.0,1.466632444852817,0.519534872,0.155602511,0.0,0.0,1.0197612802306137,0.4468711646222031,0.0,0.0,0.0,1.345609601945181,0.0,0.0,0.0,0.0,0.0,0.15265245795890803,0.0,1.05e-08
4630.0,1.4502404059493867,0.463225452,0.157070772,0.0,0.0,0.9092351744329582,0.5410052315164284,0.0,0.0,0.0,1.3455912724548664,0.0,0.0,0.0,0.0,1.1102230246251565e-16,0.06417547942371682,0.0,1.05e-08
4631.0,1.4143278149043932,0.386826353,0.165537619,0.0,0.0,0.7592763416316342,0.6378027730949134,0.0,0.0,0.01724870017784546,1.3455729432142305,0.0,0.0,0.0,0.0,0.0,1.1102230246251565e-16,0.0,1.1664283096452876e-08
4632.0,1.3695971420560913,0.28057604,0.194227824,0.0,0.0,0.550724498340192,0.7483437632348136,0.0,0.0,0.07052888048108569,1.3283059140454245,0.0,0.0,0.0,0.0,1.1102230246251565e-16,1.1102230246251565e-16,0.0,1.1664441985982278e-08
4633.0,1.3256716170363574,0.146581824,0.273580323,0.0,0.0,0.2877159485471044,1.037955668489253,0.0,0.0,0.0,1.2577589397796696,0.0,0.0,0.0,0.0,5.551115123125783e-17,0.01612671911354413,0.0,1.05e-08
4634.0,1.2626987783594048,0.022449936,0.333141171,0.0,0.0,0.04406552227827229,1.2186332560811326,0.0,0.0,0.0,1.2577418069647197,0.0,0.0,0.0,0.0,0.0,0.06493215931780938,0.0,1.05e-08
4635.0,1.1856337113319004,0.0,0.348413039,0.0,0.0,0.0,1.1856337113319004,0.0,0.0,0.0,1.257724674383148,0.0,0.0,0.0,0.0,0.0,0.1567729500604338,0.0,1.05e-08
4636.0,1.1063159434648913,0.0,0.339187702,0.0,0.0,0.0,1.1063159434648913,0.0,0.0,0.0,1.2577075420349508,0.0,0.0,0.0,0.0,0.0,0.20054625645167956,0.0,1.05e-08
4637.0,1.034370845740862,0.0,0.319108256,0.0,0.0,0.0,1.034370845740862,0.0,0.0,0.0,1.2576904099201258,0.0,0.0,0.0,0.0,0.0,0.19512690723987625,0.0,1.05e-08
4638.0,0.9775415419579578,0.0,0.298529008,0.0,0.0,0.0,0.9775415419579578,0.0,0.0,0.0,1.257673278038669,0.0,0.0,0.0,0.0,0.0,0.17266606826309783,0.0,1.05e-08
4639.0,0.9374062075141968,0.0,0.280680528,0.0,0.0,0.0,0.9374062075141968,0.0,0.0,0.0,1.2576561463905775,0.0,0.0,0.0,0.0,0.0,0.144032683497909,0.0,1.05e-08
4640.0,0.9164252542580494,0.0,0.266686067,0.0,0.0,0.0,0.9164252542580494,0.0,0.0,0.0,1.2576390149758483,0.0,0.0,0.0,0.0,0.0,0.11109413442166771,0.0,1.05e-08
4641.0,0.9190205711948172,0.0,0.244180997,0.0,0.0,0.0,0.9190205711948172,0.0,0.0,0.0,1.257621883794478,0.0,0.0,0.0,0.0,0.0,0.021788641626352856,0.0,1.05e-08
4642.0,0.9448345527729818,0.0,0.219714086,0.0,0.0,0.0,0.8465402256318203,0.0,0.0,0.0982943271411615,1.2576047528464636,0.0,0.0,0.0,0.0,0.0,0.0,0.0,1.1666031000321765e-08
4643.0,0.9829313214380275,3.54e-06,0.170841724,0.0,0.0,6.948436238975643e-06,0.6582390515567088,0.0,0.0,0.3246853214450798,1.15929329499064,0.0,0.0,0.0,0.0,8.470329472543003e-22,1.1102230246251565e-16,0.0,1.1666189913660912e-08
4644.0,1.035709189870796,0.114382582,0.096147756,0.0,0.0,0.22451414629276925,0.37044936235100195,0.0,0.0,0.4407456812270248,0.834592182000084,0.0,0.0,0.0,0.0,0.0,0.0,0.0,1.166634882916476e-08
4645.0,1.0992923134709984,0.369297427,0.084631108,0.0,0.0,0.7248699504879272,0.3260766688476721,0.0,0.0,0.04834569413539905,0.3938351322087336,0.0,0.0,0.0,0.0,0.0,0.0,0.0,1.1666507746833333e-08
4646.0,1.1732031710530746,0.54300792,0.089570376,0.0,0.0,1.0658350026493748,0.28772086303345107,0.0,0.1803526946297512,0.0,0.3454840733693142,0.0,0.0,0.0,0.0,0.0,0.05738639744946117,0.0,1.05e-08
4647.0,1.2445658214117568,0.642031313,0.077867819,0.0,0.0,1.2602015937305975,0.3000182749581097,0.0,0.3156540472769502,0.0,0.5077967924556881,0.0,0.0,0.0,0.0,0.0,0.0,0.0,1.0500143029798309e-08
4648.0,1.3084080484355145,0.68649681,0.065093731,0.0,0.0,1.347480031792423,0.25080076899556186,0.0,0.28987275235247034,0.0,0.7918785179493755,0.0,0.0,0.0,0.0,0.0,5.551115123125783e-17,0.0,1.050028606154495e-08
4649.0,1.3662652005102078,0.693300434,0.058643339,0.0,0.0,1.3608344237579495,0.22594794140264332,0.0,0.220517164650385,0.0,1.0527532083349909,0.0,0.0,0.0,0.0,0.0,-2.7755575615628914e-17,0.0,1.0500429095239959e-08
4650.0,1.4125355044455856,0.673717306,0.057493607,0.0,0.0,1.3223959728348709,0.22151811897106682,0.0,0.13137858736035204,0.0,1.2512043162319595,0.0,0.0,0.0,0.0,0.0,0.0,0.0,1.050057213088335e-08
4651.0,1.443961965967041,0.639933229,0.059379156,0.0,0.0,1.2560834008215536,0.22878298352736048,0.0,0.0409044183818728,0.0,1.369428001326442,0.0,0.0,0.0,0.0,0.0,-2.7755575615628914e-17,0.0,1.050071516847516e-08
4652.0,1.464688098500849,0.59638864,0.063215594,0.0,0.0,1.1706125533020901,0.2435644622630592,0.0,0.0,0.050511082935699954,1.406223323932722,0.0,0.0,0.0,0.0,0.0,2.7755575615628914e-17,0.0,1.1667620231128236e-08
4653.0,1.4684611582719587,0.545727088,0.067678561,0.0,0.0,1.0711722810310311,0.260759905486337,0.0,0.0,0.1365289717545907,1.3556930858447704,0.0,0.0,0.0,0.0,0.0,0.0,0.0,1.1667779166115702e-08
4654.0,1.4543218202080332,0.486650043,0.073872243,0.0,0.0,0.9552137837514845,0.2846236506527336,0.0,0.0,0.21448438580381507,1.2191456472456723,0.0,0.0,0.0,0.0,0.0,0.0,0.0,1.1667938103268163e-08
4655.0,1.4186961701444973,0.402674442,0.084845705,0.0,0.0,0.790383526921496,0.3269034933636019,0.0,0.0,0.3014091498593993,1.0046446546055943,0.0,0.0,0.0,0.0,0.0,0.0,0.0,1.1668097042585649e-08
4656.0,1.371986889334501,0.291484899,0.114801141,0.0,0.0,0.572136789640044,0.4423193140422067,0.0,0.0,0.35753078565225027,0.7032218197781035,0.0,0.0,0.0,0.0,-1.1102230246251565e-16,0.0,0.0,1.1668255984068187e-08
4657.0,1.3247015852109814,0.149912979,0.195457435,0.0,0.0,0.29425445649050697,0.7530813528556238,0.0,0.0,0.2773657758648507,0.3456814550491908,0.0,0.0,0.0,0.0,0.0,-1.1102230246251565e-16,0.0,1.1668414927715807e-08
4658.0,1.2624054133261233,0.023830342,0.297779636,0.0,0.0,0.046775031621464215,1.147320341800941,0.0,0.0,0.06831003990371816,0.06831097041526385,0.0,0.0,0.0,0.0,0.0,0.0,0.0,1.1668573873528541e-08
4659.0,1.1875159585162394,1.29e-07,0.336003582,0.0,0.0,2.532057273525023e-07,1.1875157053105119,0.0,0.0,0.0,0.0,0.0,0.0,0.0,0.0,0.0,0.107078343244845,0.0,1.05e-08
4660.0,1.109602916648009,0.0,0.339014456,0.0,0.0,0.0,1.109602916648009,0.0,0.0,0.0,0.0,0.0,0.0,0.0,0.0,0.0,0.19659178074016315,0.0,1.05e-08
4661.0,1.039047555468503,0.0,0.33055637,0.0,0.0,0.0,1.039047555468503,0.0,0.0,0.0,0.0,0.0,0.0,0.0,0.0,0.0,0.23455883517426845,0.0,1.05e-08
4662.0,0.981969855015083,0.0,0.317565983,0.0,0.0,0.0,0.981969855015083,0.0,0.0,0.0,0.0,0.0,0.0,0.0,0.0,0.0,0.24158564748379097,0.0,1.05e-08
4663.0,0.9405968199199591,0.0,0.303398643,0.0,0.0,0.0,0.9559841567302446,0.0,0.01538733681028558,0.0,0.0,0.0,0.0,0.0,0.0,0.0,0.21298575492852867,0.0,1.05e-08
4664.0,0.9129905278829872,0.0,0.288852639,0.0,0.0,0.0,1.112925359703186,0.0,0.19993483182019886,0.0,0.013848603129257023,0.0,0.0,0.0,0.0,0.0,0.0,0.0,1.0500143029798309e-08
4665.0,0.9006863272900271,0.0,0.268498706,0.0,0.0,0.0,1.0345033370281582,0.0,0.13381700973813124,0.0,0.19378976312591875,0.0,0.0,0.0,0.0,0.0,2.220446049250313e-16,0.0,1.050028606154495e-08
4666.0,0.8974571705733226,0.0,0.249805468,0.0,0.0,0.0,0.9624798350196923,0.0,0.06502266444636963,0.0,0.3142224321442205,0.0,0.0,0.0,0.0,0.0,0.0,0.0,1.0500429095239959e-08
4667.0,0.9147271632259893,2.09e-06,0.214340194,0.0,0.0,4.102325350129688e-06,0.8258350636232225,0.0,0.0,0.08888799727741684,0.37273854990224925,0.0,0.0,0.0,0.0,0.0,-1.1102230246251565e-16,0.0,1.1667302367648169e-08
4668.0,0.9579139222859996,0.100740324,0.123629868,0.0,0.0,0.19773664350501352,0.4763356699467697,0.0,0.0,0.28384160883421644,0.28384547529212717,0.0,0.0,0.0,0.0,0.0,0.0,0.0,1.1667461298305735e-08
4669.0,1.0235099154576226,0.320177521,0.104558457,0.0,0.0,0.6284556750908998,0.39505424036672276,0.0,0.0,0.0,0.0,0.0,0.0,0.0,0.0,0.0,0.0078008582385390435,0.0,1.05e-08
4670.0,1.1010717758261586,0.50821876,0.116887957,0.0,0.0,0.99754961844951,0.10352215737664844,0.0,0.0,0.0,0.0,0.0,0.0,0.0,0.0,0.0,0.3468374863487999,0.0,1.05e-08
4671.0,1.1753873486731268,0.621436676,0.108868838,0.0,0.0,1.2197777174426454,0.0,0.0,0.044390368769518795,0.0,0.0,0.0,0.0,0.0,0.0,2.220446049250313e-16,0.4194626405736867,0.0,1.0497997787384051e-08
4672.0,1.2382381303654293,0.670455001,0.102406921,0.0,0.0,1.315992606087811,0.0,0.0,0.07775447572238184,0.0,0.039951331892566916,0.0,0.0,0.0,0.0,0.0,0.39456540810769863,0.0,1.0498140789908447e-08
4673.0,1.2884956291327063,0.681681398,0.099638585,0.0,0.0,1.3380281721182994,0.0,0.0,0.049532542985593016,0.0,0.10992981583765293,0.0,0.0,0.0,0.0,-2.220446049250313e-16,0.38389923815597016,0.0,1.049828379438081e-08
4674.0,1.3281555837415147,0.665957739,0.101804316,0.0,0.0,1.3071652223994021,0.02099036134211255,0.0,0.0,0.0,0.15450760709371428,0.0,0.0,0.0,0.0,0.0,0.37125325947395627,0.0,1.05e-08
4675.0,1.3573636060331917,0.640827572,0.10736929,0.0,0.0,1.2578388486495968,0.09952475738359473,0.0,0.0,0.0,0.1545055024374427,0.0,0.0,0.0,0.0,2.220446049250313e-16,0.3141602486042706,0.0,1.05e-08
4676.0,1.3790640530935914,0.610255382,0.115025797,0.0,0.0,1.1978306811634813,0.18123337193010985,0.0,0.0,0.0,0.15450339780984018,0.0,0.0,0.0,0.0,2.220446049250313e-16,0.2619515231241834,0.0,1.05e-08
4677.0,1.3869998984464473,0.56534224,0.125974336,0.0,0.0,1.1096735897852164,0.277326308661231,0.0,0.0,0.0,0.15450129321090625,0.0,0.0,0.0,0.0,0.0,0.20804240284349584,0.0,1.05e-08
4678.0,1.379034074185081,0.50529553,0.140406569,0.0,0.0,0.9918118000125437,0.38722227417253735,0.0,0.0,0.0,0.15449918864064052,0.0,0.0,0.0,0.0,1.1102230246251565e-16,0.153752639021921,0.0,1.05e-08
4679.0,1.349909564567112,0.42003085,0.161247431,0.0,0.0,0.8244512936801534,0.5254582708869587,0.0,0.0,0.0,0.15449708409904264,0.0,0.0,0.0,0.0,0.0,0.09581476220064844,0.0,1.05e-08
4680.0,1.3145965516923286,0.299959883,0.197375148,0.0,0.0,0.588771785671213,0.7258247660211156,0.0,0.0,0.0,0.15449497958611216,0.0,0.0,0.0,0.0,0.0,0.034645376626151636,0.0,1.05e-08
4681.0,1.2779473360382194,0.136789737,0.278201522,0.0,0.0,0.26849569652281,1.0094516395154094,0.0,0.0,0.0,0.15449287510184873,0.0,0.0,0.0,0.0,0.0,0.062435846137175455,0.0,1.05e-08
4682.0,1.2261694783393378,0.022952251,0.355227441,0.0,0.0,0.045051483789396884,1.1811179945499406,0.0,0.0,0.0,0.15449077064625194,0.0,0.0,0.0,0.0,0.0,0.18754399489917528,0.0,1.05e-08
4683.0,1.1582115754472073,0.0,0.370037676,0.0,0.0,0.0,1.1582115754472073,0.0,0.0,0.0,0.15448866621932145,0.0,0.0,0.0,0.0,0.0,0.26751302617580563,0.0,1.05e-08
4684.0,1.0872129546918672,0.0,0.353353019,0.0,0.0,0.0,1.0872129546918672,0.0,0.0,0.0,0.1544865618210568,0.0,0.0,0.0,0.0,0.0,0.27422704161289824,0.0,1.05e-08
4685.0,1.023462805744249,0.0,0.326747786,0.0,0.0,0.0,1.2535926018865524,0.0,0.23012979614230356,0.0,0.15448445745145764,0.0,0.0,0.0,0.0,0.0,0.005339629181863259,0.0,1.05e-08
4686.0,0.9705286187171043,0.0,0.299221007,0.0,0.0,0.0,1.1528738252110085,0.0,0.1823452064939043,0.0,0.3615991696385968,0.0,0.0,0.0,0.0,0.0,0.0,0.0,1.0500143029798309e-08
4687.0,0.9301277567979644,0.0,0.277462632,0.0,0.0,0.0,1.0690406035126883,0.0,0.13891284671472387,0.0,0.5257049298877016,0.0,0.0,0.0,0.0,0.0,2.220446049250313e-16,0.0,1.050028606154495e-08
4688.0,0.9035000619888001,0.0,0.255486751,0.0,0.0,0.0,0.9843693491617134,0.0,0.08086928717291333,0.0,0.6507193309361097,0.0,0.0,0.0,0.0,0.0,0.0,0.0,1.0500429095239959e-08
4689.0,0.8891358821110458,0.0,0.225213945,0.0,0.0,0.0,0.867730728086921,0.0,0.0,0.021405154024124757,0.7234928254882215,0.0,0.0,0.0,0.0,0.0,0.0,0.0,1.1667302367648169e-08
4690.0,0.8824527268638079,0.0,0.196795495,0.0,0.0,0.0,0.7582367875158708,0.0,0.0,0.12421593934793726,0.7020778162618757,0.0,0.0,0.0,0.0,0.0,0.0,0.0,1.1667461298305735e-08
4691.0,0.8899988464060271,5.91e-06,0.162358629,0.0,0.0,1.1600355415916964e-05,0.6255543871999768,0.0,0.0,0.2644328588506344,0.5778523134205487,0.0,0.0,0.0,0.0,1.6940658945086007e-21,0.0,0.0,1.1667620231128236e-08
4692.0,0.9319736010219692,0.101211642,0.108983526,0.0,0.0,0.19866176301667496,0.41990452396480105,0.0,0.0,0.31340731404049327,0.3134115832390567,0.0,0.0,0.0,0.0,0.0,0.0,0.0,1.1667779166115702e-08
4693.0,0.9989379172320366,0.3411446,0.114165776,0.0,0.0,0.6696105936075848,0.3293273236244518,0.0,0.0,0.0,0.0,0.0,0.0,0.0,0.0,1.1102230246251565e-16,0.11054398155200312,0.0,1.05e-08
4694.0,1.0723262852657867,0.516362258,0.116858908,0.0,0.0,1.0135339621261275,0.05879232313965918,0.0,0.0,0.0,0.0,0.0,0.0,0.0,0.0,0.0,0.3914553971881496,0.0,1.05e-08
4695.0,1.1437210558835873,0.614360858,0.10201188,0.0,0.0,1.2058890535410647,0.29136956463129954,0.0,0.35353756228877686,0.0,0.0,0.0,0.0,0.0,0.0,0.0,0.10167378313260389,0.0,1.05e-08
4696.0,1.2062763311920006,0.675714958,0.089086895,0.0,0.0,1.3263170342895776,0.3432444481239964,0.0,0.46328515122157327,0.0,0.31818380605989915,0.0,0.0,0.0,0.0,2.220446049250313e-16,0.0,0.0,1.0500143029798309e-08
4697.0,1.2610392316382868,0.689150574,0.082958204,0.0,0.0,1.3526889329074763,0.3196311079125377,0.0,0.41128080918172705,0.0,0.7351361079549641,0.0,0.0,0.0,0.0,0.0,-5.551115123125783e-17,0.0,1.050028606154495e-08
4698.0,1.3039518978204867,0.679169684,0.084428334,0.0,0.0,1.333098091728598,0.3252953973741979,0.0,0.35444159128230895,0.0,1.1052788224149968,0.0,0.0,0.0,0.0,0.0,0.0,0.0,1.0500429095239959e-08
4699.0,1.337845195242236,0.661461955,0.090591237,0.0,0.0,1.2983407397812647,0.3490405535958478,0.0,0.30953609813487637,0.0,1.4242611987925398,0.0,0.0,0.0,0.0,0.0,0.0,0.0,1.050057213088335e-08
4700.0,1.3669846943144603,0.638709498,0.100254983,0.0,0.0,1.2536814186669891,0.3862741687373395,0.0,0.27297089308986805,0.0,1.702824286255157,0.0,0.0,0.0,0.0,0.0,0.0,0.0,1.050071516847516e-08
4701.0,1.3867686325807949,0.602558575,0.110260839,0.0,0.0,1.1827231182586224,0.4248259054515686,0.0,0.220780391129396,0.0,1.9484748946744583,0.0,0.0,0.0,0.0,0.0,0.0,0.0,1.0500858208015414e-08
4702.0,1.3888393186186285,0.547403465,0.119391463,0.0,0.0,1.074462732640349,0.46000544556134254,0.0,0.1456288595830631,0.0,2.147150705150442,0.0,0.0,0.0,0.0,0.0,0.0,0.0,1.0501001249504134e-08
4703.0,1.3691838613887677,0.462546176,0.127699969,0.0,0.0,0.9079018676604537,0.49201743292160366,0.0,0.030735439193289672,0.0,2.2781874309324386,0.0,0.0,0.0,0.0,0.0,0.0,0.0,1.0501144292941347e-08
4704.0,1.3380957332633596,0.338809699,0.148897674,0.0,0.0,0.6650275679796696,0.5736904394195884,0.0,0.0,0.09937772586410168,2.3058182934206712,0.0,0.0,0.0,0.0,0.0,0.0,0.0,1.1668097042585649e-08
4705.0,1.3049711807098443,0.178906788,0.208669544,0.0,0.0,0.3511645223553483,0.8039865175519474,0.0,0.0,0.14982014080254857,2.2064091583915224,0.0,0.0,0.0,0.0,0.0,0.0,0.0,1.1668255984068187e-08
4706.0,1.2505337655559579,0.025133287,0.262926543,0.0,0.0,0.0493324977953038,1.013034253233152,0.0,0.0,0.18816701452750198,2.056558962545341,0.0,0.0,0.0,0.0,0.0,0.0,0.0,1.1668414927715807e-08
4707.0,1.1799398600655098,0.0,0.284065991,0.0,0.0,0.0,1.0944828003219906,0.0,0.0,0.08545705974351916,1.8683639341886193,0.0,0.0,0.0,0.0,0.0,0.0,0.0,1.1668573873528541e-08
4708.0,1.1053244981334363,0.0,0.284270029,0.0,0.0,0.0,1.0952689418830621,0.0,0.0,0.010055556250374268,1.782881424152098,0.0,0.0,0.0,0.0,0.0,0.0,0.0,1.1668732821506416e-08
4709.0,1.0384565427007242,0.0,0.274488852,0.0,0.0,0.0,1.0575828747980198,0.0,0.019126332097295532,0.0,1.7728015820258287,0.0,0.0,0.0,0.0,0.0,0.0,0.0,1.0502002594484515e-08
4710.0,0.9860769654810241,0.0,0.261472959,0.0,0.0,0.0,1.0074337141428416,0.0,0.021356748661817505,0.0,1.7899911323420847,0.0,0.0,0.0,0.0,0.0,0.0,0.0,1.0502145651561935e-08
4711.0,0.9508174863714381,0.0,0.246209244,0.0,0.0,0.0,0.9486238809850358,0.0,0.0,0.0021936053864023437,1.8091878234155132,0.0,0.0,0.0,0.0,0.0,-1.1102230246251565e-16,0.0,1.1669209678431185e-08
4712.0,0.9351813442325947,0.0,0.22861304,0.0,0.0,0.0,0.8808271603668432,0.0,0.0,0.05435418386575159,1.8069695738153366,0.0,0.0,0.0,0.0,0.0,0.0,0.0,1.166936863506992e-08
4713.0,0.9432949216859059,0.0,0.199811267,0.0,0.0,0.0,0.769856307938126,0.0,0.0,0.1734386137477799,1.7525907759521413,0.0,0.0,0.0,0.0,0.0,0.0,0.0,1.1669527593873945e-08
4714.0,0.9726549798707432,0.0,0.175008316,0.0,0.0,0.0,0.674292586384675,0.0,0.0,0.29836239348606824,1.579128288938589,0.0,0.0,0.0,0.0,0.0,0.0,0.0,1.166968655484329e-08
4715.0,1.019070895647458,1.08e-06,0.131702725,0.0,0.0,2.1198619034162983e-06,0.5074397211739332,0.0,0.0,0.5116290546116212,1.2807443850407072,0.0,0.0,0.0,0.0,0.0,0.0,0.0,1.166984551797798e-08
4716.0,1.075133595912736,0.082043196,0.071281685,0.0,0.0,0.16103726447677444,0.2746424446510741,0.0,0.0,0.547828646187364,0.7690978845132964,0.0,0.0,0.0,0.09162524059752344,2.7755575615628914e-17,0.0,0.0,5.62341
4717.0,1.1446439779955897,0.350539463,0.061080227,0.0,0.0,0.6880511604238028,0.235337069586985,0.0,0.0,0.22125574798480188,0.22125876190527893,0.0,0.0,0.0,0.0,0.0,0.0,0.0,1.1670163450743526e-08
4718.0,1.221891059824765,0.567598021,0.062494566,0.0,0.0,1.1141013159003554,0.10778974392440942,0.0,0.0,0.0,0.0,0.0,0.0,0.0,0.0,0.0,0.1329966570094055,0.0,1.05e-08
4719.0,1.298155261724917,0.669044484,0.060801509,0.0,0.0,1.3132239938170511,0.0,0.0,0.015068732092134033,0.0,0.0,0.0,0.0,0.0,0.0,0.0,0.23426319215425792,0.0,1.0499427900289589e-08
4720.0,1.3671560023630918,0.719683503,0.062614459,0.0,0.0,1.4126200375248972,0.0,0.0,0.04546403516180542,0.0,0.01356185888292063,0.0,0.0,0.0,0.0,0.0,0.24124833876001178,0.0,1.049957092229482e-08
4721.0,1.4248247155842906,0.733628671,0.070045249,0.0,0.0,1.4399921026915083,0.0,0.0,0.015167387107217774,0.0,0.05447930579297237,0.0,0.0,0.0,0.0,0.0,0.26987855886898865,0.0,1.0499713946248285e-08
4722.0,1.4648979508604225,0.721090138,0.080384846,0.0,0.0,1.4153810300698157,0.04951692079060693,0.0,0.0,0.0,0.06812921208870865,0.0,0.0,0.0,0.0,0.0,0.26019925129960275,0.0,1.05e-08
4723.0,1.4900374069971005,0.690367101,0.090811024,0.0,0.0,1.3550767747980108,0.2595534241801118,0.0,0.12459279198102192,0.0,0.06812828405302034,0.0,0.0,0.0,0.0,0.0,0.09033395057298738,0.0,1.05e-08
4724.0,1.5080740031673934,0.651248967,0.100074184,0.0,0.0,1.2782943285023314,0.385577565123796,0.0,0.15579789045873388,0.0,0.1802608688128932,0.0,0.0,0.0,0.0,0.0,-5.551115123125783e-17,0.0,1.0500143029798309e-08
4725.0,1.513767854433784,0.593740629,0.108600628,0.0,0.0,1.1654149443773427,0.4184292495970303,0.0,0.07007633954058912,0.0,0.320476514766277,0.0,0.0,0.0,0.0,0.0,0.0,0.0,1.050028606154495e-08
4726.0,1.50449794765221,0.546531443,0.114643379,0.0,0.0,1.0727510972544778,0.441711470086876,0.0,0.009964619689143799,0.0,0.38354085491786605,0.0,0.0,0.0,0.0,0.0,0.0,0.0,1.0500429095239959e-08
4727.0,1.4744269610655518,0.472863449,0.121307643,0.0,0.0,0.9281529731973478,0.4673883288306072,0.0,0.0,0.0788856590375968,0.392503788159632,0.0,0.0,0.0,0.0,0.0,0.0,0.0,1.1667302367648169e-08
4728.0,1.4347306034964091,0.355840611,0.149895009,0.0,0.0,0.6984564397659986,0.577533088797701,0.0,0.0,0.15874107493270959,0.3136127825531841,0.0,0.0,0.0,0.0,0.0,1.1102230246251565e-16,0.0,1.1667461298305735e-08
4729.0,1.3885952046493286,0.190591067,0.240504202,0.0,0.0,0.37409883524515114,0.926642825378437,0.0,0.0,0.08785354402574048,0.15486743568123437,0.0,0.0,0.0,0.0,0.0,0.0,0.0,1.1667620231128236e-08
4730.0,1.3188728288562934,0.028233278,0.326418183,0.0,0.0,0.055417268926631014,1.2576622979336372,0.0,0.0,0.005793261996025238,0.06701178209774526,0.0,0.0,0.0,0.0,0.0,0.0,0.0,1.1667779166115702e-08
4731.0,1.2340111042654462,0.0,0.359298715,0.0,0.0,0.0,1.3843482718960636,0.0,0.1503371676306172,0.0,0.06121760728732783,0.0,0.0,0.0,0.0,0.0,0.0,0.0,1.0501144292941347e-08
4732.0,1.1486590103853913,0.0,0.359994962,0.0,0.0,0.0,1.3870308540791443,0.0,0.23837184369375292,0.0,0.1965202242670021,0.0,0.0,0.0,0.0,0.0,0.0,0.0,1.0501287338327084e-08
4733.0,1.0775576048008721,0.0,0.345518679,0.0,0.0,0.0,1.331254931377811,0.0,0.25369732657693883,0.0,0.4110522066518409,0.0,0.0,0.0,0.0,0.0,2.220446049250313e-16,0.0,1.0501430385661367e-08
4734.0,1.0198760434760261,0.0,0.327339101,0.0,0.0,0.0,1.2612105189225657,0.0,0.24133447544653955,0.0,0.6393742013412426,0.0,0.0,0.0,0.0,0.0,0.0,0.0,1.0501573434944228e-08
4735.0,0.9794109410386495,0.0,0.308348663,0.0,0.0,0.0,1.1880419298619305,0.0,0.20863098882328102,0.0,0.8565665198795698,0.0,0.0,0.0,0.0,0.0,0.0,0.0,1.0501716486175687e-08
4736.0,0.9597533424581807,0.0,0.291605876,0.0,0.0,0.0,1.1235333544550465,0.0,0.16378001199686595,0.0,1.044322741928359,0.0,0.0,0.0,0.0,0.0,2.220446049250313e-16,0.0,1.0501859539355775e-08
4737.0,0.9653679637520793,0.0,0.261478209,0.0,0.0,0.0,1.0074539419592072,0.0,0.04208597820712793,0.0,1.1917105272744446,0.0,0.0,0.0,0.0,0.0,0.0,0.0,1.0502002594484515e-08
4738.0,0.9928864604141276,0.0,0.227022593,0.0,0.0,0.0,0.8746992994420072,0.0,0.0,0.11818716097212048,1.2295716745375702,0.0,0.0,0.0,0.0,0.0,0.0,0.0,1.1669050723957708e-08
4739.0,1.03210529679771,0.0,0.171707825,0.0,0.0,0.0,0.6615760671723574,0.0,0.0,0.37052922962535256,1.1113677647089708,0.0,0.0,0.0,0.0,0.0,1.1102230246251565e-16,0.0,1.1669209678431185e-08
4740.0,1.0833478168446182,0.092205297,0.088035777,0.0,0.0,0.1809837929661899,0.33919457728919855,0.0,0.0,0.547828646187364,0.7408233963653377,0.0,0.0,0.0,0.015340800401865723,0.0,0.0,0.0,5.62341
4741.0,1.1445947269316081,0.344263111,0.071603139,0.0,0.0,0.6757317164448855,0.2758809803619354,0.0,0.0,0.19298203012478723,0.19298465890391542,0.0,0.0,0.0,0.0,0.0,0.0,0.0,1.1669527593873946e-08
4742.0,1.2125333576682673,0.547360673,0.071631481,0.0,0.0,1.0743787390009314,0.13815461866733594,0.0,0.0,0.0,0.0,0.0,0.0,0.0,0.0,0.0,0.1378355610796351,0.0,1.05e-08
4743.0,1.2804869778591819,0.649707672,0.060929999,0.0,0.0,1.2752690205834185,0.005217957275763427,0.0,0.0,0.0,0.0,0.0,0.0,0.0,0.0,0.0,0.2295402962356049,0.0,1.05e-08
4744.0,1.338326999129012,0.707489123,0.053391939,0.0,0.0,1.3886844804899143,0.0,0.0,0.0503574813609021,0.0,0.0,0.0,0.0,0.0,0.0,0.0,0.20571473095257256,0.0,1.0497997787384051e-08
4745.0,1.3895952153832152,0.724009031,0.053101956,0.0,0.0,1.421110335690972,0.0,0.0,0.031515120307756835,0.0,0.04532173322481189,0.0,0.0,0.0,0.0,0.0,0.2045974504053008,0.0,1.0498140789908447e-08
4746.0,1.421798987175336,0.715776298,0.057356119,0.0,0.0,1.4049508384245846,0.016848148750751465,0.0,0.0,0.0,0.07368472414273958,0.0,0.0,0.0,0.0,0.0,0.20414024031241282,0.0,1.05e-08
4747.0,1.439591469376329,0.701552729,0.064354424,0.0,0.0,1.37703231800448,0.06255915137184911,0.0,0.0,0.0,0.07368372043153273,0.0,0.0,0.0,0.0,0.0,0.18539312881725914,0.0,1.05e-08
4748.0,1.449711492349237,0.683403731,0.07234341,0.0,0.0,1.3414088277772773,0.10830266457195947,0.0,0.0,0.0,0.07368271673399812,0.0,0.0,0.0,0.0,2.220446049250313e-16,0.17043051880880605,0.0,1.05e-08
4749.0,1.4533774845899519,0.658626649,0.082440829,0.0,0.0,1.2927755016572575,0.16060198293269434,0.0,0.0,0.0,0.07368171305013559,0.0,0.0,0.0,0.0,0.0,0.15703572183847048,0.0,1.05e-08
4750.0,1.4404008999061129,0.624067735,0.096932357,0.0,0.0,1.22494205238685,0.21545884751926295,0.0,0.0,0.0,0.07368070937994493,0.0,0.0,0.0,0.0,0.0,0.15801351767904373,0.0,1.05e-08
4751.0,1.4123834685524252,0.546394543,0.116580517,0.0,0.0,1.0724823851298688,0.33990108342255637,0.0,0.0,0.0,0.07367970572342598,0.0,0.0,0.0,0.0,0.0,0.10927401937651615,0.0,1.05e-08
4752.0,1.3738498643633692,0.425128958,0.16183469,0.0,0.0,0.8344580389845069,0.5393918253788623,0.0,0.0,0.0,0.07367870208057853,0.0,0.0,0.0,0.0,0.0,0.08414386812990848,0.0,1.05e-08
4753.0,1.3311941602541166,0.223036401,0.265105173,0.0,0.0,0.43778367551387104,0.8934104847402456,0.0,0.0,0.0,0.07367769845140239,0.0,0.0,0.0,0.0,0.0,0.1280178499345862,0.0,1.05e-08
4754.0,1.267131374117746,0.029126542,0.356507933,0.0,0.0,0.05717059885560625,1.2099607752621397,0.0,0.0,0.0,0.0736766948358974,0.0,0.0,0.0,0.0,0.0,0.16363484409816786,0.0,1.05e-08
4755.0,1.1872675618457238,0.0,0.381089108,0.0,0.0,0.0,1.1872675618457238,0.0,0.0,0.0,0.07367569123406335,0.0,0.0,0.0,0.0,0.0,0.281037294458069,0.0,1.05e-08
4756.0,1.1079712074847936,0.0,0.3764677,0.0,0.0,0.0,1.1079712074847936,0.0,0.0,0.0,0.07367468764590007,0.0,0.0,0.0,0.0,0.0,0.34252774550947396,0.0,1.05e-08
4757.0,1.0375464686923692,0.0,0.357634777,0.0,0.0,0.0,1.0375464686923692,0.0,0.0,0.0,0.07367368407140737,0.0,0.0,0.0,0.0,0.0,0.3403907875259953,0.0,1.05e-08
4758.0,0.9810919012658464,0.0,0.335381452,0.0,0.0,0.0,1.0918192315652728,0.0,0.11072733029942643,0.0,0.07367268051058505,0.0,0.0,0.0,0.0,0.0,0.2003778014861608,0.0,1.05e-08
4759.0,0.9415946893032379,0.0,0.313608547,0.0,0.0,0.0,1.208307828463248,0.0,0.2667131391600101,0.0,0.17332627423291672,0.0,0.0,0.0,0.0,0.0,0.0,0.0,1.0500143029798309e-08
4760.0,0.9220013312410059,0.0,0.291957252,0.0,0.0,0.0,1.1248871771604405,0.0,0.20288584591943457,0.0,0.4133657384784161,0.0,0.0,0.0,0.0,0.0,-2.220446049250313e-16,0.0,1.050028606154495e-08
4761.0,0.9253568276435762,0.0,0.262465905,0.0,0.0,0.0,1.0112594530664725,0.0,0.08590262542289637,0.0,0.5959573690618274,0.0,0.0,0.0,0.0,0.0,2.220446049250313e-16,0.0,1.0500429095239959e-08
4762.0,0.9512200602857223,0.0,0.236287619,0.0,0.0,0.0,0.910396679356578,0.0,0.0,0.04082338092914429,0.6732616139899399,0.0,0.0,0.0,0.0,0.0,0.0,0.0,1.1667302367648169e-08
4763.0,0.9877814805649079,0.0,0.194680903,0.0,0.0,0.0,0.7500894391988437,0.0,0.0,0.2376920413660641,0.6324290620930684,0.0,0.0,0.0,0.0,0.0,0.0,0.0,1.1667461298305735e-08
4764.0,1.0325806766326624,0.095884191,0.118706867,0.0,0.0,0.1882048552229554,0.45736775371892396,0.0,0.0,0.38700806769078294,0.39472840596804915,0.0,0.0,0.0,0.0,2.7755575615628914e-17,0.0,0.0,1.1667620231128236e-08
4765.0,1.0861508447903516,0.381580581,0.085508252,0.0,0.0,0.7489797562457008,0.32945623223020193,0.0,0.0,0.007714856314448852,0.0077149614053386275,0.0,0.0,0.0,0.0,0.0,0.0,0.0,1.1667779166115702e-08
4766.0,1.1470165944691364,0.579073433,0.099279532,0.0,0.0,1.136625657312213,0.01039093715692334,0.0,0.0,0.0,0.0,0.0,0.0,0.0,0.0,0.0,0.3721248994467504,0.0,1.05e-08
4767.0,1.207400540261145,0.671634553,0.101828034,0.0,0.0,1.31830787215068,0.0,0.0,0.11090733188953492,0.0,0.0,0.0,0.0,0.0,0.0,0.0,0.39233500431103296,0.0,1.047214638873971e-08
4768.0,1.2612083983363105,0.724609562,0.097091531,0.0,0.0,1.4222890790138614,0.0,0.0,0.16108068067755077,0.0,0.09981659870058142,0.0,0.0,0.0,0.0,0.0,0.3740856494730105,0.0,1.0472289039119314e-08
4769.0,1.3124808972917292,0.738747933,0.094884238,0.0,0.0,1.4500403698094775,0.0,0.0,0.1375594725177483,0.0,0.24478785163861463,0.0,0.0,0.0,0.0,2.220446049250313e-16,0.3655811318598087,0.0,1.0472431691442083e-08
4770.0,1.3536162424693767,0.739037772,0.095804453,0.0,0.0,1.4506092759707965,0.0,0.0,0.09699303350141968,0.0,0.36858804247790944,0.0,0.0,0.0,0.0,0.0,0.36912664424780267,0.0,1.0472574345708047e-08
4771.0,1.3848949507988875,0.730880027,0.098161652,0.0,0.0,1.4345969677825698,0.0,0.0,0.04970201698368237,0.0,0.4558767518334489,0.0,0.0,0.0,0.0,0.0,0.3782087372972174,0.0,1.0472717001917234e-08
4772.0,1.4094819384787285,0.723570405,0.101475084,0.0,0.0,1.420249385184261,0.0,0.0,0.010767446705532471,0.0,0.5006023573024126,0.0,0.0,0.0,0.0,-2.220446049250313e-16,0.390975117113647,0.0,1.0472859660069663e-08
4773.0,1.4228975000371857,0.704978777,0.106362484,0.0,0.0,1.383757085258624,0.03914041477856177,0.0,0.0,0.0,0.5102862402822614,0.0,0.0,0.0,0.0,0.0,0.370665450850467,0.0,1.05e-08
4774.0,1.4168353364662374,0.660237562,0.112128128,0.0,0.0,1.2959374582298666,0.1208978782363706,0.0,0.0,0.0,0.5102792893161822,0.0,0.0,0.0,0.0,0.0,0.311122537499713,0.0,1.05e-08
4775.0,1.3898992871695361,0.570519783,0.119390866,0.0,0.0,1.1198362528954011,0.270063034274135,0.0,0.0,0.0,0.5102723384447869,0.0,0.0,0.0,0.0,0.0,0.1899401110955179,0.0,1.05e-08
4776.0,1.347581916456331,0.426254636,0.15119171,0.0,0.0,0.8366675592694272,0.5109143571869039,0.0,0.0,0.0,0.5102653876680744,0.0,0.0,0.0,0.0,0.0,0.07161481346017395,0.0,1.05e-08
4777.0,1.3052152946791442,0.199327454,0.273964761,0.0,0.0,0.3912469222588561,0.9139683724202882,0.0,0.0,0.0,0.5102584369860431,0.0,0.0,0.0,0.0,0.0,0.14159522304308025,0.0,1.05e-08
4778.0,1.2420754306547759,0.0225706,0.377713641,0.0,0.0,0.04430236581226657,1.1977730648425093,0.0,0.0,0.0,0.5102514863986921,0.0,0.0,0.0,0.0,0.0,0.25752639591375903,0.0,1.05e-08
4779.0,1.1621109749041827,0.0,0.418463773,0.0,0.0,0.0,1.1621109749041827,0.0,0.0,0.0,0.5102445359060198,0.0,0.0,0.0,0.0,0.0,0.45019537860909553,0.0,1.05e-08
4780.0,1.0853671104678624,0.0,0.423313884,0.0,0.0,0.0,1.0853671104678624,0.0,0.0,0.0,0.5102375855080251,0.0,0.0,0.0,0.0,0.0,0.5456263201237574,0.0,1.05e-08
4781.0,1.0157410954521824,0.0,0.410356885,0.0,0.0,0.0,1.0157410954521824,0.0,0.0,0.0,0.5102306352047066,0.0,0.0,0.0,0.0,0.0,0.5653300882017913,0.0,1.05e-08
4782.0,0.9614193132311224,0.0,0.395985831,0.0,0.0,0.0,0.9614193132311224,0.0,0.0,0.0,0.5102236849960631,0.0,0.0,0.0,0.0,0.0,0.5642813863669174,0.0,1.05e-08
4783.0,0.9237079876754977,0.0,0.382501042,0.0,0.0,0.0,0.9237079876754977,0.0,0.0,0.0,0.5102167348820932,0.0,0.0,0.0,0.0,0.0,0.5500369337087707,0.0,1.05e-08
4784.0,0.9043287646740551,0.0,0.370490215,0.0,0.0,0.0,0.9043287646740551,0.0,0.0,0.0,0.5102097848627956,0.0,0.0,0.0,0.0,0.0,0.5231394323375905,0.0,1.05e-08
4785.0,0.9082217400792068,0.0,0.346767591,0.0,0.0,0.0,0.9082217400792068,0.0,0.0,0.0,0.5102028349381691,0.0,0.0,0.0,0.0,0.0,0.42784514607820956,0.0,1.05e-08
4786.0,0.9343033904833581,0.0,0.321497977,0.0,0.0,0.0,0.9343033904833581,0.0,0.0,0.0,0.5101958851082125,0.0,0.0,0.0,0.0,0.0,0.3044017601265748,0.0,1.05e-08
4787.0,0.9717213510057013,3.9e-07,0.277578585,0.0,0.0,7.655056873447744e-07,0.971720585500014,0.0,0.0,0.0,0.5101889353729243,0.0,0.0,0.0,0.0,0.0,0.09776677534430367,0.0,1.05e-08
4788.0,1.0179424038770977,0.097383684,0.185594394,0.0,0.0,0.19114811270919566,0.7150798705403029,0.0,0.0,0.11171442062759915,0.5101819857323033,0.0,0.0,0.0,0.0,-2.7755575615628914e-17,0.0,0.0,1.1639047172012995e-08
4789.0,1.0741143130233783,0.358296693,0.146959695,0.0,0.0,0.7032773237136528,0.3708369893097255,0.0,0.0,0.0,0.3984606155587491,0.0,0.0,0.0,0.0,0.0,0.19538657709413038,0.0,1.05e-08
4790.0,1.1364875735301208,0.549114357,0.171869212,0.0,0.0,1.0778209315029967,0.05866664202712402,0.0,0.0,0.0,0.3984551878477822,0.0,0.0,0.0,0.0,2.220446049250313e-16,0.60353123592615,0.0,1.05e-08
4791.0,1.2018437354336595,0.64955509,0.180743969,0.0,0.0,1.274969527278838,0.0,0.0,0.07312579184517846,0.0,0.39844976021074996,0.0,0.0,0.0,0.0,-2.220446049250313e-16,0.6963915836458967,0.0,1.047557053421791e-08
4792.0,1.2616580819639682,0.704717613,0.176506508,0.0,0.0,1.383244463393676,0.0,0.0,0.12158638142970776,0.0,0.4642575453083119,0.0,0.0,0.0,0.0,0.0,0.680064996414498,0.0,1.0475713231240832e-08
4793.0,1.3185837465242276,0.723899501,0.178317859,0.0,0.0,1.4208953463629337,0.0,0.0,0.10231159983870605,0.0,0.573678964618044,0.0,0.0,0.0,0.0,0.0,0.6870439822053245,0.0,1.0475855930207557e-08
4794.0,1.3669461500035183,0.726760097,0.18633784,0.0,0.0,1.4265102245865124,0.0,0.0,0.05956407458299414,0.0,0.6657515899901272,0.0,0.0,0.0,0.0,0.0,0.7179443065718875,0.0,1.047599863111811e-08
4795.0,1.405974406182998,0.717609973,0.195428819,0.0,0.0,1.4085500400687947,0.0,0.0,0.002575633885796631,0.0,0.7193501884463885,0.0,0.0,0.0,0.0,0.0,0.7529710977712197,0.0,1.0476141333972517e-08
4796.0,1.4316641894259046,0.704823255,0.201035558,0.0,0.0,1.3834518212188618,0.04821236820704272,0.0,0.0,0.0,0.7216584601711435,0.0,0.0,0.0,0.0,0.0,0.7263610318313094,0.0,1.05e-08
4797.0,1.4413880625363522,0.679517279,0.204358136,0.0,0.0,1.3337803633937073,0.10760769914264502,0.0,0.0,0.0,0.7216486299560967,0.0,0.0,0.0,0.0,-2.220446049250313e-16,0.6797673194947046,0.0,1.05e-08
4798.0,1.4308825964540233,0.644419653,0.20615952,0.0,0.0,1.2648895113031948,0.16599308515082836,0.0,0.0,0.0,0.7216387998749539,0.0,0.0,0.0,0.0,0.0,0.6283225172495921,0.0,1.05e-08
4799.0,1.4020129075583936,0.563761248,0.217182768,0.0,0.0,1.1065703632015071,0.2954425443568865,0.0,0.0,0.0,0.7216289699277137,0.0,0.0,0.0,0.0,0.0,0.5413447221002277,0.0,1.05e-08
4800.0,1.3625221196476087,0.418203809,0.271897364,0.0,0.0,0.8208651134839685,0.5416570061636401,0.0,0.0,0.0,0.7216191401143741,0.0,0.0,0.0,0.0,0.0,0.5059410794195354,0.0,1.05e-08
4801.0,1.3203396540227008,0.197700945,0.416489219,0.0,0.0,0.38805435331009336,0.9322853007126075,0.0,0.0,0.0,0.7216093104349333,0.0,0.0,0.0,0.0,0.0,0.672413259330924,0.0,1.05e-08
4802.0,1.257756541156385,0.021525753,0.524198289,0.0,0.0,0.04225150345097138,1.2155050377054135,0.0,0.0,0.0,0.7215994808893893,0.0,0.0,0.0,0.0,0.0,0.8041876726011716,0.0,1.05e-08
4803.0,1.1818991958717329,0.0,0.546050606,0.0,0.0,0.0,1.1818991958717329,0.0,0.0,0.0,0.7215896514777405,0.0,0.0,0.0,0.0,0.0,0.9219886868998441,0.0,1.05e-08
4804.0,1.1051125044232548,0.0,0.519739797,0.0,0.0,0.0,1.1051125044232548,0.0,0.0,0.0,0.721579822199985,0.0,0.0,0.0,0.0,0.0,0.8974020044654307,0.0,1.05e-08
4805.0,1.0356556561055985,0.0,0.483961632,0.0,0.0,0.0,1.0356556561055985,0.0,0.0,0.0,0.721569993056121,0.0,0.0,0.0,0.0,0.0,0.8290085382074779,0.0,1.05e-08
4806.0,0.9817814161615883,0.0,0.450963252,0.0,0.0,0.0,0.9817814161615882,0.0,0.0,0.0,0.7215601640461466,0.0,0.0,0.0,0.0,0.0,0.7557427455789542,0.0,1.05e-08
4807.0,0.9430465250153901,0.0,0.422356181,0.0,0.0,0.0,0.9430465250153901,0.0,0.0,0.0,0.7215503351700601,0.0,0.0,0.0,0.0,0.0,0.6842569550206326,0.0,1.05e-08
4808.0,0.9234488842519424,0.0,0.398192616,0.0,0.0,0.0,0.9234488842519424,0.0,0.0,0.0,0.7215405064278595,0.0,0.0,0.0,0.0,0.0,0.6107543756772584,0.0,1.05e-08
4809.0,0.9279050348669703,0.0,0.36845891,0.0,0.0,0.0,0.9279050348669703,0.0,0.0,0.0,0.721530677819543,0.0,0.0,0.0,0.0,0.0,0.49173671175939104,0.0,1.05e-08
4810.0,0.9524855984949878,0.0,0.341220833,0.0,0.0,0.0,0.9524855984949878,0.0,0.0,0.0,0.721520849345109,0.0,0.0,0.0,0.0,0.0,0.362210087234045,0.0,1.05e-08
4811.0,0.9878007527203789,0.0,0.293480101,0.0,0.0,0.0,0.9878007527203789,0.0,0.0,0.0,0.7215110210045556,0.0,0.0,0.0,0.0,0.0,0.1429538358542899,0.0,1.05e-08
4812.0,1.0348612150300698,0.073796128,0.202665298,0.0,0.0,0.1448496299692896,0.7808526536467039,0.0,0.0,0.10915893141407636,0.7215011927978807,0.0,0.0,0.0,0.0,0.0,0.0,0.0,1.164285286659223e-08
4813.0,1.0904078497988454,0.300184446,0.180207013,0.0,0.0,0.5892125658088213,0.5011952839900242,0.0,0.0,0.0,0.6123324333110066,0.0,0.0,0.0,0.0,-1.1102230246251565e-16,0.19312745253883168,0.0,1.05e-08
4814.0,1.1542179565634847,0.504025939,0.204723692,0.0,0.0,0.9893198022404879,0.1648981543229967,0.0,0.0,0.0,0.6123240923022998,0.0,0.0,0.0,0.0,1.1102230246251565e-16,0.6238853213885209,0.0,1.05e-08
4815.0,1.2149338116997168,0.622645689,0.218211014,0.0,0.0,1.2221508105902705,0.0,0.0,0.007216998890553711,0.0,0.6123157514072116,0.0,0.0,0.0,0.0,0.0,0.8407490133650708,0.0,1.0478995799311113e-08
4816.0,1.2678058995592325,0.684510709,0.220304913,0.0,0.0,1.3435816430459073,0.0,0.0,0.0757757434866748,0.0,0.618802709627239,0.0,0.0,0.0,0.0,-2.220446049250313e-16,0.8488166332622777,0.0,1.0479138542992605e-08
4817.0,1.315643672139589,0.705902992,0.220663574,0.0,0.0,1.385571166896648,0.0,0.0,0.06992749475705884,0.0,0.6869924496203765,0.0,0.0,0.0,0.0,0.0,0.8501985244709521,0.0,1.0479281288618535e-08
4818.0,1.3533378668903506,0.707000312,0.220933325,0.0,0.0,1.3877250251039228,0.0,0.0,0.034387158213572265,0.0,0.7499178368966785,0.0,0.0,0.0,0.0,0.0,0.8512378527933266,0.0,1.0479424036188927e-08
4819.0,1.3791796860264178,0.697778983,0.221733134,0.0,0.0,1.3696250769132117,0.009554609113206054,0.0,0.0,0.0,0.7808560641330947,0.0,0.0,0.0,0.0,0.0,0.8447648416952899,0.0,1.05e-08
4820.0,1.3962141301122162,0.68235265,0.224372255,0.0,0.0,1.3393457291019955,0.056868401010220705,0.0,0.0,0.0,0.7808454275460459,0.0,0.0,0.0,0.0,0.0,0.8076193650277761,0.0,1.05e-08
4821.0,1.4014904180100674,0.653182696,0.227814506,0.0,0.0,1.2820899196492122,0.11940049836085523,0.0,0.0,0.0,0.7808347911038855,0.0,0.0,0.0,0.0,0.0,0.7583499764605074,0.0,1.05e-08
4822.0,1.3869485060318578,0.606831248,0.235700046,0.0,0.0,1.1911096707757107,0.1958388352561472,0.0,0.0,0.0,0.7808241548066116,0.0,0.0,0.0,0.0,0.0,0.7122939738632027,0.0,1.05e-08
4823.0,1.3532158099057006,0.529310212,0.25845791,0.0,0.0,1.0389486606555594,0.3142671492501412,0.0,0.0,0.0,0.780813518654222,0.0,0.0,0.0,0.0,0.0,0.6815498301297276,0.0,1.05e-08
4824.0,1.314568714134426,0.390347083,0.319803841,0.0,0.0,0.7661869540383145,0.5483817600961116,0.0,0.0,0.0,0.7808028826467149,0.0,0.0,0.0,0.0,0.0,0.6837960244363865,0.0,1.05e-08
4825.0,1.2762599517591988,0.168438655,0.456916527,0.0,0.0,0.33061730351590846,0.9456426482432903,0.0,0.0,0.0,0.7807922467840885,0.0,0.0,0.0,0.0,0.0,0.8148189903495477,0.0,1.05e-08
4826.0,1.2199038864606393,0.018831836,0.545634712,0.0,0.0,0.036963788618318116,1.1829400978423212,0.0,0.0,0.0,0.7807816110663405,0.0,0.0,0.0,0.0,0.0,0.9193453796988562,0.0,1.05e-08
4827.0,1.1492264682964832,0.0,0.529525731,0.0,0.0,0.0,1.1492264682964832,0.0,0.0,0.0,0.780770975493469,0.0,0.0,0.0,0.0,0.0,0.890992436005331,0.0,1.05e-08
4828.0,1.08148484181575,0.0,0.495722046,0.0,0.0,0.0,1.08148484181575,0.0,0.0,0.0,0.7807603400654721,0.0,0.0,0.0,0.0,0.0,0.8284912562643141,0.0,1.05e-08
4829.0,1.0176426147919926,0.0,0.464712094,0.0,0.0,0.0,1.0176426147919926,0.0,0.0,0.0,0.780749704782348,0.0,0.0,0.0,0.0,0.0,0.7728546995613335,0.0,1.05e-08
4830.0,0.9656848836420476,0.0,0.430170801,0.0,0.0,0.0,0.9656848836420476,0.0,0.0,0.0,0.7807390696440942,0.0,0.0,0.0,0.0,0.0,0.6917276817897421,0.0,1.05e-08
4831.0,0.9260827454996523,0.0,0.402285024,0.0,0.0,0.0,0.9260827454996523,0.0,0.0,0.0,0.7807284346507094,0.0,0.0,0.0,0.0,0.0,0.6238882244328912,0.0,1.05e-08
4832.0,0.9018555047219373,0.0,0.386062923,0.0,0.0,0.0,0.9018555047219374,0.0,0.0,0.0,0.780717799802191,0.0,0.0,0.0,0.0,0.0,0.5856130499546166,0.0,1.05e-08
4833.0,0.8900480974700087,0.0,0.361854526,0.0,0.0,0.0,0.8900480974700087,0.0,0.0,0.0,0.7807071650985374,0.0,0.0,0.0,0.0,0.0,0.5041475031067126,0.0,1.05e-08
4834.0,0.8873735505607488,0.0,0.333264577,0.0,0.0,0.0,0.8873735505607488,0.0,0.0,0.0,0.7806965305397467,0.0,0.0,0.0,0.0,0.0,0.39666733796322673,0.0,1.05e-08
4835.0,0.8966306092386754,0.0,0.278832109,0.0,0.0,0.0,0.8966306092386754,0.0,0.0,0.0,0.7806858961258166,0.0,0.0,0.0,0.0,0.0,0.17768647604030996,0.0,1.05e-08
4836.0,0.9298793601274487,0.067414975,0.201317055,0.0,0.0,0.132324478909502,0.7756579847285421,0.0,0.0,0.021896896489404495,0.7806752618567454,0.0,0.0,0.0,0.0,0.0,0.0,0.0,1.1646659805544055e-08
4837.0,0.9803038842421413,0.299937133,0.193919138,0.0,0.0,0.5887271311727846,0.3915767530693567,0.0,0.0,0.0,0.7587677312431265,0.0,0.0,0.0,0.0,0.0,0.3555776685039971,0.0,1.05e-08
4838.0,1.0388419858101452,0.496690441,0.207200501,0.0,0.0,0.9749214293212413,0.06392055648890393,0.0,0.0,0.0,0.7587573955367218,0.0,0.0,0.0,0.0,-1.1102230246251565e-16,0.7344058597226002,0.0,1.05e-08
4839.0,1.0940845487925996,0.612939486,0.201487684,0.0,0.0,1.2030991346953404,0.0,0.0,0.10901458590274073,0.0,0.758747059971107,0.0,0.0,0.0,0.0,0.0,0.7763154041720972,0.0,1.0482422184385419e-08
4840.0,1.1436097056519767,0.665487452,0.196374418,0.0,0.0,1.3062421265707245,0.0,0.0,0.16263242091874755,0.0,0.856849851858747,0.0,0.0,0.0,0.0,0.0,0.7566144126145713,0.0,1.0482564974740735e-08
4841.0,1.1855159370484663,0.685938223,0.200968238,0.0,0.0,1.3463836176247899,0.0,0.0,0.16086768057632347,0.0,1.0032073589339927,0.0,0.0,0.0,0.0,0.0,0.7743140216387827,0.0,1.0482707767041126e-08
4842.0,1.2202186649999998,0.675532982,0.211681336,0.0,0.0,1.3259598454101924,0.0,0.0,0.10574118041019262,0.0,1.1479746060630027,0.0,0.0,0.0,0.0,0.0,0.8155907033629386,0.0,1.0482850561286616e-08
4843.0,1.248625822164324,0.654600683,0.223365543,0.0,0.0,1.2848731942981377,0.0,0.0,0.036247372133813724,0.0,1.2431260310664847,0.0,0.0,0.0,0.0,0.0,0.8606089878533962,0.0,1.0482993357477234e-08
4844.0,1.2698637374934187,0.636235009,0.236618681,0.0,0.0,1.2488244048137274,0.021039332679691405,0.0,0.0,0.0,1.2757317324970596,0.0,0.0,0.0,0.0,0.0,0.8906329012181559,0.0,1.05e-08
4845.0,1.27926854936329,0.609209925,0.248299685,0.0,0.0,1.1957786214727781,0.08348992789051196,0.0,0.0,0.0,1.275714354862119,0.0,0.0,0.0,0.0,0.0,0.8731882496033512,0.0,1.05e-08
4846.0,1.2743862699772914,0.563162123,0.256738395,0.0,0.0,1.1053943796247625,0.16899189035252904,0.0,0.0,0.0,1.2756969774638915,0.0,0.0,0.0,0.0,0.0,0.8201999397591344,0.0,1.05e-08
4847.0,1.2567286928645958,0.482555304,0.265502835,0.0,0.0,0.9471764863343245,0.30955220653027127,0.0,0.0,0.0,1.2756796003023738,0.0,0.0,0.0,0.0,0.0,0.7134082869848689,0.0,1.05e-08
4848.0,1.2283450905569582,0.355939725,0.300462058,0.0,0.0,0.6986509842036793,0.529694106353279,0.0,0.0,0.0,1.2756622233775625,0.0,0.0,0.0,0.0,0.0,0.6279613858536297,0.0,1.05e-08
4849.0,1.1990749690976523,0.152409119,0.411653952,0.0,0.0,0.29915396768642694,0.8999210014112253,0.0,0.0,0.0,1.2756448466894543,0.0,0.0,0.0,0.0,0.0,0.6861476742598944,0.0,1.05e-08
4850.0,1.1506847280604593,0.018399945,0.485999824,0.0,0.0,0.036116057805977035,1.1145686702544821,0.0,0.0,0.0,1.2756274702380461,0.0,0.0,0.0,0.0,0.0,0.757948509486033,0.0,1.05e-08
4851.0,1.0881530076087327,0.0,0.496764648,0.0,0.0,0.0,1.0881530076087327,0.0,0.0,0.0,1.275610094023335,0.0,0.0,0.0,0.0,0.0,0.8258401498615253,0.0,1.05e-08
4852.0,1.0262015931717456,0.0,0.487182936,0.0,0.0,0.0,1.0262015931717456,0.0,0.0,0.0,1.275592718045317,0.0,0.0,0.0,0.0,0.0,0.8508740193832578,0.0,1.05e-08
4853.0,0.9708412559058569,0.0,0.475664639,0.0,0.0,0.0,0.9708412559058569,0.0,0.0,0.0,1.2755753423039897,0.0,0.0,0.0,0.0,0.0,0.8618553096850191,0.0,1.05e-08
4854.0,0.9258621863870392,0.0,0.462689138,0.0,0.0,0.0,0.9258621863870392,0.0,0.0,0.0,1.2755579667993495,0.0,0.0,0.0,0.0,0.0,0.8568408455884003,0.0,1.05e-08
4855.0,0.8929753237510001,0.0,0.44944922,0.0,0.0,0.0,0.8929753237510001,0.0,0.0,0.0,1.2755405915313933,0.0,0.0,0.0,0.0,0.0,0.8387153977480559,0.0,1.05e-08
4856.0,0.8681527875042905,0.0,0.428098703,0.0,0.0,0.0,0.8681527875042905,0.0,0.0,0.0,1.2755232165001176,0.0,0.0,0.0,0.0,0.0,0.7812761554825951,0.0,1.05e-08
4857.0,0.8545958968057122,0.0,0.394394788,0.0,0.0,0.0,0.8545958968057122,0.0,0.0,0.0,1.2755058417055196,0.0,0.0,0.0,0.0,0.0,0.6649746455287194,0.0,1.05e-08
4858.0,0.8503538812514739,0.0,0.370997101,0.0,0.0,0.0,0.8503538812514739,0.0,0.0,0.0,1.2754884671475957,0.0,0.0,0.0,0.0,0.0,0.5790673056509044,0.0,1.05e-08
4859.0,0.8513753054914395,0.0,0.319280834,0.0,0.0,0.0,0.8513753054914395,0.0,0.0,0.0,1.2754710928263429,0.0,0.0,0.0,0.0,0.0,0.37878737626887227,0.0,1.05e-08
4860.0,0.8846005015235259,0.088572983,0.236366076,0.0,0.0,0.17385415956818462,0.7107463419553413,0.0,0.0,0.0,1.2754537187417576,0.0,0.0,0.0,0.0,0.0,0.1999526257419233,0.0,1.05e-08
4861.0,0.9378366189863836,0.363787493,0.227648665,0.0,0.0,0.7140548586574289,0.22378176032895458,0.0,0.0,0.0,1.2754363448938368,0.0,0.0,0.0,0.0,0.0,0.6533297428173784,0.0,1.05e-08
4862.0,1.001137084306344,0.553818137,0.247777341,0.0,0.0,1.0870536759697114,0.0,0.0,0.08591659166336718,0.0,1.2754189712825776,0.0,0.0,0.0,0.0,0.0,0.9546656292059149,0.0,1.0485706854708304e-08
4863.0,1.0630456717311731,0.666371435,0.232585943,0.0,0.0,1.3079772394271758,0.0,0.0,0.2449315676960027,0.0,1.3527265304050071,0.0,0.0,0.0,0.0,0.0,0.8961344274759412,0.0,1.0485849689807024e-08
4864.0,1.1228921385206003,0.717228037,0.208239865,0.0,0.0,1.4078003626836622,0.0,0.0,0.2849082241630618,0.0,1.57314651489643,0.0,0.0,0.0,0.0,0.0,0.8023309998551472,0.0,1.0485992526851426e-08
4865.0,1.1732395740134087,0.728777699,0.19127589,0.0,0.0,1.4304704446013796,0.0,0.0,0.25723087058797095,0.0,1.829542487713304,0.0,0.0,0.0,0.0,0.0,0.7369702053537307,0.0,1.0486135365841539e-08
4866.0,1.2139295182646144,0.72170449,0.182889557,0.0,0.0,1.4165869017365638,0.0,0.0,0.20265738347194948,0.0,2.061025349763573,0.0,0.0,0.0,0.0,0.0,0.704658356990747,0.0,1.0486278206777388e-08
4867.0,1.243388078577415,0.708184157,0.180882669,0.0,0.0,1.390048717617858,0.0,0.0,0.14666063904044288,0.0,2.2433889202193207,0.0,0.0,0.0,0.0,0.0,0.6969259832896917,0.0,1.0486421049659e-08
4868.0,1.2702149189931136,0.697626091,0.183686685,0.0,0.0,1.3693249751297514,0.0,0.0,0.09911005613663794,0.0,2.3753529365848647,0.0,0.0,0.0,0.0,0.0,0.7077296253343588,0.0,1.0486563894486401e-08
4869.0,1.2902965049939452,0.679562304,0.187132744,0.0,0.0,1.3338687400438933,0.0,0.0,0.043572235049948,0.0,2.4645196307627426,0.0,0.0,0.0,0.0,2.220446049250313e-16,0.7210070060271951,0.0,1.0486706741259617e-08
4870.0,1.2923350707726606,0.643619869,0.190063198,0.0,0.0,1.2633196671989706,0.02901540357368994,0.0,0.0,0.0,2.503701071360642,0.0,0.0,0.0,0.0,2.220446049250313e-16,0.7032823996687719,0.0,1.05e-08
4871.0,1.278364899406759,0.547734448,0.196310669,0.0,0.0,1.0751123976888477,0.20325250171791112,0.0,0.0,0.0,2.5036669666957576,0.0,0.0,0.0,0.0,0.0,0.5531162912651368,0.0,1.05e-08
4872.0,1.2554224689937803,0.411327248,0.226814133,0.0,0.0,0.8073675582150627,0.4480549107787177,0.0,0.0,0.0,2.5036328624954374,0.0,0.0,0.0,0.0,0.0,0.4258412095014618,0.0,1.05e-08
4873.0,1.2289917784405422,0.169475843,0.322754228,0.0,0.0,0.3326531325232053,0.8963386459173369,0.0,0.0,0.0,2.5035987587596744,0.0,0.0,0.0,0.0,0.0,0.3472067360330219,0.0,1.05e-08
4874.0,1.1772160620922683,0.015731742,0.401409996,0.0,0.0,0.030878815314976035,1.1463372467772923,0.0,0.0,0.0,2.5035646554884625,0.0,0.0,0.0,0.0,3.469446951953614e-18,0.40026231254594613,0.0,1.05e-08
4875.0,1.1118192145271795,0.0,0.417593996,0.0,0.0,0.0,1.1118192145271795,0.0,0.0,0.0,2.503530552681795,0.0,0.0,0.0,0.0,0.0,0.49713596004607696,0.0,1.05e-08
4876.0,1.045807799337625,0.0,0.404852125,0.0,0.0,0.0,1.045807799337625,0.0,0.0,0.0,2.5034964503396657,0.0,0.0,0.0,0.0,0.0,0.5140539987130559,0.0,1.05e-08
4877.0,0.9881540755706815,0.0,0.383160488,0.0,0.0,0.0,0.9881540755706815,0.0,0.0,0.0,2.503462348462068,0.0,0.0,0.0,0.0,0.0,0.4881316367833204,0.0,1.05e-08
4878.0,0.941005817886067,0.0,0.360585266,0.0,0.0,0.0,0.941005817886067,0.0,0.0,0.0,2.503428247048996,0.0,0.0,0.0,0.0,0.0,0.4482994287477331,0.0,1.05e-08
4879.0,0.9107335443422666,0.0,0.342150336,0.0,0.0,0.0,0.9107335443422666,0.0,0.0,0.0,2.5033941461004434,0.0,0.0,0.0,0.0,0.0,0.4075434396715991,0.0,1.05e-08
4880.0,0.8992173607730116,0.0,0.332975048,0.0,0.0,0.0,0.8992173607730116,0.0,0.0,0.0,2.5033600456164034,0.0,0.0,0.0,0.0,0.0,0.3837079964281931,0.0,1.05e-08
4881.0,0.9080697041860463,0.0,0.308736564,0.0,0.0,0.0,0.9080697041860463,0.0,0.0,0.0,2.50332594559687,0.0,0.0,0.0,0.0,0.0,0.28146677618942195,0.0,1.05e-08
4882.0,0.9378580324924625,0.0,0.284752232,0.0,0.0,0.0,0.9378580324924626,0.0,0.0,0.0,2.503291846041837,0.0,0.0,0.0,0.0,0.0,0.15926879772107427,0.0,1.05e-08
4883.0,0.9740597058695218,0.0,0.234428947,0.0,0.0,0.0,0.9032353696613246,0.0,0.0,0.07082433620819727,2.5032577469512978,0.0,0.0,0.0,0.0,0.0,0.0,0.0,1.1654118667122407e-08
4884.0,1.0201672671586999,0.07289655,0.148461221,0.0,0.0,0.1430839066995198,0.5720088220603005,0.0,0.0,0.30507453839887966,2.432399312117049,0.0,0.0,0.0,0.0,0.0,0.0,0.0,1.1654277418193115e-08
4885.0,1.0745340177425255,0.372983114,0.137681011,0.0,0.0,0.7321043462834983,0.3424296714590272,0.0,0.0,0.0,2.1272916403044593,0.0,0.0,0.0,0.0,0.0,0.18804389188436782,0.0,1.05e-08
4886.0,1.1392070888021464,0.600224238,0.169181266,0.0,0.0,1.178141199669701,0.0,0.0,0.03893411086755469,0.0,2.1272626629759226,0.0,0.0,0.0,0.0,0.0,0.6518414440315721,0.0,1.0489135434139824e-08
4887.0,1.2039251282245327,0.707168561,0.1716724,0.0,0.0,1.3880552701459488,0.0,0.0,0.18413014192141602,0.0,2.1622743858229057,0.0,0.0,0.0,0.0,0.0,0.6614395775733565,0.0,1.0489278315942258e-08
4888.0,1.261518894174455,0.748216198,0.155811505,0.0,0.0,1.4686250126473943,0.0,0.0,0.20710611847293922,0.0,2.327962059699179,0.0,0.0,0.0,0.0,0.0,0.600328859200832,0.0,1.0489421199691014e-08
4889.0,1.3165580288491598,0.759374599,0.142080211,0.0,0.0,1.4905271137427112,0.0,0.0,0.17396908489355126,0.0,2.5143258555240355,0.0,0.0,0.0,0.0,0.0,0.5474233175826363,0.0,1.0489564085386117e-08
4890.0,1.3619867819956353,0.748296042,0.135340578,0.0,0.0,1.4687817332527797,0.0,0.0,0.10679495125714453,0.0,2.6708637825357258,0.0,0.0,0.0,0.0,0.0,0.5214560683071588,0.0,1.048970697302759e-08
4891.0,1.3943404483303088,0.733013079,0.135557577,0.0,0.0,1.4387837971092419,0.0,0.0,0.044443348778933106,0.0,2.766942856961969,0.0,0.0,0.0,0.0,0.0,0.5222921475306908,0.0,1.0489849862615465e-08
4892.0,1.4146447347943616,0.716575774,0.14096697,0.0,0.0,1.406520077975599,0.008124656818762451,0.0,0.0,0.0,2.806904180397494,0.0,0.0,0.0,0.0,2.220446049250313e-16,0.5350094351412499,0.0,1.05e-08
4893.0,1.4252230067973588,0.689211475,0.14711377,0.0,0.0,1.3528084715276427,0.07241453526971607,0.0,0.0,0.0,2.8068659455908205,0.0,0.0,0.0,0.0,2.220446049250313e-16,0.4944026693830057,0.0,1.05e-08
4894.0,1.4168674567253556,0.650927785,0.154335269,0.0,0.0,1.2776639012006064,0.13920355552474928,0.0,0.0,0.0,2.8068277113049693,0.0,0.0,0.0,0.0,0.0,0.4554374883007598,0.0,1.05e-08
4895.0,1.3937794144710405,0.572643436,0.167304468,0.0,0.0,1.1240046335350082,0.26977478093603224,0.0,0.0,0.0,2.806789477539934,0.0,0.0,0.0,0.0,2.220446049250313e-16,0.3748355154194398,0.0,1.05e-08
4896.0,1.3643486917161425,0.437419795,0.198148277,0.0,0.0,0.8585829252043211,0.5057657665118214,0.0,0.0,0.0,2.806751244295708,0.0,0.0,0.0,0.0,1.1102230246251565e-16,0.25768317831430343,0.0,1.05e-08
4897.0,1.3260956044567205,0.192930791,0.282089898,0.0,0.0,0.3786913276267333,0.9474042768299872,0.0,0.0,0.0,2.806713011572284,0.0,0.0,0.0,0.0,0.0,0.1394648003823732,0.0,1.05e-08
4898.0,1.2662512790179012,0.014392242,0.344686247,0.0,0.0,0.028249597704211097,1.23800168131369,0.0,0.0,0.0,2.806674779369654,0.0,0.0,0.0,0.0,3.469446951953614e-18,0.0900459583245139,0.0,1.05e-08
4899.0,1.1868200195686738,0.0,0.362016318,0.0,0.0,0.0,1.1868200195686738,0.0,0.0,0.0,2.8066365476878117,0.0,0.0,0.0,0.0,0.0,0.20799895222051235,0.0,1.05e-08
4900.0,1.10723244152507,0.0,0.350622711,0.0,0.0,0.0,1.10723244152507,0.0,0.0,0.0,2.80659831652675,0.0,0.0,0.0,0.0,0.0,0.2436879035709676,0.0,1.05e-08
4901.0,1.040925519951626,0.0,0.323305186,0.0,0.0,0.0,1.040925519951626,0.0,0.0,0.0,2.806560085886462,0.0,0.0,0.0,0.0,0.0,0.20474265766525024,0.0,1.05e-08
4902.0,0.9876637062814737,0.0,0.294000407,0.0,0.0,0.0,0.9876637062814737,0.0,0.0,0.0,2.80652185576694,0.0,0.0,0.0,0.0,0.0,0.14509557833547637,0.0,1.05e-08
4903.0,0.9503806508474277,0.0,0.271554722,0.0,0.0,0.0,0.9503806508474277,0.0,0.0,0.0,2.8064836261681774,0.0,0.0,0.0,0.0,0.0,0.09589726341095206,0.0,1.05e-08
4904.0,0.9332905316458242,0.0,0.258662222,0.0,0.0,0.0,0.9332905316458242,0.0,0.0,0.0,2.806445397090167,0.0,0.0,0.0,0.0,0.0,0.06331364499448455,0.0,1.05e-08
4905.0,0.9378708805961099,0.0,0.237989694,0.0,0.0,0.0,0.9169546337452752,0.0,0.0,0.020916246850834718,2.8064071685329015,0.0,0.0,0.0,0.0,0.0,-1.1102230246251565e-16,0.0,1.1657611690258272e-08
4906.0,0.9664771833669685,0.0,0.220349029,0.0,0.0,0.0,0.848986608566428,0.0,0.0,0.11749057480054041,2.785452693645539,0.0,0.0,0.0,0.0,0.0,1.1102230246251565e-16,0.0,1.1657770488910541e-08
4907.0,1.0010278754253414,0.0,0.188053058,0.0,0.0,0.0,0.7245528998540121,0.0,0.0,0.27647497557132933,2.6679241762440413,0.0,0.0,0.0,0.0,0.0,0.0,0.0,1.1657929289725944e-08
4908.0,1.0440283369824648,0.065203328,0.111996561,0.0,0.0,0.1279833805584789,0.4315134989521242,0.0,0.0,0.4845314574718617,2.391412859009961,0.0,0.0,0.0,0.0,0.0,0.0,0.0,1.1658088092704516e-08
4909.0,1.098367250008388,0.3361006,0.090849313,0.0,0.0,0.6597100533845925,0.3500348991075423,0.0,0.0,0.08862229751625317,1.9068488264295576,0.0,0.0,0.0,0.0,0.0,-5.551115123125783e-17,0.0,1.1658246897846285e-08
4910.0,1.1618133271696853,0.564839808,0.106239448,0.0,0.0,1.1086873986223855,0.053125928547299806,0.0,0.0,0.0,1.8182005543906454,0.0,0.0,0.0,0.0,0.0,0.3562058895361345,0.0,1.05e-08
4911.0,1.2238011445670067,0.687943989,0.104131748,0.0,0.0,1.3503206055234636,0.0,0.0,0.12651946095645678,0.0,1.8181757874081539,0.0,0.0,0.0,0.0,2.220446049250313e-16,0.4012110240731486,0.0,1.0492708063157577e-08
4912.0,1.2795190873844138,0.741883952,0.098862337,0.0,0.0,1.4561958579636347,0.0,0.0,0.17667677057922096,0.0,1.9320185356238415,0.0,0.0,0.0,0.0,0.0,0.3809084187277326,0.0,1.0492850993625957e-08
4913.0,1.3315260695983402,0.753873056,0.097610769,0.0,0.0,1.4797284920615013,0.0,0.0,0.14820242246316112,0.0,2.0910013117682538,0.0,0.0,0.0,0.0,0.0,0.3760862305995051,0.0,1.0492993926041318e-08
4914.0,1.3758927128433,0.743678572,0.100462409,0.0,0.0,1.4597184010831799,0.0,0.0,0.08382568823987989,0.0,2.2243550089925304,0.0,0.0,0.0,0.0,2.220446049250313e-16,0.3870733639825724,0.0,1.0493136860403689e-08
4915.0,1.4120879621685358,0.727274554,0.106584298,0.0,0.0,1.4275200188413697,0.0,0.0,0.01543205667283374,0.0,2.299767828911796,0.0,0.0,0.0,0.0,0.0,0.410660496649856,0.0,1.0493279796713095e-08
4916.0,1.4385315008254214,0.709907084,0.113927352,0.0,0.0,1.3934305392008832,0.04510096162453808,0.0,0.0,0.0,2.3136253531699116,0.0,0.0,0.0,0.0,0.0,0.3938517155730259,0.0,1.05e-08
4917.0,1.4515573365732417,0.677324897,0.121694637,0.0,0.0,1.3294770790608037,0.12208025751243799,0.0,0.0,0.0,2.3135938376594383,0.0,0.0,0.0,0.0,0.0,0.34679912723562256,0.0,1.05e-08
4918.0,1.4449919556094382,0.630612269,0.129534789,0.0,0.0,1.2377878934074171,0.207204062202021,0.0,0.0,0.0,2.31356232257826,0.0,0.0,0.0,0.0,0.0,0.29188278062894,0.0,1.05e-08
4919.0,1.420527024914247,0.544281652,0.140117695,0.0,0.0,1.068335128521562,0.35219189639268494,0.0,0.0,0.0,2.3135308079263712,0.0,0.0,0.0,0.0,2.220446049250313e-16,0.18767000913990145,0.0,1.05e-08
4920.0,1.3872247402602762,0.407944424,0.18126808,0.0,0.0,0.8007276325450977,0.5864971077151785,0.0,0.0,0.0,2.3134992937037646,0.0,0.0,0.0,0.0,-1.1102230246251565e-16,0.11191383232371754,0.0,1.05e-08
4921.0,1.3472649965663626,0.21888702,0.290987423,0.0,0.0,0.4296391248614086,0.917625871704954,0.0,0.0,0.0,2.3134677799104355,0.0,0.0,0.0,0.0,0.0,0.20352463442346036,0.0,1.05e-08
4922.0,1.281703265004466,0.018376201,0.377816682,0.0,0.0,0.03606945224946341,1.2456338127550026,0.0,0.0,0.0,2.313436266546378,0.0,0.0,0.0,0.0,0.0,0.21006265646338762,0.0,1.05e-08
4923.0,1.1965995677949266,0.0,0.392097235,0.0,0.0,0.0,1.1965995677949266,0.0,0.0,0.0,2.313404753611586,0.0,0.0,0.0,0.0,0.0,0.31411869260150915,0.0,1.05e-08
4924.0,1.1186758191736568,0.0,0.37942516,0.0,0.0,0.0,1.1186758191736568,0.0,0.0,0.0,2.3133732411060537,0.0,0.0,0.0,0.0,0.0,0.34321798292326267,0.0,1.05e-08
4925.0,1.0491590130389794,0.0,0.351149492,0.0,0.0,0.0,1.0491590130389794,0.0,0.0,0.0,2.3133417290297755,0.0,0.0,0.0,0.0,0.0,0.30379097573952385,0.0,1.05e-08
4926.0,0.993141281136467,0.0,0.324036566,0.0,0.0,0.0,0.993141281136467,0.0,0.0,0.0,2.313310217382745,0.0,0.0,0.0,0.0,0.0,0.2553448432106096,0.0,1.05e-08
4927.0,0.9546976136729425,0.0,0.30517486,0.0,0.0,0.0,0.9546976136729425,0.0,0.0,0.0,2.313278706164957,0.0,0.0,0.0,0.0,0.0,0.22111591537662056,0.0,1.05e-08
4928.0,0.9339243714257609,0.0,0.291268864,0.0,0.0,0.0,0.9339243714257609,0.0,0.0,0.0,2.3132471953764053,0.0,0.0,0.0,0.0,0.0,0.18831050362946888,0.0,1.05e-08
4929.0,0.9375775155628283,0.0,0.267404388,0.0,0.0,0.0,0.9375775155628284,0.0,0.0,0.0,2.313215685017084,0.0,0.0,0.0,0.0,0.0,0.09270950459872285,0.0,1.05e-08
4930.0,0.9631174042631825,0.0,0.245886635,0.0,0.0,0.0,0.947380895154574,0.0,0.0,0.01573650910860852,2.3131841750869873,0.0,0.0,0.0,0.0,0.0,-1.1102230246251565e-16,0.0,1.1661582305573883e-08
4931.0,0.9973597418340187,0.0,0.203635169,0.0,0.0,0.0,0.7845894865012608,0.0,0.0,0.2127702553327578,2.297416156477501,0.0,0.0,0.0,0.0,0.0,1.1102230246251565e-16,0.0,1.166174115831342e-08
4932.0,1.0420561530725942,0.076599891,0.110957095,0.0,0.0,0.1503529543858713,0.4275085223109061,0.0,0.0,0.46419467637581696,2.0846146064310846,0.0,0.0,0.0,0.0,-2.7755575615628914e-17,-5.551115123125783e-17,0.0,1.166190001321683e-08
4933.0,1.1016991915542715,0.356947212,0.089280948,0.0,0.0,0.7006285150457972,0.34399211830479914,0.0,0.0,0.05707855820367529,1.620391534060483,0.0,0.0,0.0,0.0,0.0,0.0,0.0,1.1662058870284143e-08
4934.0,1.169899067065094,0.590248331,0.110662234,0.0,0.0,1.1585601392981046,0.011338927766989257,0.0,0.0,0.0,1.5632909033694484,0.0,0.0,0.0,0.0,0.0,0.4150335194655532,0.0,1.05e-08
4935.0,1.2367434676411193,0.704699299,0.118936655,0.0,0.0,1.3832085160317322,0.0,0.0,0.1464650483906128,0.0,1.56326960868975,0.0,0.0,0.0,0.0,0.0,0.4582531079031227,0.0,1.0496138931819539e-08
4936.0,1.2972687425732488,0.755061851,0.12190203,0.0,0.0,1.4820619006091604,0.0,0.0,0.18479315803591162,0.0,1.6950668578516728,0.0,0.0,0.0,0.0,0.0,0.4696784528470192,0.0,1.0496281909022817e-08
4937.0,1.3510744592978063,0.757568536,0.1309563,0.0,0.0,1.486982109901165,0.0,0.0,0.13590765060335863,0.0,1.861357610391776,0.0,0.0,0.0,0.0,0.0,0.5045638073014052,0.0,1.0496424888173714e-08
4938.0,1.3963040668377478,0.744463251,0.145115771,0.0,0.0,1.4612585965632827,0.0,0.0,0.0649545297255349,0.0,1.9836491410798371,0.0,0.0,0.0,0.0,0.0,0.5591190795344618,0.0,1.049656786927226e-08
4939.0,1.429327975912692,0.720482577,0.159243059,0.0,0.0,1.4141884880162032,0.015139487896488769,0.0,0.0,0.0,2.042081197159314,0.0,0.0,0.0,0.0,0.0,0.5984108654302491,0.0,1.05e-08
4940.0,1.4528999634043913,0.694954826,0.170273431,0.0,0.0,1.3640817224376873,0.0888182409667041,0.0,0.0,0.0,2.0420533805418706,0.0,0.0,0.0,0.0,0.0,0.5672312246003064,0.0,1.05e-08
4941.0,1.4642919486383885,0.662136751,0.184069296,0.0,0.0,1.2996652530525403,0.16462669558584814,0.0,0.0,0.0,2.0420255643033367,0.0,0.0,0.0,0.0,0.0,0.5445770983289868,0.0,1.05e-08
4942.0,1.456413919751946,0.614989744,0.199441425,0.0,0.0,1.2071234530530943,0.24929046669885158,0.0,0.0,0.0,2.0419977484437077,0.0,0.0,0.0,0.0,0.0,0.5191408705611171,0.0,1.05e-08
4943.0,1.427970359627287,0.535630021,0.211444416,0.0,0.0,1.0513534035592331,0.37661695606805407,0.0,0.0,0.0,2.0419699329629775,0.0,0.0,0.0,0.0,0.0,0.43806091410376763,0.0,1.05e-08
4944.0,1.3902997197332123,0.402303091,0.235895682,0.0,0.0,0.789654626145852,0.6006450935873604,0.0,0.0,0.0,2.041942117861142,0.0,0.0,0.0,0.0,0.0,0.3082414848810412,0.0,1.05e-08
4945.0,1.3434705232891742,0.184335653,0.315367655,0.0,0.0,0.36182048910746867,0.9816500341817054,0.0,0.0,0.0,2.041914303138195,0.0,0.0,0.0,0.0,5.551115123125783e-17,0.2334354921084847,0.0,1.05e-08
4946.0,1.27570962465297,0.017388888,0.389709686,0.0,0.0,0.034131519642567436,1.2415781050104027,0.0,0.0,0.0,2.041886488794132,0.0,0.0,0.0,0.0,0.0,0.2599411262934377,0.0,1.05e-08
4947.0,1.1927622675055802,0.0,0.39804601,0.0,0.0,0.0,1.1927622675055802,0.0,0.0,0.0,2.041858674828948,0.0,0.0,0.0,0.0,0.0,0.34087613161483765,0.0,1.05e-08
4948.0,1.112050480392832,0.0,0.371084516,0.0,0.0,0.0,1.112050480392832,0.0,0.0,0.0,2.041830861242637,0.0,0.0,0.0,0.0,0.0,0.3177075092843289,0.0,1.05e-08
4949.0,1.039651416339929,0.0,0.334421826,0.0,0.0,0.0,1.039651416339929,0.0,0.0,0.0,2.0418030480351943,0.0,0.0,0.0,0.0,0.0,0.2488482569957411,0.0,1.05e-08
4950.0,0.9834002772211563,0.0,0.304173603,0.0,0.0,0.0,0.9834002772211563,0.0,0.0,0.0,2.041775235206615,0.0,0.0,0.0,0.0,0.0,0.18855549130823945,0.0,1.05e-08
4951.0,0.9452820950500317,0.0,0.286142692,0.0,0.0,0.0,0.9452820950500317,0.0,0.0,0.0,2.0417474227568935,0.0,0.0,0.0,0.0,0.0,0.15720206269566905,0.0,1.05e-08
4952.0,0.9246330511381079,0.0,0.274121496,0.0,0.0,0.0,0.9246330511381079,0.0,0.0,0.0,2.0417196106860254,0.0,0.0,0.0,0.0,0.0,0.13153443133441856,0.0,1.05e-08
4953.0,0.9300892124870224,0.0,0.246468815,0.0,0.0,0.0,0.9300892124870224,0.0,0.0,0.0,2.0416917989940044,0.0,0.0,0.0,0.0,0.0,0.019534774121225396,0.0,1.05e-08
4954.0,0.9573357576218682,0.0,0.222053046,0.0,0.0,0.0,0.8555520453207219,0.0,0.0,0.10178371230114625,2.0416639876808262,0.0,0.0,0.0,0.0,0.0,-1.1102230246251565e-16,0.0,1.1665395368611584e-08
4955.0,0.9909870824249255,0.0,0.179943751,0.0,0.0,0.0,0.6933084097875095,0.0,0.0,0.29767867263741604,1.9398524644453392,0.0,0.0,0.0,0.0,0.0,0.0,0.0,1.1665554273292228e-08
4956.0,1.0359618692425274,0.051234789,0.120326126,0.0,0.0,0.10056544197284484,0.46360662489997495,0.0,0.0,0.47178980236970763,1.6421473677196081,0.0,0.0,0.0,0.0,0.0,5.551115123125783e-17,0.0,1.1665713180137453e-08
4957.0,1.0934635571163103,0.300866059,0.122679165,0.0,0.0,0.5905504597269448,0.4726726898129932,0.0,0.0,0.030240407576372436,1.1703351965111015,0.0,0.0,0.0,0.0,0.0,5.551115123125783e-17,0.0,1.1665872089147288e-08
4958.0,1.1611495084812382,0.513968131,0.139011091,0.0,0.0,1.0088346856268309,0.15231482285440748,0.0,0.0,0.0,1.1400788469797827,0.0,0.0,0.0,0.0,0.0,0.38328342886835876,0.0,1.05e-08
4959.0,1.231769110178981,0.634996007,0.141263032,0.0,0.0,1.2463924482044157,0.0,0.0,0.014623338025434814,0.0,1.140063317167753,0.0,0.0,0.0,0.0,0.0,0.5442747943921769,0.0,1.049957092229482e-08
4960.0,1.294474280029947,0.69321344,0.139076105,0.0,0.0,1.3606636688816294,0.0,0.0,0.06618938885168238,0.0,1.153208791790157,0.0,0.0,0.0,0.0,0.0,0.5358487452948043,0.0,1.0499713946248285e-08
4961.0,1.3500616004602723,0.71274098,0.139460972,0.0,0.0,1.3989930097274053,0.0,0.0,0.04893140926713281,0.0,1.2127635330924722,0.0,0.0,0.0,0.0,0.0,0.5373316060569415,0.0,1.049985697215e-08
4962.0,1.393181977651438,0.710537586,0.143492686,0.0,0.0,1.3946681106544274,0.13162079696404444,0.0,0.13310692996703397,0.0,1.2567852815318727,0.0,0.0,0.0,0.0,2.220446049250313e-16,0.4212446701273825,0.0,1.05e-08
4963.0,1.4249810341786668,0.697797701,0.148424404,0.0,0.0,1.3696618172605342,0.5718669692002746,0.0,0.516547752282142,0.0,1.376564398950134,0.0,0.0,0.0,0.0,0.0,-1.1102230246251565e-16,0.0,1.0500143029798309e-08
4964.0,1.4453902468225064,0.679139323,0.152473248,0.0,0.0,1.3330384980922556,0.5874668307098732,0.0,0.47511508197962243,0.0,1.8414386248567887,0.0,0.0,0.0,0.0,0.0,0.0,0.0,1.050028606154495e-08
4965.0,1.4521033809782549,0.646473815,0.156680074,0.0,0.0,1.2689214925691628,0.6036753838166312,0.0,0.42049349540753916,0.0,2.2690171151139324,0.0,0.0,0.0,0.0,0.0,0.0,0.0,1.0500429095239959e-08
4966.0,1.4387691907428977,0.605717776,0.158876124,0.0,0.0,1.1889241088559692,0.6121365830794712,0.0,0.3622915011925427,0.0,2.647430353110281,0.0,0.0,0.0,0.0,0.0,0.0,0.0,1.050057213088335e-08
4967.0,1.4057559884209927,0.528291906,0.159415954,0.0,0.0,1.0369498939005408,0.6142165034811282,0.0,0.24541040896067626,0.0,2.9734566416815285,0.0,0.0,0.0,0.0,0.0,-1.1102230246251565e-16,0.0,1.050071516847516e-08
4968.0,1.366400105598505,0.401554938,0.176813337,0.0,0.0,0.7881861251804569,0.6812471832083404,0.0,0.10303320279029224,0.0,3.1942855062118007,0.0,0.0,0.0,0.0,0.0,0.0,0.0,1.0500858208015414e-08
4969.0,1.3254060895609785,0.195209334,0.243796607,0.0,0.0,0.38316373179432217,0.939328189900634,0.0,0.0,0.002914167866022339,3.2869718771241843,0.0,0.0,0.0,0.0,-5.551115123125783e-17,-1.1102230246251565e-16,0.0,4.258098997203943
4970.0,1.2583604020278112,0.01627158,0.29605501,0.0,0.0,0.03193842828739867,1.140675500271889,0.0,0.0,0.08574647346852368,3.284012935113344,0.0,0.0,0.0,0.0,6.938893903907228e-18,0.0,0.0,4.258157000541157
4971.0,1.1755479499687187,0.0,0.297688102,0.0,0.0,0.0,1.1469676688593755,0.0,0.0,0.028580281109343263,3.1982217278058225,0.0,0.0,0.0,0.0,0.0,0.0,0.0,4.258215004668486
4972.0,1.0973736633263251,0.0,0.27727172,0.0,0.0,0.0,1.0683050353454484,0.0,0.0,0.029068627980876588,3.1695978814795693,0.0,0.0,0.0,0.0,0.0,0.0,0.0,4.258273009585941
4973.0,1.0274542832773637,0.0,0.254388738,0.0,0.0,0.0,0.9801387957653022,0.0,0.0,0.04731548751206152,3.140486078187231,0.0,0.0,0.0,0.0,0.0,0.0,0.0,4.258331015293532
4974.0,0.9728948111388274,0.0,0.229861608,0.0,0.0,0.0,0.8856377897428617,0.0,0.0,0.0872570213959657,3.0931278119159584,0.0,0.0,0.0,0.0,0.0,0.0,0.0,4.258389021791269
4975.0,0.9342712702242397,0.0,0.205731993,0.0,0.0,0.0,0.7926683761818716,0.0,0.0,0.14160289404236817,3.0058286568608774,0.0,0.0,0.0,0.0,0.0,0.0,0.0,4.258447029079165
4976.0,0.9144316568420999,0.0,0.187779519,0.0,0.0,0.0,0.7234989766805151,0.0,0.0,0.19093268016158485,2.8641848183222924,0.0,0.0,0.0,0.0,0.0,0.0,0.0,4.25850503715723
4977.0,0.9169284716509046,0.0,0.170103542,0.0,0.0,0.0,0.6553948972823336,0.0,0.0,0.26153357436857105,2.6732131230943676,0.0,0.0,0.0,0.0,0.0,1.1102230246251565e-16,0.0,4.258563046025474
4978.0,0.9400850371246725,0.0,0.157747956,0.0,0.0,0.0,0.6077898449587728,0.0,0.0,0.33229519216589976,2.4116431350185983,0.0,0.0,0.0,0.0,0.0,0.0,0.0,4.258621055683908
4979.0,0.9746571426891243,0.0,0.123729145,0.0,0.0,0.0,0.47671817602778643,0.0,0.0,0.49793896666133786,2.079315092173406,0.0,0.0,0.0,0.0,0.0,5.551115123125783e-17,0.0,4.258679066132543
4980.0,1.0238204112957672,0.03721431,0.070845982,0.0,0.0,0.0730455537323372,0.27296371697983846,0.0,0.0,0.547828646187364,1.5813478017056775,0.0,0.0,0.0,0.12998249439622755,0.0,0.0,0.0,5.62341
4981.0,1.0851272791997781,0.274869867,0.058543137,0.0,0.0,0.5395242217133377,0.22556187137302872,0.0,0.0,0.32004118611341187,1.0334976148729633,0.0,0.0,0.0,0.0,0.0,0.0,0.0,4.258795089400458
4982.0,1.152145129175043,0.521772657,0.066671893,0.0,0.0,1.0241536831653697,0.2568812968301021,0.0,0.1288898508204287,0.0,0.713442350765091,0.0,0.0,0.0,0.0,0.0,0.0,0.0,3.8329677919977847
4983.0,1.2163299722960639,0.658928568,0.075231892,0.0,0.0,1.293368118866533,0.2898622659467938,0.0,0.3669004125172628,0.0,0.8294334982058074,0.0,0.0,0.0,0.0,0.0,5.551115123125783e-17,0.0,3.833020004246377
4984.0,1.2738616390783573,0.707403805,0.081887588,0.0,0.0,1.3885170153252147,0.31550611289421626,0.0,0.4301614891410737,0.0,1.1596325711770614,0.0,0.0,0.0,0.0,0.0,0.0,0.0,3.833072217206198
4985.0,1.3235516799345421,0.721701536,0.086022062,0.0,0.0,1.4165811035216906,0.3314358997210331,0.0,0.42446532330818154,0.0,1.546762115237033,0.0,0.0,0.0,0.0,0.0,-5.551115123125783e-17,0.0,3.8331244308772576
4986.0,1.3616720034562748,0.712649271,0.08724562,0.0,0.0,1.3988130000836083,0.3361501676328028,0.0,0.37329116426013625,0.0,1.928759836684891,0.0,0.0,0.0,0.0,2.220446049250313e-16,0.0,0.0,3.833176645259566
4987.0,1.3865544975200055,0.69388508,0.086700673,0.0,0.0,1.361981987445343,0.33405053185279476,0.0,0.3094780217781324,0.0,2.2646956115311463,0.0,0.0,0.0,0.0,0.0,-5.551115123125783e-17,0.0,3.8332288603531337
4988.0,1.403621061864922,0.674312445,0.086309207,0.0,0.0,1.3235641325509238,0.33254224568871515,0.0,0.2524853163747168,0.0,2.5431949821272544,0.0,0.0,0.0,0.0,2.220446049250313e-16,0.0,0.0,3.833281076157969
4989.0,1.4053576972079245,0.646438544,0.088359419,0.0,0.0,1.2688522614125002,0.3404415431833376,0.0,0.20393610738791332,0.0,2.770397124225411,0.0,0.0,0.0,0.0,2.220446049250313e-16,0.0,0.0,3.8333332926740815
4990.0,1.385914233688245,0.610888224,0.093619916,0.0,0.0,1.19907284565115,0.36070980362302335,0.0,0.17386841558592822,0.0,2.9539018833560258,0.0,0.0,0.0,0.0,0.0,0.0,0.0,3.833385509901481
4991.0,1.3500808726157434,0.547715333,0.10518042,0.0,0.0,1.075074878095992,0.40525147067197875,0.0,0.13024547615222742,0.0,3.110343220218077,0.0,0.0,0.0,0.0,2.220446049250313e-16,5.551115123125783e-17,0.0,3.833437727840178
4992.0,1.3077399470458515,0.424266997,0.138875951,0.0,0.0,0.8327661516825341,0.5350775684649259,0.0,0.0601037731016084,0.0,3.2275217805928396,0.0,0.0,0.0,0.0,0.0,0.0,0.0,3.8334899464901815
4993.0,1.261724463832813,0.2138819,0.201987727,0.0,0.0,0.4198148996669392,0.7782420285490413,0.0,0.0,0.0636675356168324,3.2815712120508476,0.0,0.0,0.0,0.0,5.551115123125783e-17,0.0,0.0,4.259491295390558
4994.0,1.2022955604119252,0.016356804,0.246725295,0.0,0.0,0.032105708945599366,0.9506121828637671,0.0,0.0,0.21957766860255884,3.217858975855436,0.0,0.0,0.0,0.0,0.0,-1.1102230246251565e-16,0.0,4.259549317693499
4995.0,1.1312219923853088,0.0,0.24735138,0.0,0.0,0.0,0.9530244366560192,0.0,0.0,0.17819755572928966,2.998237474543271,0.0,0.0,0.0,0.0,0.0,-1.1102230246251565e-16,0.0,4.259607340786813
4996.0,1.0594139411001846,0.0,0.234579277,0.0,0.0,0.0,0.9038145787345162,0.0,0.0,0.15559936236566835,2.8199990777225747,0.0,0.0,0.0,0.0,0.0,1.1102230246251565e-16,0.0,4.25966536467051
4997.0,0.9950834861378272,0.0,0.21846277,0.0,0.0,0.0,0.8417190084387783,0.0,0.0,0.15336447769904882,2.664361302175469,0.0,0.0,0.0,0.0,0.0,0.0,0.0,4.259723389344603
4998.0,0.944425554806874,0.0,0.197829837,0.0,0.0,0.0,0.7622220218083161,0.0,0.0,0.18220353299855774,2.510960531346071,0.0,0.0,0.0,0.0,0.0,0.0,0.0,4.2597814148091
4999.0,0.9066392819799729,0.0,0.178463119,0.0,0.0,0.0,0.6876036569872831,0.0,0.0,0.21903562499268983,2.3287227947964433,0.0,0.0,0.0,0.0,0.0,-1.1102230246251565e-16,0.0,4.259839441064014
5000.0,0.8822064715439001,0.0,0.165419898,0.0,0.0,0.0,0.6373492038053159,0.0,0.0,0.2448572677385841,2.1096554486404595,0.0,0.0,0.0,0.0,0.0,0.0,0.0,4.259897468109355
5001.0,0.8718359105498685,0.0,0.147153898,0.0,0.0,0.0,0.5669718145222691,0.0,0.0,0.3048640960275995,1.864769443808251,0.0,0.0,0.0,0.0,0.0,0.0,0.0,4.2599554959451345
5002.0,0.8725361321986499,0.0,0.128917991,0.0,0.0,0.0,0.4967103710826305,0.0,0.0,0.3758257611160194,1.5598799464507187,0.0,0.0,0.0,0.0,0.0,0.0,0.0,4.260013524571363
5003.0,0.8840330436124338,0.0,0.106679261,0.0,0.0,0.0,0.4110263812451963,0.0,0.0,0.47300666236723754,1.1840329371180327,0.0,0.0,0.0,0.0,0.0,0.0,0.0,4.260071553988049
5004.0,0.9210141686107667,0.066679937,0.059910618,0.0,0.0,0.1308817205263878,0.23083066271618924,0.0,0.0,0.547828646187364,0.7110101462093356,0.0,0.0,0.0,0.011473139180825669,0.0,0.0,0.0,5.62341
5005.0,0.9787257088441234,0.337986011,0.03948834,0.0,0.0,0.6634108042653165,0.1521453124012542,0.0,0.0,0.1631695921775526,0.16317181485506302,0.0,0.0,0.0,0.0,0.0,0.0,0.0,4.260187615192844
5006.0,1.0454116494751644,0.582125265,0.0385532,0.0,0.0,1.1426159002681637,0.051677065202184326,0.0,0.14888131599518384,0.0,0.0,0.0,0.0,0.0,0.0,0.0,0.09686523001883623,0.0,1.05e-08
5007.0,1.1105472522660902,0.709229708,0.035560038,0.0,0.0,1.3921009618150604,0.13700988926124702,0.0,0.41856359881021726,0.0,0.13399318439566546,0.0,0.0,0.0,0.0,0.0,0.0,0.0,1.0500143029798309e-08
5008.0,1.1678647839875944,0.75250052,0.032032124,0.0,0.0,1.477034430230513,0.12341712801438888,0.0,0.43258677425730735,0.0,0.5106985981099011,0.0,0.0,0.0,0.0,2.220446049250313e-16,0.0,0.0,1.050028606154495e-08
5009.0,1.2164820081892243,0.760775513,0.030711404,0.0,0.0,1.493276876908047,0.11832850294190965,0.0,0.3951233716607322,0.0,0.9000197383583839,0.0,0.0,0.0,0.0,0.0,0.0,0.0,1.0500429095239959e-08
5010.0,1.255548808679646,0.757029825,0.03122489,0.0,0.0,1.4859247090438954,0.12030692208750225,0.0,0.3506828224517517,0.0,1.2556185130541728,0.0,0.0,0.0,0.0,2.220446049250313e-16,1.3877787807814457e-17,0.0,1.050057213088335e-08
5011.0,1.284287875188194,0.747479871,0.033724436,0.0,0.0,1.4671797241698417,0.12993746637048062,0.0,0.31282931535212816,0.0,1.5712159496020501,0.0,0.0,0.0,0.0,0.0,0.0,0.0,1.050071516847516e-08
5012.0,1.3032409694186657,0.740746127,0.037678501,0.0,0.0,1.4539624951208063,0.14517215222154112,0.0,0.29589367792368165,0.0,1.8527409307866647,0.0,0.0,0.0,0.0,0.0,-2.7755575615628914e-17,0.0,1.0500858208015414e-08
5013.0,1.3112367725885428,0.728440541,0.04183297,0.0,0.0,1.4298086590461647,0.16117897813183069,0.0,0.27975086458945286,0.0,2.1190200034368414,0.0,0.0,0.0,0.0,0.0,0.0,0.0,1.0501001249504134e-08
5014.0,1.3040953683112155,0.693240798,0.047999576,0.0,0.0,1.360717368124179,0.1849384017066239,0.0,0.2415604015195874,0.0,2.3707669169125682,0.0,0.0,0.0,0.0,0.0,0.0,0.0,1.0501144292941347e-08
5015.0,1.2761207639696857,0.616016856,0.060662711,0.0,0.0,1.2091395045339663,0.23372841492455748,0.0,0.16674715548883826,0.0,2.5881389844044853,0.0,0.0,0.0,0.0,0.0,2.7755575615628914e-17,0.0,1.0501287338327084e-08
5016.0,1.2406835527596445,0.462350726,0.091142893,0.0,0.0,0.9075182315409882,0.3511660385987126,0.0,0.018000717380056274,0.0,2.7381761694916364,0.0,0.0,0.0,0.0,0.0,0.0,0.0,1.0501430385661367e-08
5017.0,1.2055611200889638,0.207494339,0.178861143,0.0,0.0,0.407277170759858,0.6891372105836914,0.0,0.0,0.10914673874541449,2.754339516519359,0.0,0.0,0.0,0.0,0.0,0.0,0.0,1.1668414927715807e-08
5018.0,1.1506526078013408,0.012813961,0.249370811,0.0,0.0,0.02515169236644649,0.96080513750006,0.0,0.0,0.16469577793483425,2.6451552589873524,0.0,0.0,0.0,0.0,0.0,0.0,0.0,1.1668573873528541e-08
5019.0,1.0846176377550993,0.0,0.254427168,0.0,0.0,0.0,0.980286863381099,0.0,0.0,0.10433077437400036,2.480423449541127,0.0,0.0,0.0,0.0,0.0,0.0,0.0,1.1668732821506416e-08
5020.0,1.0171179838930584,0.0,0.239714918,0.0,0.0,0.0,0.9236017793189341,0.0,0.0,0.09351620457412427,2.376058887583024,0.0,0.0,0.0,0.0,0.0,0.0,0.0,1.1668891771649462e-08
5021.0,0.9602351463449569,0.0,0.219982888,0.0,0.0,0.0,0.8475758975355793,0.0,0.0,0.11265924880937768,2.2825103170475507,0.0,0.0,0.0,0.0,0.0,0.0,0.0,1.1669050723957708e-08
5022.0,0.9122110762617136,0.0,0.200084627,0.0,0.0,0.0,0.7709095414394077,0.0,0.0,0.1413015348223059,2.1698199765673873,0.0,0.0,0.0,0.0,0.0,0.0,0.0,1.1669209678431185e-08
5023.0,0.8768445296217331,0.0,0.185953826,0.0,0.0,0.0,0.7164647323482949,0.0,0.0,0.16037979727343812,2.028488885108307,0.0,0.0,0.0,0.0,0.0,0.0,0.0,1.166936863506992e-08
5024.0,0.8532361391696994,0.0,0.174992045,0.0,0.0,0.0,0.674229895565611,0.0,0.0,0.1790062436040885,1.8680814563678225,0.0,0.0,0.0,0.0,0.0,0.0,0.0,1.1669527593873945e-08
5025.0,0.8393794593860161,0.0,0.159181665,0.0,0.0,0.0,0.6133138073156986,0.0,0.0,0.2260656520703175,1.6890497663185597,0.0,0.0,0.0,0.0,0.0,0.0,0.0,1.166968655484329e-08
5026.0,0.8343515681586805,0.0,0.141777097,0.0,0.0,0.0,0.5462554443769457,0.0,0.0,0.2880961237817348,1.4629611065190402,0.0,0.0,0.0,0.0,0.0,0.0,0.0,1.166984551797798e-08
5027.0,0.8399854616080502,0.0,0.122263845,0.0,0.0,0.0,0.47107249615718266,0.0,0.0,0.3689129654508675,1.1748450547200007,0.0,0.0,0.0,0.0,0.0,0.0,0.0,1.1670004483278052e-08
5028.0,0.8705767963924267,0.070081973,0.076339015,0.0,0.0,0.1375593561842126,0.2941279194207463,0.0,0.0,0.4388895207874678,0.8059160858822515,0.0,0.0,0.0,0.0,0.0,0.0,0.0,1.1670163450743526e-08
5029.0,0.9195366366913197,0.344335892,0.052547536,0.0,0.0,0.6758745735459897,0.20246131593873412,0.0,0.0,0.041200747206595945,0.3670155871476366,0.0,0.0,0.0,0.0,0.0,0.0,0.0,1.1670322420374441e-08
5030.0,0.9808113843362123,0.56394961,0.051385702,0.0,0.0,1.1069400867458137,0.19798486550074665,0.0,0.3241135679103481,0.0,0.3258098405648172,0.0,0.0,0.0,0.0,2.220446049250313e-16,0.0,0.0,1.0503433252953738e-08
5031.0,1.0430840013643836,0.677672617,0.043397929,0.0,0.0,1.3301595960803,0.16720863589789922,0.0,0.4542842306138157,0.0,0.6175076136002253,0.0,0.0,0.0,0.0,0.0,2.7755575615628914e-17,0.0,1.0503576329519424e-08
5032.0,1.101930457419924,0.729790189,0.039988038,0.0,0.0,1.4324577955074815,0.15407060752169435,0.0,0.48459794560925173,0.0,1.0263550096491993,0.0,0.0,0.0,0.0,0.0,0.0,0.0,1.0503719408034087e-08
5033.0,1.153359274969719,0.746725222,0.038236591,0.0,0.0,1.4656984726276645,0.14732242689497674,0.0,0.45966162455292237,0.0,1.462479179997491,0.0,0.0,0.0,0.0,2.220446049250313e-16,0.0,0.0,1.0503862488497746e-08
5034.0,1.1967387555844398,0.74151873,0.036911362,0.0,0.0,1.4554789874042928,0.14221642901792744,0.0,0.40095666083778053,0.0,1.876154720642475,0.0,0.0,0.0,0.0,-2.220446049250313e-16,-2.7755575615628914e-17,0.0,1.050400557091043e-08
5035.0,1.232073181965302,0.729989453,0.037045948,0.0,0.0,1.432848917880002,0.14273497775952645,0.0,0.3435107136742264,0.0,2.236990158979719,0.0,0.0,0.0,0.0,2.220446049250313e-16,0.0,0.0,1.0504148655272166e-08
5036.0,1.2617158984303813,0.717376842,0.040077287,0.0,0.0,1.408092442360086,0.154414476546994,0.0,0.3007910204766985,0.0,2.5461193296776745,0.0,0.0,0.0,0.0,0.0,0.0,0.0,1.0504291741582983e-08
5037.0,1.2818745730530974,0.68708059,0.046900782,0.0,0.0,1.3486258956646233,0.180704839181721,0.0,0.24745616179324684,0.0,2.8167965656330303,0.0,0.0,0.0,0.0,0.0,0.0,0.0,1.0504434829842907e-08
5038.0,1.2843628224594705,0.636442089,0.05726476,0.0,0.0,1.2492308687053564,0.22063639038214436,0.0,0.18550443662803026,0.0,3.039468741689175,0.0,0.0,0.0,0.0,0.0,0.0,0.0,1.050457792005196e-08
5039.0,1.2649857408086358,0.547475512,0.07266576,0.0,0.0,1.074604149020493,0.2799751713056199,0.0,0.08959357951747705,0.0,3.2063813319230436,0.0,0.0,0.0,0.0,0.0,0.0,0.0,1.050472101221017e-08
5040.0,1.2371695964120901,0.384110405,0.104724347,0.0,0.0,0.7539453835789862,0.40349425907324415,0.0,0.0,0.07972995375985974,3.2869718771241843,0.0,0.0,0.0,0.0,0.0,0.0,0.0,1.1586679747160995
5041.0,1.2089123337903183,0.143451463,0.179742716,0.0,0.0,0.28157156611391915,0.692533838537399,0.0,0.0,0.23480692913900017,3.207197149219506,0.0,0.0,0.0,0.0,0.0,0.0,0.0,1.1586837579586455
5042.0,1.158639845568786,0.00574438,0.233785442,0.0,0.0,0.011275270667357883,0.9007559980479124,0.0,0.0,0.2466085768535159,2.9723465326030984,0.0,0.0,0.0,0.0,1.734723475976807e-18,0.0,0.0,1.1586995414161887
5043.0,1.0915791685813634,0.0,0.246187904,0.0,0.0,0.0,0.9485416597276559,0.0,0.0,0.14303750885370753,2.7256974673368193,0.0,0.0,0.0,0.0,0.0,0.0,0.0,1.1587153250887323
5044.0,1.02344139223817,0.0,0.23847474,0.0,0.0,0.0,0.9188234759199266,0.0,0.0,0.10461791631824341,2.582622829849921,0.0,0.0,0.0,0.0,0.0,0.0,0.0,1.1587311089762795
5045.0,0.9656955903950871,0.0,0.225017581,0.0,0.0,0.0,0.8669741538139999,0.0,0.0,0.09872143658108729,2.4779697338182762,0.0,0.0,0.0,0.0,0.0,0.0,0.0,1.158746893078833
5046.0,0.9190484087527199,0.0,0.20893569,0.0,0.0,0.0,0.805011956107084,0.0,0.0,0.11403645264563586,2.379214543076866,0.0,0.0,0.0,0.0,0.0,0.0,0.0,1.1587626773963957
5047.0,0.8881808397399249,0.0,0.190192282,0.0,0.0,0.0,0.7327951532325097,0.0,0.0,0.15538568650741527,2.265145681484489,0.0,0.0,0.0,0.0,0.0,0.0,0.0,1.1587784619289705
5048.0,0.8757781370190018,0.0,0.171524787,0.0,0.0,0.0,0.6608708368767486,0.0,0.0,0.21490730014225304,2.1097291398421443,0.0,0.0,0.0,0.0,0.0,1.1102230246251565e-16,0.0,1.1587942466765604
5049.0,0.880003021768377,0.0,0.153566586,0.0,0.0,0.0,0.5916793717174252,0.0,0.0,0.2883236500509517,1.8947931016024673,0.0,0.0,0.0,0.0,0.0,0.0,0.0,1.1588100316391685
5050.0,0.9120997260301031,0.0,0.141219797,0.0,0.0,0.0,0.5441082135082584,0.0,0.0,0.36799151252184464,1.6064436412483234,0.0,0.0,0.0,0.0,0.0,1.1102230246251565e-16,0.0,1.158825816816797
5051.0,0.9527318538148956,0.0,0.129676962,0.0,0.0,0.0,0.49963462365689654,0.0,0.0,0.45309723015799896,1.238430246233131,0.0,0.0,0.0,0.0,0.0,0.0,0.0,1.1588416022094497
5052.0,0.9995417781034628,0.039725508,0.08899941,0.0,0.0,0.07797462129912906,0.3429073756449957,0.0,0.0,0.547828646187364,0.7853161465498467,0.0,0.0,0.0,0.03083113497197403,-1.3877787807814457e-17,0.0,0.0,5.62341
5053.0,1.0505915765956606,0.281290679,0.067738486,0.0,0.0,0.5521272168501878,0.2609907915617113,0.0,0.0,0.23747356818376147,0.23747680302152918,0.0,0.0,0.0,0.0,0.0,0.0,0.0,1.1588731736398385
5054.0,1.1072624204335806,0.476190332,0.06738109,0.0,0.0,0.9346830959092212,0.17257932452435937,0.0,0.0,0.0,0.0,0.0,0.0,0.0,0.0,1.1102230246251565e-16,0.08703444976919228,0.0,1.05e-08
5055.0,1.1593464912693912,0.596214074,0.06642302,0.0,0.0,1.1702699090307644,0.0,0.0,0.01092341776137329,0.0,0.0,0.0,0.0,0.0,0.0,0.0,0.2559224097172674,0.0,1.0498998845963005e-08
5056.0,1.2070193798529398,0.659686548,0.067590879,0.0,0.0,1.294855908612414,0.0,0.0,0.08783652875947412,0.0,0.009831075985235962,0.0,0.0,0.0,0.0,0.0,0.2604220739826079,0.0,1.0499141862123707e-08
5057.0,1.2487136175392477,0.68635455,0.068750892,0.0,0.0,1.3472007988717007,0.0,0.0,0.09848718133245288,0.0,0.08888381795279494,0.0,0.0,0.0,0.0,0.0,0.2648915082580045,0.0,1.0499284880232559e-08
5058.0,1.2813306699986922,0.694223855,0.070017023,0.0,0.0,1.3626469469049074,0.0,0.0,0.08131627690621533,0.0,0.17752107040329954,0.0,0.0,0.0,0.0,0.0,0.2697698064223718,0.0,1.0499427900289589e-08
5059.0,1.3051339233560442,0.686720522,0.073481803,0.0,0.0,1.3479191415573646,0.0,0.0,0.042785218201320314,0.0,0.2507033014801286,0.0,0.0,0.0,0.0,0.0,0.2831193175819095,0.0,1.049957092229482e-08
5060.0,1.3236608888155448,0.673652296,0.079548794,0.0,0.0,1.3222683689252956,0.0013925198902490234,0.0,0.0,0.0,0.2892065828561551,0.0,0.0,0.0,0.0,2.220446049250313e-16,0.30510241289935464,0.0,1.05e-08
5061.0,1.332052841847882,0.644776027,0.087188216,0.0,0.0,1.2655890146976096,0.06646382715027246,0.0,0.0,0.0,0.2892026433708454,0.0,0.0,0.0,0.0,0.0,0.26946516761192907,0.0,1.05e-08
5062.0,1.3249050135187312,0.599238024,0.096387556,0.0,0.0,1.1762054242185755,0.3625909145871082,0.0,0.2138913252869525,0.0,0.28919870393919817,0.0,0.0,0.0,0.0,-2.220446049250313e-16,0.008782377357131166,0.0,1.05e-08
5063.0,1.3036863703451078,0.504391071,0.107218163,0.0,0.0,0.9900364961446715,0.4131027261395034,0.0,0.09945285193906701,0.0,0.48169695731947004,0.0,0.0,0.0,0.0,0.0,0.0,0.0,1.0500143029798309e-08
5064.0,1.2798210178201268,0.360670543,0.131434914,0.0,0.0,0.7079367998057128,0.5064078675113207,0.0,0.0,0.06547635050309326,0.5711979625331869,0.0,0.0,0.0,0.0,0.0,-1.1102230246251565e-16,0.0,1.1666984512827723e-08
5065.0,1.2483324571310426,0.143061695,0.189634416,0.0,0.0,0.28080651580431654,0.7306457416125722,0.0,0.0,0.2368801997141537,0.5057138313428075,0.0,0.0,0.0,0.0,0.0,0.0,0.0,1.1667143439155508e-08
5066.0,1.187366063973687,0.006959321,0.242243296,0.0,0.0,0.013659999501430568,0.9333434109164754,0.0,0.0,0.240362653555781,0.2688267429465574,0.0,0.0,0.0,0.0,1.734723475976807e-18,1.1102230246251565e-16,0.0,1.1667302367648169e-08
5067.0,1.1106671679001323,0.0,0.280879919,0.0,0.0,0.0,1.0822071280660057,0.0,0.0,0.028460039834126587,0.028460427513532047,0.0,0.0,0.0,0.0,0.0,0.0,0.0,1.1667461298305735e-08
5068.0,1.0397028087545186,0.0,0.29757746,0.0,0.0,0.0,1.0397028087545186,0.0,0.0,0.0,0.0,0.0,0.0,0.0,0.0,0.0,0.10683856561755523,0.0,1.05e-08
5069.0,0.9761796429713371,0.0,0.302962525,0.0,0.0,0.0,0.9761796429713371,0.0,0.0,0.0,0.0,0.0,0.0,0.0,0.0,0.0,0.19110994205547815,0.0,1.05e-08
5070.0,0.9295046237710672,0.0,0.302318564,0.0,0.0,0.0,0.9295046237710672,0.0,0.0,0.0,0.0,0.0,0.0,0.0,0.0,0.0,0.23530383271200017,0.0,1.05e-08
5071.0,0.8972494595643569,0.0,0.297907496,0.0,0.0,0.0,0.8972494595643569,0.0,0.0,0.0,0.0,0.0,0.0,0.0,0.0,0.0,0.2505635162557306,0.0,1.05e-08
5072.0,0.8859988034704808,0.0,0.29625506,0.0,0.0,0.0,1.0383516360070155,0.0,0.1523528325365348,0.0,0.0,0.0,0.0,0.0,0.0,0.0,0.10309464039134197,0.0,1.05e-08
5073.0,0.894433583514976,0.0,0.284491889,0.0,0.0,0.0,1.0961237501380898,0.0,0.20169016662311376,0.0,0.13711754928288133,0.0,0.0,0.0,0.0,0.0,0.0,0.0,1.0500143029798309e-08
5074.0,0.9253418381893209,0.0,0.27511542,0.0,0.0,0.0,1.0599969895493775,0.0,0.1346551513600565,0.0,0.3186368314695627,0.0,0.0,0.0,0.0,0.0,0.0,0.0,1.050028606154495e-08
5075.0,0.9614835537493592,0.0,0.256368335,0.0,0.0,0.0,0.9877660194975123,0.0,0.026282465748153076,0.0,0.4398221273182863,0.0,0.0,0.0,0.0,0.0,0.0,0.0,1.0500429095239959e-08
5076.0,1.0019979072507175,0.05030467,0.148142511,0.0,0.0,0.09873977175641552,0.570780858754793,0.0,0.0,0.3324772767395089,0.46347035536655246,0.0,0.0,0.0,0.0,0.0,-1.1102230246251565e-16,0.0,1.1667302367648169e-08
5077.0,1.0498057009225634,0.288412746,0.091544672,0.0,0.0,0.5661066599121123,0.3527140598999692,0.0,0.0,0.13098498111048193,0.1309867653729038,0.0,0.0,0.0,0.0,0.0,0.0,0.0,1.1667461298305735e-08
5078.0,1.101645657789074,0.488765344,0.088753977,0.0,0.0,0.959365770792372,0.14227988699670202,0.0,0.0,0.0,0.0,0.0,0.0,0.0,0.0,0.0,0.19968185557132517,0.0,1.05e-08
5079.0,1.1515155720963222,0.626510739,0.091074911,0.0,0.0,1.2297372663771218,0.0,0.0,0.07822169428079956,0.0,0.0,0.0,0.0,0.0,0.0,0.0,0.35090410956782236,0.0,1.0472431691442083e-08
5080.0,1.1977194941628553,0.701436631,0.081410007,0.0,0.0,1.3768044367755328,0.0,0.0,0.1790849426126775,0.0,0.07039952485271961,0.0,0.0,0.0,0.0,0.0,0.3136660327479781,0.0,1.0472574345708047e-08
5081.0,1.240148215107671,0.727599343,0.07306031,0.0,0.0,1.428157526089285,0.0,0.0,0.18800931098161378,0.0,0.23157501424292168,0.0,0.0,0.0,0.0,2.220446049250313e-16,0.2814953398669703,0.0,1.0472717001917234e-08
5082.0,1.2726282211282103,0.735242361,0.069544661,0.0,0.0,1.4431595100571786,0.0,0.0,0.17053128892896827,0.0,0.40078023968100257,0.0,0.0,0.0,0.0,0.0,0.2679498346520598,0.0,1.0472859660069663e-08
5083.0,1.29514238141961,0.730767345,0.071222586,0.0,0.0,1.4343757915983097,0.0,0.0,0.13923341017869995,0.0,0.5542529404088832,0.0,0.0,0.0,0.0,0.0,0.27441474108547476,0.0,1.0473002320165371e-08
5084.0,1.3151918471613233,0.729778897,0.076395402,0.0,0.0,1.43243563117358,0.0,0.0,0.11724378401225684,0.0,0.6795554597024348,0.0,0.0,0.0,0.0,2.220446049250313e-16,0.2943451738743488,0.0,1.0473144982204374e-08
5085.0,1.3248964481162997,0.712792491,0.081969264,0.0,0.0,1.3990941173260227,0.0,0.0,0.0741976692097229,0.0,0.7850656086128606,0.0,0.0,0.0,0.0,0.0,0.315820803776023,0.0,1.0473287646186703e-08
5086.0,1.3169927230225622,0.675944564,0.088725403,0.0,0.0,1.326767713004574,0.0,0.0,0.009774989982011718,0.0,0.8518328169734104,0.0,0.0,0.0,0.0,-2.220446049250313e-16,0.3418516493061541,0.0,1.0473430312112385e-08
5087.0,1.2971488269392066,0.592345798,0.102667588,0.0,0.0,1.1626771211378943,0.13447170580131226,0.0,0.0,0.0,0.8606187045461381,0.0,0.0,0.0,0.0,0.0,0.26109803072707205,0.0,1.05e-08
5088.0,1.2752556583240964,0.435102201,0.138953707,0.0,0.0,0.854033870363408,0.4212217879606884,0.0,0.0,0.0,0.8606069814563303,0.0,0.0,0.0,0.0,1.1102230246251565e-16,0.11415536794982467,0.0,1.05e-08
5089.0,1.241769217517847,0.168116308,0.230717652,0.0,0.0,0.3299845895112969,0.8889360565681883,0.0,0.0,0.022848571438361696,0.8605952585262111,0.0,0.0,0.0,0.0,0.0,0.0,0.0,1.1637620357277567e-08
5090.0,1.1854281416735426,0.009980897,0.311529709,0.0,0.0,0.019590854918724095,1.1658372867548183,0.0,0.0,0.0,0.8377349643174163,0.0,0.0,0.0,0.0,0.0,0.034460950600229134,0.0,1.05e-08
5091.0,1.111221777707577,0.0,0.332062731,0.0,0.0,0.0,1.1112217777075768,0.0,0.0,0.0,0.837723552943053,0.0,0.0,0.0,0.0,0.0,0.1681884974472827,0.0,1.05e-08
5092.0,1.0386085785938846,0.0,0.321268432,0.0,0.0,0.0,1.0386085785938846,0.0,0.0,0.0,0.8377121417241319,0.0,0.0,0.0,0.0,0.0,0.19921215409077875,0.0,1.05e-08
5093.0,0.9780019323386551,0.0,0.302803234,0.0,0.0,0.0,0.9780019323386551,0.0,0.0,0.0,0.837700730660651,0.0,0.0,0.0,0.0,0.0,0.18867391762212016,0.0,1.05e-08
5094.0,0.931470383629114,0.0,0.289680217,0.0,0.0,0.0,0.931470383629114,0.0,0.0,0.0,0.8376893197526082,0.0,0.0,0.0,0.0,0.0,0.1846435657526051,0.0,1.05e-08
5095.0,0.9002687639214877,0.0,0.27770881,0.0,0.0,0.0,0.9002687639214877,0.0,0.0,0.0,0.8376779090000014,0.0,0.0,0.0,0.0,0.0,0.1697203430916343,0.0,1.05e-08
5096.0,0.8857118624890229,0.0,0.264908406,0.0,0.0,0.0,0.8857118624890229,0.0,0.0,0.0,0.8376664984028284,0.0,0.0,0.0,0.0,0.0,0.13495834518717442,0.0,1.05e-08
5097.0,0.8945899021093523,0.0,0.248493474,0.0,0.0,0.0,0.8945899021093523,0.0,0.0,0.0,0.8376550879610871,0.0,0.0,0.0,0.0,0.0,0.06283492839511917,0.0,1.05e-08
5098.0,0.9274061001753309,0.0,0.234312272,0.0,0.0,0.0,0.9027858305233304,0.0,0.0,0.02462026965200049,0.8376436776747755,0.0,0.0,0.0,0.0,0.0,0.0,0.0,1.1639047172012995e-08
5099.0,0.9669397150982736,0.0,0.214392833,0.0,0.0,0.0,0.8260378773423984,0.0,0.0,0.14090183775587511,0.8130119978918908,0.0,0.0,0.0,0.0,0.0,0.0,0.0,1.163920571778152e-08
5100.0,1.0088138262356448,0.054249946,0.138464186,0.0,0.0,0.10648369795165868,0.5334910719304831,0.0,0.0,0.36883905635350306,0.6720990855304841,0.0,0.0,0.0,0.0,1.3877787807814457e-17,-1.1102230246251565e-16,0.0,1.1639364265709738e-08
5101.0,1.0570070630169115,0.319988348,0.09165879,0.0,0.0,0.6280843596873303,0.35315374712816383,0.0,0.0,0.07576895620141735,0.30325087404486767,0.0,0.0,0.0,0.0,0.0,0.0,0.0,1.1639522815797678e-08
5102.0,1.1136522106475368,0.543482807,0.096378401,0.0,0.0,1.066767127519493,0.04688508312804383,0.0,0.0,0.0,0.22747778705101934,0.0,0.0,0.0,0.0,0.0,0.32445293535737113,0.0,1.05e-08
5103.0,1.1687106174777127,0.67748531,0.093773287,0.0,0.0,1.3297919433270193,0.0,0.0,0.16108132584930665,0.0,0.22747468841684748,0.0,0.0,0.0,0.0,0.0,0.3613007294180376,0.0,1.0475855930207557e-08
5104.0,1.220676914030089,0.730800333,0.086872577,0.0,0.0,1.4344405416024488,0.0,0.0,0.21376362757235962,0.0,0.37244478308926027,0.0,0.0,0.0,0.0,-2.220446049250313e-16,0.3347128637660386,0.0,1.047599863111811e-08
5105.0,1.2699750877250293,0.73935862,0.082919195,0.0,0.0,1.4512390476855994,0.0,0.0,0.18126395996057007,0.0,0.5648269745732821,0.0,0.0,0.0,0.0,0.0,0.31948080945756435,0.0,1.0476141333972517e-08
5106.0,1.3106757387292745,0.73325776,0.082731401,0.0,0.0,1.4392640655633064,0.0,0.0,0.12858832683403199,0.0,0.7279568446341956,0.0,0.0,0.0,0.0,0.0,0.3187572546867869,0.0,1.0476284038770807e-08
5107.0,1.3447146479923606,0.719968619,0.084158319,0.0,0.0,1.4131796732160589,0.0,0.0,0.06846502522369824,0.0,0.8436764227750739,0.0,0.0,0.0,0.0,0.0,0.32425505188162906,0.0,1.0476426745513007e-08
5108.0,1.3699718784124728,0.703919759,0.085309104,0.0,0.0,1.381678407561187,0.0,0.0,0.01170652914871411,0.0,0.9052834531692743,0.0,0.0,0.0,0.0,0.0,0.32868893143523087,0.0,1.047656945419914e-08
5109.0,1.3815373130457094,0.679865209,0.085741833,0.0,0.0,1.3344632926085735,0.04707402043713599,0.0,0.0,0.0,0.915806997903503,0.0,0.0,0.0,0.0,0.0,0.2832821800929741,0.0,1.05e-08
5110.0,1.3714130073715856,0.629319174,0.08701361,0.0,0.0,1.235249761159271,0.13616324621231446,0.0,0.0,0.0,0.9157945230553196,0.0,0.0,0.0,0.0,0.0,0.1990930060538203,0.0,1.05e-08
5111.0,1.346652570292505,0.536595436,0.092816877,0.0,0.0,1.0532483540032023,0.29340421628930263,0.0,0.0,0.0,0.9157820483770649,0.0,0.0,0.0,0.0,0.0,0.06421154439533966,0.0,1.05e-08
5112.0,1.3181362042471778,0.386528907,0.129129668,0.0,0.0,0.7586925041837418,0.4975259450797435,0.0,0.0,0.06191775498369238,0.9157695738687366,0.0,0.0,0.0,0.0,1.1102230246251565e-16,5.551115123125783e-17,0.0,1.1641267009315058e-08
5113.0,1.2800886866461136,0.16462404,0.237772909,0.0,0.0,0.3231298433171118,0.9161193790460676,0.0,0.0,0.0408394642829342,0.8538393445466399,0.0,0.0,0.0,0.0,5.551115123125783e-17,0.0,0.0,1.1641425585321954e-08
5114.0,1.2185355634221948,0.016177639,0.339913483,0.0,0.0,0.03175403759566828,1.1867815258265266,0.0,0.0,0.0,0.8129882495203061,0.0,0.0,0.0,0.0,0.0,0.1228770483357049,0.0,1.05e-08
5115.0,1.143100064207298,0.0,0.375420976,0.0,0.0,0.0,1.143100064207298,0.0,0.0,0.0,0.8129771752382677,0.0,0.0,0.0,0.0,0.0,0.3033659476712405,0.0,1.05e-08
5116.0,1.0681035418670193,0.0,0.384559509,0.0,0.0,0.0,1.0681035418670193,0.0,0.0,0.0,0.8129661011070798,0.0,0.0,0.0,0.0,0.0,0.41357248284503334,0.0,1.05e-08
5117.0,1.001603898738865,0.0,0.379825733,0.0,0.0,0.0,1.001603898738865,0.0,0.0,0.0,0.8129550271267404,0.0,0.0,0.0,0.0,0.0,0.4618332780409231,0.0,1.05e-08
5118.0,0.9514727396574538,0.0,0.360472986,0.0,0.0,0.0,0.9514727396574538,0.0,0.0,0.0,0.8129439532972473,0.0,0.0,0.0,0.0,0.0,0.43739990141033824,0.0,1.05e-08
5119.0,0.9156950537007575,0.0,0.337090328,0.0,0.0,0.0,0.9156950537007575,0.0,0.0,0.0,0.8129328796185987,0.0,0.0,0.0,0.0,0.0,0.3830861374306309,0.0,1.05e-08
5120.0,0.9005899665126719,0.0,0.316395152,0.0,0.0,0.0,0.9005899665126719,0.0,0.0,0.0,0.8129218060907925,0.0,0.0,0.0,0.0,0.0,0.31845442085034004,0.0,1.05e-08
5121.0,0.9093737867062538,0.0,0.290946385,0.0,0.0,0.0,0.9093737867062538,0.0,0.0,0.0,0.8129107327138265,0.0,0.0,0.0,0.0,0.0,0.21161860339777638,0.0,1.05e-08
5122.0,0.9421128961503483,0.0,0.271812519,0.0,0.0,0.0,0.9421128961503482,0.0,0.0,0.0,0.8128996594876987,0.0,0.0,0.0,0.0,0.0,0.10515828865577026,0.0,1.05e-08
5123.0,0.9790597595389549,0.0,0.243826051,0.0,0.0,0.0,0.9394416352006476,0.0,0.0,0.03961812433830725,0.8128885864124071,0.0,0.0,0.0,0.0,0.0,0.0,0.0,1.164301146420149e-08
5124.0,1.0194092290435053,0.037462776,0.1693931,0.0,0.0,0.07353325151723927,0.6526576229367174,0.0,0.0,0.2932183545895486,0.7732593891496423,0.0,0.0,0.0,0.0,0.0,0.0,0.0,1.1643170063971151e-08
5125.0,1.07185518813205,0.262713317,0.109673794,0.0,0.0,0.5156629187300271,0.42256406955472936,0.0,0.0,0.1336281998472934,0.4800305014526726,0.0,0.0,0.0,0.0,0.0,0.0,0.0,1.1643328665901237e-08
5126.0,1.1343076786112845,0.487626521,0.102201905,0.0,0.0,0.9571304490401179,0.1771772295711665,0.0,0.0,0.0,0.3463957627738976,0.0,0.0,0.0,0.0,1.1102230246251565e-16,0.21659826882224037,0.0,1.05e-08
5127.0,1.1952076898997954,0.622460339,0.106144788,0.0,0.0,1.221786999105272,0.0,0.0,0.026579309205476808,0.0,0.3463910442747358,0.0,0.0,0.0,0.0,2.220446049250313e-16,0.4089671009220671,0.0,1.0479281288618535e-08
5128.0,1.2508399786928868,0.683916666,0.101536971,0.0,0.0,1.3424156345971192,0.0,0.0,0.09157565590423242,0.0,0.3703077041247772,0.0,0.0,0.0,0.0,0.0,0.391213562612966,0.0,1.0479424036188927e-08
5129.0,1.3010139647864558,0.700602984,0.097396239,0.0,0.0,1.3751681251864611,0.0,0.0,0.07415416040000537,0.0,0.4527207502181332,0.0,0.0,0.0,0.0,2.220446049250313e-16,0.3752596642290413,0.0,1.0479566785703814e-08
5130.0,1.339669625960162,0.692044233,0.097834169,0.0,0.0,1.358368708347826,0.0,0.0,0.018699082387664063,0.0,0.5194533277518948,0.0,0.0,0.0,0.0,0.0,0.37694697234733343,0.0,1.0479709537163215e-08
5131.0,1.3675799897834549,0.660533645,0.101440059,0.0,0.0,1.2965186203335235,0.0710613694499314,0.0,0.0,0.0,0.5362754260633978,0.0,0.0,0.0,0.0,0.0,0.31977879923167585,0.0,1.05e-08
5132.0,1.3876230314733446,0.62273863,0.104571307,0.0,0.0,1.2223332384469052,0.16528979302643945,0.0,0.0,0.0,0.5362681210804267,0.0,0.0,0.0,0.0,0.0,0.23761481556745087,0.0,1.05e-08
5133.0,1.3958222629509716,0.579921824,0.109130228,0.0,0.0,1.1382909089419366,0.25753135400903515,0.0,0.0,0.0,0.5362608161969618,0.0,0.0,0.0,0.0,0.0,0.16293840064461956,0.0,1.05e-08
5134.0,1.3820876401519382,0.520052109,0.115298302,0.0,0.0,1.0207765311670371,0.3613111089849011,0.0,0.0,0.0,0.5362535114130018,0.0,0.0,0.0,0.0,0.0,0.08292372532629444,0.0,1.05e-08
5135.0,1.355271506489279,0.436888197,0.132336032,0.0,0.0,0.8575394859930875,0.49773202049619153,0.0,0.0,0.0,0.5362462067285454,0.0,0.0,0.0,0.0,1.1102230246251565e-16,0.012147780239478101,0.0,1.05e-08
5136.0,1.3238086420074895,0.308818535,0.197433639,0.0,0.0,0.6061598587179007,0.7176487832895889,0.0,0.0,0.0,0.5362389021435912,0.0,0.0,0.0,0.0,0.0,0.04304672034949664,0.0,1.05e-08
5137.0,1.2825062714824262,0.128094633,0.352506205,0.0,0.0,0.2514286412303631,1.031077630252063,0.0,0.0,0.0,0.5362315976581379,0.0,0.0,0.0,0.0,0.0,0.3270996616550055,0.0,1.05e-08
5138.0,1.217681164529645,0.008723917,0.447764907,0.0,0.0,0.017123610460060928,1.200557554069584,0.0,0.0,0.0,0.5362242932721841,0.0,0.0,0.0,0.0,-3.469446951953614e-18,0.5246436485596868,0.0,1.05e-08
5139.0,1.1443784505202108,0.0,0.47630725,0.0,0.0,0.0,1.1443784505202106,0.0,0.0,0.0,0.5362169889857284,0.0,0.0,0.0,0.0,0.0,0.6907940421759193,0.0,1.05e-08
5140.0,1.071548974995121,0.0,0.472174542,0.0,0.0,0.0,1.071548974995121,0.0,0.0,0.0,0.5362096847987696,0.0,0.0,0.0,0.0,0.0,0.7477005351263257,0.0,1.05e-08
5141.0,1.006582538902219,0.0,0.457460603,0.0,0.0,0.0,1.006582538902219,0.0,0.0,0.0,0.5362023807113062,0.0,0.0,0.0,0.0,0.0,0.7559753795795692,0.0,1.05e-08
5142.0,0.9576248399539339,0.0,0.438698347,0.0,0.0,0.0,0.9576248399539339,0.0,0.0,0.0,0.5361950767233369,0.0,0.0,0.0,0.0,0.0,0.7326436558660684,0.0,1.05e-08
5143.0,0.9222090422499717,0.0,0.417400331,0.0,0.0,0.0,0.9222090422499717,0.0,0.0,0.0,0.5361877728348603,0.0,0.0,0.0,0.0,0.0,0.6859999570744345,0.0,1.05e-08
5144.0,0.9052538281366654,0.0,0.400481156,0.0,0.0,0.0,0.9052538281366654,0.0,0.0,0.0,0.5361804690458751,0.0,0.0,0.0,0.0,0.0,0.637766987385978,0.0,1.05e-08
5145.0,0.912161825197732,0.0,0.376964892,0.0,0.0,0.0,0.912161825197732,0.0,0.0,0.0,0.5361731653563799,0.0,0.0,0.0,0.0,0.0,0.5402527675059637,0.0,1.05e-08
5146.0,0.9405347207523302,0.0,0.353551907,0.0,0.0,0.0,0.9405347207523302,0.0,0.0,0.0,0.5361658617663734,0.0,0.0,0.0,0.0,0.0,0.42167157458888127,0.0,1.05e-08
5147.0,0.9766742949617606,0.0,0.318703484,0.0,0.0,0.0,0.9766742949617606,0.0,0.0,0.0,0.5361585582758542,0.0,0.0,0.0,0.0,0.0,0.25126390493593376,0.0,1.05e-08
5148.0,1.0208610647556575,0.026651252,0.211377954,0.0,0.0,0.0523120127714328,0.8144217975753841,0.0,0.0,0.1541272544088405,0.536151254884821,0.0,0.0,0.0,0.0,0.0,0.0,0.0,1.1646977106639057e-08
5149.0,1.0746646401296072,0.234929011,0.147693295,0.0,0.0,0.4611269078020078,0.5690500666106906,0.0,0.0,0.04448766571690881,0.38201669718443176,0.0,0.0,0.0,0.0,0.0,0.0,0.0,1.1647135760428244e-08
5150.0,1.1415283128611036,0.470641061,0.181194852,0.0,0.0,0.9237907920345612,0.21773752082654235,0.0,0.0,0.0,0.33752382775067896,0.0,0.0,0.0,0.0,1.1102230246251565e-16,0.48039127777676743,0.0,1.05e-08
5151.0,1.2067153080666189,0.61448479,0.207876326,0.0,0.0,1.206132311620152,0.0005829964464667969,0.0,0.0,0.0,0.3375192301023545,0.0,0.0,0.0,0.0,0.0,0.8003473176689143,0.0,1.05e-08
5152.0,1.264497512870036,0.682381703,0.204948538,0.0,0.0,1.3394027553500325,0.0,0.0,0.07490524247999658,0.0,0.33751463251665786,0.0,0.0,0.0,0.0,0.0,0.7896497887779107,0.0,1.0482850561286616e-08
5153.0,1.3166629550289466,0.698349397,0.209435885,0.0,0.0,1.3707447055315223,0.0,0.0,0.05408175050257568,0.0,0.404924753225585,0.0,0.0,0.0,0.0,0.0,0.8069391661274733,0.0,1.0482993357477234e-08
5154.0,1.357864682075439,0.690221318,0.221720485,0.0,0.0,1.354790626809246,0.003074055266192871,0.0,0.0,0.0,0.45359281291439213,0.0,0.0,0.0,0.0,2.220446049250313e-16,0.8511966599900727,0.0,1.05e-08
5155.0,1.3867365123216764,0.673089308,0.235307541,0.0,0.0,1.3211633163204064,0.06557319600126978,0.0,0.0,0.0,0.4535866342091725,0.0,0.0,0.0,0.0,0.0,0.8410473237728189,0.0,1.05e-08
5156.0,1.4051307140434877,0.655061908,0.246654816,0.0,0.0,1.2857785029151778,0.11935221112830982,0.0,0.0,0.0,0.4535804555881173,0.0,0.0,0.0,0.0,-2.220446049250313e-16,0.8309884219698117,0.0,1.05e-08
5157.0,1.411456263739207,0.631855162,0.25928773,0.0,0.0,1.2402274874080865,0.1712287763311206,0.0,0.0,0.0,0.45357427705122544,0.0,0.0,0.0,0.0,0.0,0.8277854309680988,0.0,1.05e-08
5158.0,1.3966167040265003,0.603780264,0.277725815,0.0,0.0,1.185121092303921,0.2114956117225791,0.0,0.0,0.0,0.4535680985984958,0.0,0.0,0.0,0.0,2.220446049250313e-16,0.8585590141509808,0.0,1.05e-08
5159.0,1.3645970883866583,0.537934139,0.301582377,0.0,0.0,1.0558760072343958,0.30872108115226243,0.0,0.0,0.0,0.45356192022992714,0.0,0.0,0.0,0.0,0.0,0.8532509076266486,0.0,1.05e-08
5160.0,1.3254531992743523,0.419405685,0.350348334,0.0,0.0,0.823224197877515,0.5022290013968372,0.0,0.0,0.0,0.4535557419455184,0.0,0.0,0.0,0.0,1.1102230246251565e-16,0.8476341917809199,0.0,1.05e-08
5161.0,1.2838724531702628,0.212917832,0.444989618,0.0,0.0,0.41792259316184405,0.8659498600084187,0.0,0.0,0.0,0.45354956374526834,0.0,0.0,0.0,0.0,0.0,0.8485583833344207,0.0,1.05e-08
5162.0,1.2220409543673176,0.00696442,0.509839921,0.0,0.0,0.013670007997583828,1.2083709463697339,0.0,0.0,0.0,0.45354338562917584,0.0,0.0,0.0,0.0,0.0,0.7560001579910918,0.0,1.05e-08
5163.0,1.1511643905966276,0.0,0.54044961,0.0,0.0,0.0,1.1511643905966273,0.0,0.0,0.0,0.4535372075972398,0.0,0.0,0.0,0.0,0.0,0.9311433172124628,0.0,1.05e-08
5164.0,1.0777952947183485,0.0,0.54019745,0.0,0.0,0.0,1.0777952947183485,0.0,0.0,0.0,0.4535310296494591,0.0,0.0,0.0,0.0,0.0,1.0035408614384034,0.0,1.05e-08
5165.0,1.0124476982172412,0.0,0.526500995,0.0,0.0,0.0,1.0124476982172412,0.0,0.0,0.0,0.4535248517858325,0.0,0.0,0.0,0.0,0.0,1.0161171481107174,0.0,1.05e-08
5166.0,0.9610338701217014,0.0,0.507210834,0.0,0.0,0.0,0.9610338701217014,0.0,0.0,0.0,0.4535186740063589,0.0,0.0,0.0,0.0,0.0,0.9932075791828452,0.0,1.05e-08
5167.0,0.9212582825800667,0.0,0.485046302,0.0,0.0,0.0,0.9212582825800667,0.0,0.0,0.0,0.45351249631103724,0.0,0.0,0.0,0.0,0.0,0.9475850556525128,0.0,1.05e-08
5168.0,0.8967912105342675,0.0,0.468246094,0.0,0.0,0.0,0.8967912105342675,0.0,0.0,0.0,0.4535063186998663,0.0,0.0,0.0,0.0,0.0,0.9073223139212312,0.0,1.05e-08
5169.0,0.8870737614756437,0.0,0.433018078,0.0,0.0,0.0,0.8870737614756437,0.0,0.0,0.0,0.4535001411728449,0.0,0.0,0.0,0.0,0.0,0.7813091270605841,0.0,1.05e-08
5170.0,0.8881465781301986,0.0,0.396801795,0.0,0.0,0.0,0.8881465781301986,0.0,0.0,0.0,0.45349396372997186,0.0,0.0,0.0,0.0,0.0,0.6406979633636559,0.0,1.05e-08
5171.0,0.902793416288195,0.0,0.35468473,0.0,0.0,0.0,0.902793416288195,0.0,0.0,0.0,0.45348778637124615,0.0,0.0,0.0,0.0,0.0,0.4637775525042258,0.0,1.05e-08
5172.0,0.9404769042859171,0.043208409,0.247683043,0.0,0.0,0.08481098161697213,0.8556659226689449,0.0,0.0,0.0,0.45348160909666657,0.0,0.0,0.0,0.0,1.3877787807814457e-17,0.09863638413170261,0.0,1.05e-08
5173.0,1.0013919050286835,0.344242298,0.172313805,0.0,0.0,0.6756908639580375,0.325701041070646,0.0,0.0,0.0,0.4534754319062319,0.0,0.0,0.0,0.0,1.1102230246251565e-16,0.3382098169895763,0.0,1.05e-08
5174.0,1.072199945579921,0.565966859,0.207749636,0.0,0.0,1.1108996138798921,0.0,0.0,0.03869966829997119,0.0,0.45346925479994116,0.0,0.0,0.0,0.0,0.0,0.800442188009596,0.0,1.0485992526851426e-08
5175.0,1.144819568745437,0.707663434,0.229443389,0.0,0.0,1.3890266242382905,0.0,0.0,0.24420705549285351,0.0,0.48829277924776715,0.0,0.0,0.0,0.0,0.0,0.8840264264794999,0.0,1.0486135365841539e-08
5176.0,1.2084733569157,0.764322375,0.233202516,0.0,0.0,1.5002387821214496,0.0,0.0,0.2917654252057495,0.0,0.7080724778135842,0.0,0.0,0.0,0.0,0.0,0.898510032317856,0.0,1.0486278206777388e-08
5177.0,1.2621784301616865,0.774416872,0.236957272,0.0,0.0,1.5200526151070515,0.0,0.0,0.257874184945365,0.0,0.9706517153478879,0.0,0.0,0.0,0.0,0.0,0.9129767970542436,0.0,1.0486421049659e-08
5178.0,1.3065472147572543,0.767860709,0.250656464,0.0,0.0,1.5071839482771558,0.0,0.0,0.20063673351990136,0.0,1.2027252598722453,0.0,0.0,0.0,0.0,0.0,0.9657586523179686,0.0,1.0486563894486401e-08
5179.0,1.3429159134817295,0.756961089,0.271262208,0.0,0.0,1.4857897916107536,0.0,0.0,0.14287387812902416,0.0,1.3832819368774842,0.0,0.0,0.0,0.0,0.0,1.0451508819771609,0.0,1.0486706741259617e-08
5180.0,1.3718798218041064,0.747770385,0.291355635,0.0,0.0,1.46774995524485,0.0,0.0,0.09587013344074365,0.0,1.5118495845420463,0.0,0.0,0.0,0.0,0.0,1.1225691965512048,0.0,1.0486849589978675e-08
5181.0,1.388567367091426,0.729098946,0.30914401,0.0,0.0,1.431100999487386,0.0,0.0,0.04253363239595996,0.0,1.59811211067723,0.0,0.0,0.0,0.0,0.0,1.1911063361596477,0.0,1.0486992440643606e-08
5182.0,1.3807171757628858,0.69115505,0.322497578,0.0,0.0,1.3566233887488766,0.02409378701400928,0.0,0.0,0.0,1.636370610829856,0.0,0.0,0.0,0.0,0.0,1.2184627436848718,0.0,1.05e-08
5183.0,1.3531579934392874,0.595748753,0.336328022,0.0,0.0,1.1693565606411722,0.18380143279811523,0.0,0.0,0.0,1.6363483206803064,0.0,0.0,0.0,0.0,0.0,1.1120426562794683,0.0,1.05e-08
5184.0,1.3161319000781888,0.435773185,0.391531592,0.0,0.0,0.8553509013072987,0.46078099877089,0.0,0.0,0.0,1.6363260308343868,0.0,0.0,0.0,0.0,0.0,1.0477578858669654,0.0,1.05e-08
5185.0,1.2775940131879169,0.172731242,0.505946421,0.0,0.0,0.33904294393109374,0.9385510692568232,0.0,0.0,0.0,1.6363037412920924,0.0,0.0,0.0,0.0,0.0,1.0108187011954541,0.0,1.05e-08
5186.0,1.2191073040345026,0.007501444,0.577463734,0.0,0.0,0.014724097552047009,1.2043832064824556,0.0,0.0,0.0,1.63628145205342,0.0,0.0,0.0,0.0,0.0,1.020536863842728,0.0,1.05e-08
5187.0,1.1501151287987594,0.0,0.602219413,0.0,0.0,0.0,1.1501151287987594,0.0,0.0,0.0,1.6362591631183645,0.0,0.0,0.0,0.0,0.0,1.1701865279684014,0.0,1.05e-08
5188.0,1.083534114347505,0.0,0.593760863,0.0,0.0,0.0,1.083534114347505,0.0,0.0,0.0,1.6362368744869225,0.0,0.0,0.0,0.0,0.0,1.2041774479205798,0.0,1.05e-08
5189.0,1.0125654725006754,0.0,0.565247861,0.0,0.0,0.0,1.0125654725006754,0.0,0.0,0.0,1.636214586159089,0.0,0.0,0.0,0.0,0.0,1.1652878481500717,0.0,1.05e-08
5190.0,0.9589246397729256,0.0,0.52762501,0.0,0.0,0.0,0.9589246397729256,0.0,0.0,0.0,1.636192298134861,0.0,0.0,0.0,0.0,0.0,1.0739709435097569,0.0,1.05e-08
5191.0,0.9194338518621408,0.0,0.493153841,0.0,0.0,0.0,0.9194338518621408,0.0,0.0,0.0,1.6361700104142334,0.0,0.0,0.0,0.0,0.0,0.9806471644789727,0.0,1.05e-08
5192.0,0.8918789522397582,0.0,0.461425901,0.0,0.0,0.0,0.8918789522397582,0.0,0.0,0.0,1.6361477229972026,0.0,0.0,0.0,0.0,0.0,0.8859569319142783,0.0,1.05e-08
5193.0,0.8785511860562247,0.0,0.422592404,0.0,0.0,0.0,0.8785511860562247,0.0,0.0,0.0,1.6361254358837645,0.0,0.0,0.0,0.0,0.0,0.7496624416874846,0.0,1.05e-08
5194.0,0.8719322713272237,0.0,0.390005128,0.0,0.0,0.0,0.8719322713272237,0.0,0.0,0.0,1.6361031490739146,0.0,0.0,0.0,0.0,0.0,0.6307252735999911,0.0,1.05e-08
5195.0,0.8812043194594056,0.0,0.332630737,0.0,0.0,0.0,0.8812043194594057,0.0,0.0,0.0,1.6360808625676488,0.0,0.0,0.0,0.0,0.0,0.4003944358978575,0.0,1.05e-08
5196.0,0.9223931984022505,0.046174812,0.212276914,0.0,0.0,0.09063354153352753,0.8178854162039777,0.0,0.0,0.0138742406647453,1.6360585763649633,0.0,0.0,0.0,0.0,0.0,-1.1102230246251565e-16,0.0,1.1654594926822025e-08
5197.0,0.9908478946354123,0.328490202,0.169538314,0.0,0.0,0.6447720970975225,0.3460757975378899,0.0,0.0,0.0,1.6221620498011085,0.0,0.0,0.0,0.0,0.0,0.3071413229465855,0.0,1.05e-08
5198.0,1.0737738382767232,0.588747201,0.212788862,0.0,0.0,1.1556136686508127,0.0,0.0,0.08183983037408948,0.0,1.6221399531963148,0.0,0.0,0.0,0.0,0.0,0.8198579095626044,0.0,1.0489421199691014e-08
5199.0,1.155629106614087,0.719354388,0.225771515,0.0,0.0,1.4119740390523574,0.0,0.0,0.2563449324382705,0.0,1.695773704229195,0.0,0.0,0.0,0.0,2.220446049250313e-16,0.8698789992433071,0.0,1.0489564085386117e-08
5200.0,1.2289596581814237,0.780413,0.230004642,0.0,0.0,1.5318220255840957,0.0,0.0,0.30286236740267186,0.0,1.9264610441029715,0.0,0.0,0.0,0.0,0.0,0.8861888879306813,0.0,1.048970697302759e-08
5201.0,1.290786874283153,0.793852422,0.251030455,0.0,0.0,1.5582013947523687,0.0,0.0,0.2674145204692156,0.0,2.199010933090972,0.0,0.0,0.0,0.0,0.0,0.9671996087504308,0.0,1.0489849862615465e-08
5202.0,1.3385711130983122,0.787751248,0.275790142,0.0,0.0,1.5462257962998558,0.0,0.0,0.20765468320154346,0.0,2.4396540472460386,0.0,0.0,0.0,0.0,0.0,1.0625966376853588,0.0,1.0489992754149763e-08
5203.0,1.376522269922021,0.774645814,0.285074063,0.0,0.0,1.520501990499544,0.0,0.0,0.14397972057752295,0.0,2.6265100298918926,0.0,0.0,0.0,0.0,0.0,1.0983668184742592,0.0,1.0490135647630516e-08
5204.0,1.4061778344907478,0.766268745,0.278350232,0.0,0.0,1.504059185466776,0.0,0.0,0.09788135097602807,0.0,2.7560560008799886,0.0,0.0,0.0,0.0,-2.220446049250313e-16,1.0724604529995838,0.0,1.0490278543057745e-08
5205.0,1.4225655906929622,0.755328679,0.265596998,0.0,0.0,1.482585639972091,0.0,0.0,0.060020049279128664,0.0,2.8441116745903874,0.0,0.0,0.0,0.0,-2.220446049250313e-16,1.0233232957765581,0.0,1.049042144043148e-08
5206.0,1.4209981220479837,0.722298357,0.258897138,0.0,0.0,1.4177525647263747,0.0032455573216088867,0.0,0.0,0.0,2.8980909773056056,0.0,0.0,0.0,0.0,2.220446049250313e-16,0.9942637312633412,0.0,1.05e-08
5207.0,1.3979893097661604,0.644370524,0.265443219,0.0,0.0,1.264793079177775,0.13319623058838526,0.0,0.0,0.0,2.89805150037974,0.0,0.0,0.0,0.0,2.220446049250313e-16,0.8895345674028582,0.0,1.05e-08
5208.0,1.3665221625831552,0.487668262,0.30967964,0.0,0.0,0.95721237973985,0.4093097828433053,0.0,0.0,0.0,2.8980120239916176,0.0,0.0,0.0,0.0,0.0,0.7838602914649065,0.0,1.05e-08
5209.0,1.3310399830103483,0.198845487,0.394837505,0.0,0.0,0.39030090051625993,0.9407390824940883,0.0,0.0,0.0,2.8979725481412304,0.0,0.0,0.0,0.0,0.0,0.5805372118742435,0.0,1.05e-08
5210.0,1.2681249607998086,0.006820497,0.433278313,0.0,0.0,0.013387510882097362,1.254737449917711,0.0,0.0,0.0,2.8979330728285717,0.0,0.0,0.0,0.0,0.0,0.4146481025788844,0.0,1.05e-08
5211.0,1.1914945879457068,0.0,0.423613087,0.0,0.0,0.0,1.1914945879457068,0.0,0.0,0.0,2.897893598053634,0.0,0.0,0.0,0.0,0.0,0.4406516470916404,0.0,1.05e-08
5212.0,1.1121639719750505,0.0,0.398608552,0.0,0.0,0.0,1.1121639719750505,0.0,0.0,0.0,2.8978541238164093,0.0,0.0,0.0,0.0,0.0,0.4236418550070813,0.0,1.05e-08
5213.0,1.043293853723957,0.0,0.377699146,0.0,0.0,0.0,1.043293853723957,0.0,0.0,0.0,2.8978146501168913,0.0,0.0,0.0,0.0,0.0,0.4119497589945549,0.0,1.05e-08
5214.0,0.9892825673410417,0.0,0.363445052,0.0,0.0,0.0,0.9892825673410417,0.0,0.0,0.0,2.8977751769550717,0.0,0.0,0.0,0.0,0.0,0.4110411985409903,0.0,1.05e-08
5215.0,0.9539438582589638,0.0,0.347186312,0.0,0.0,0.0,0.9539438582589638,0.0,0.0,0.0,2.8977357043309437,0.0,0.0,0.0,0.0,0.0,0.3837363253263507,0.0,1.05e-08
5216.0,0.9365004162070576,0.0,0.316189961,0.0,0.0,0.0,0.9365004162070576,0.0,0.0,0.0,2.8976962322445003,0.0,0.0,0.0,0.0,0.0,0.2817533871811171,0.0,1.05e-08
5217.0,0.9441172003193372,0.0,0.272084406,0.0,0.0,0.0,0.9441172003193372,0.0,0.0,0.0,2.897656760695734,0.0,0.0,0.0,0.0,0.0,0.10420154264072878,0.0,1.05e-08
5218.0,0.9745329443538665,0.0,0.236117264,0.0,0.0,0.0,0.9097403156123912,0.0,0.0,0.06479262874147522,2.8976172896846366,0.0,0.0,0.0,0.0,0.0,1.1102230246251565e-16,0.0,1.1658088092704516e-08
5219.0,1.014599755578175,0.0,0.19577359,0.0,0.0,0.0,0.7542994719571665,0.0,0.0,0.26030028362100843,2.832785190469727,0.0,0.0,0.0,0.0,0.0,0.0,0.0,1.1658246897846285e-08
5220.0,1.0686110419610904,0.042679019,0.11991986,0.0,0.0,0.08377187634562995,0.46204131555833117,0.0,0.0,0.5227978500571292,2.57244631949869,0.0,0.0,0.0,0.0,0.0,0.0,0.0,1.1658405705151278e-08
5221.0,1.1400079539294987,0.340362327,0.109751935,0.0,0.0,0.6680751207087227,0.42286514037351647,0.0,0.0,0.04906769284725964,2.0496134283495304,0.0,0.0,0.0,0.0,0.0,0.0,0.0,1.1658564514619528e-08
5222.0,1.2197390024638313,0.610103887,0.111846207,0.0,0.0,1.1975333214606498,0.022205681003181398,0.0,0.0,0.0,2.0005178162830344,0.0,0.0,0.0,0.0,2.220446049250313e-16,0.40872851640573343,0.0,1.05e-08
5223.0,1.2972730252744646,0.725264141,0.105719035,0.0,0.0,1.4235739096480058,0.0,0.0,0.12630088437354126,0.0,2.0004905658294962,0.0,0.0,0.0,0.0,2.220446049250313e-16,0.4073267097789912,0.0,1.0492993926041318e-08
5224.0,1.3642459068869637,0.791895855,0.103170047,0.0,0.0,1.554360976377571,0.0,0.0,0.1901150694906074,0.0,2.114134111683343,0.0,0.0,0.0,0.0,2.220446049250313e-16,0.39750566955377414,0.0,1.0493136860403689e-08
5225.0,1.4201522885578655,0.797513147,0.106586937,0.0,0.0,1.5653867942582795,0.0,0.0,0.14523450570041407,0.0,2.28520887612426,0.0,0.0,0.0,0.0,0.0,0.41067066449888256,0.0,1.0493279796713095e-08
5226.0,1.4600841946938765,0.792177448,0.113728708,0.0,0.0,1.5549136970006903,0.0,0.0,0.09482950230681372,0.0,2.4158888028248846,0.0,0.0,0.0,0.0,0.0,0.4381873182729641,0.0,1.0493422734969564e-08
5227.0,1.489703356302269,0.783812389,0.121093034,0.0,0.0,1.5384944656174222,0.0,0.0,0.048791109315153076,0.0,2.5012024463885116,0.0,0.0,0.0,0.0,0.0,0.46656145807966853,0.0,1.0493565675173122e-08
5228.0,1.5076243195397356,0.781189191,0.126479465,0.0,0.0,1.5333455605199056,0.0,0.0,0.02572124098016992,0.0,2.5450803741427857,0.0,0.0,0.0,0.0,0.0,0.48731493181958274,0.0,1.0493708617323793e-08
5229.0,1.5150184031887943,0.773700682,0.129918891,0.0,0.0,1.518646852239822,0.0,0.0,0.0036284490510275877,0.0,2.5681948227036058,0.0,0.0,0.0,0.0,2.220446049250313e-16,0.5005667561112849,0.0,1.0493851561421607e-08
5230.0,1.5066714185192227,0.749143076,0.13478105,0.0,0.0,1.470444321315278,0.03622709720394458,0.0,0.0,0.0,2.571425443670114,0.0,0.0,0.0,0.0,2.220446049250313e-16,0.48307315593455324,0.0,1.05e-08
5231.0,1.480067278566745,0.660065099,0.15049011,0.0,0.0,1.2955989418007474,0.1844683367659978,0.0,0.0,0.0,2.5713904164841486,0.0,0.0,0.0,0.0,0.0,0.3953576270311411,0.0,1.05e-08
5232.0,1.44382063682692,0.505591402,0.204710193,0.0,0.0,0.992392547957995,0.45142808886892494,0.0,0.0,0.0,2.5713553897753125,0.0,0.0,0.0,0.0,0.0,0.3373033763105697,0.0,1.05e-08
5233.0,1.3971970100412396,0.194990974,0.293785754,0.0,0.0,0.3827351271228129,1.0144618829184269,0.0,0.0,0.0,2.5713203635435997,0.0,0.0,0.0,0.0,0.0,0.11747036141921874,0.0,1.05e-08
5234.0,1.3207465106382008,0.00588591,0.337653039,0.0,0.0,0.011553070718460207,1.3009492701361434,0.0,0.0,0.00824416978359741,2.5712853377890035,0.0,0.0,0.0,0.0,0.0,0.0,0.0,1.1660629234576367e-08
5235.0,1.2359554506174142,0.0,0.336441421,0.0,0.0,0.0,1.2359554506174144,0.0,0.0,0.0,2.5630061427279203,0.0,0.0,0.0,0.0,0.0,0.06032555544075091,0.0,1.05e-08
5236.0,1.153318589308169,0.0,0.32672057,0.0,0.0,0.0,1.153318589308169,0.0,0.0,0.0,2.562971230227146,0.0,0.0,0.0,0.0,0.0,0.10550878076020687,0.0,1.05e-08
5237.0,1.0782749572545167,0.0,0.317508796,0.0,0.0,0.0,1.0782749572545167,0.0,0.0,0.0,2.5629363182019396,0.0,0.0,0.0,0.0,0.0,0.14506020845683243,0.0,1.05e-08
5238.0,1.019452056055663,0.0,0.308322444,0.0,0.0,0.0,1.019452056055663,0.0,0.0,0.0,2.562901406652294,0.0,0.0,0.0,0.0,0.0,0.16848885416487813,0.0,1.05e-08
5239.0,0.977819917536984,0.0,0.299443638,0.0,0.0,0.0,0.977819917536984,0.0,0.0,0.0,2.562866495578203,0.0,0.0,0.0,0.0,0.0,0.17591168652836997,0.0,1.05e-08
5240.0,0.9575370445790102,0.0,0.286408222,0.0,0.0,0.0,0.9575370445790102,0.0,0.0,0.0,2.5628315849796603,0.0,0.0,0.0,0.0,0.0,0.14597017832470682,0.0,1.05e-08
5241.0,0.9641109909452454,0.0,0.252386849,0.0,0.0,0.0,0.9641109909452454,0.0,0.0,0.0,2.562796674856659,0.0,0.0,0.0,0.0,0.0,0.008314691853099077,0.0,1.05e-08
5242.0,0.9962847838288558,0.0,0.217974369,0.0,0.0,0.0,0.8398372397262397,0.0,0.0,0.15644754410261597,2.5627617652091934,0.0,0.0,0.0,0.0,0.0,1.1102230246251565e-16,0.0,1.166190001321683e-08
5243.0,1.0356213944958723,0.0,0.189997098,0.0,0.0,0.0,0.7320431254021241,0.0,0.0,0.3035782690937482,2.406279311934641,0.0,0.0,0.0,0.0,0.0,0.0,0.0,1.1662058870284143e-08
5244.0,1.0803863289539004,0.033767355,0.122311809,0.0,0.0,0.06627974948484615,0.4712572974874998,0.0,0.0,0.5428492819815545,2.102668265225989,0.0,0.0,0.0,0.0,1.3877787807814457e-17,0.0,0.0,1.166221772951539e-08
5245.0,1.1396696205334513,0.322340808,0.07634119,0.0,0.0,0.632701850736692,0.29413629951609777,0.0,0.0,0.21283147028066163,1.5597903413281264,0.0,0.0,0.0,0.0,0.0,0.0,0.0,1.1662376590910597e-08
5246.0,1.209464802247155,0.616417834,0.068180943,0.0,0.0,1.2099265582249925,0.0,0.0,0.00046175597783740236,0.0,1.3469376240513724,0.0,0.0,0.0,0.0,0.0,0.26269554183708677,0.0,1.0496281909022817e-08
5247.0,1.2830501745368312,0.728544535,0.064075739,0.0,0.0,1.4300127821191129,0.0,0.0,0.1469626075822815,0.0,1.3473348568511927,0.0,0.0,0.0,0.0,0.0,0.24687852990265555,0.0,1.0496424888173714e-08
5248.0,1.3493913577200016,0.786745452,0.059794842,0.0,0.0,1.544251584611885,0.0,0.0,0.1948602268918833,0.0,1.4795828506840263,0.0,0.0,0.0,0.0,0.0,0.23038458735094047,0.0,1.049656786927226e-08
5249.0,1.4052313575220585,0.799420686,0.059409878,0.0,0.0,1.5691309787540026,0.0,0.0,0.1638996212319441,0.0,1.6549369004530043,0.0,0.0,0.0,0.0,0.0,0.22890135285581517,0.0,1.0496710852318476e-08
5250.0,1.4445765335915066,0.792937022,0.062209208,0.0,0.0,1.556404615505714,0.0,0.0,0.11182808191420752,0.0,1.8024240165077774,0.0,0.0,0.0,0.0,0.0,0.23968694012953198,0.0,1.0496853837312391e-08
5251.0,1.4705853780749896,0.784084819,0.066493118,0.0,0.0,1.5390292007825588,0.0,0.0,0.06844382270756934,0.0,1.9030447381513387,0.0,0.0,0.0,0.0,2.220446049250313e-16,0.2561924915213823,0.0,1.0496996824254033e-08
5252.0,1.4850630495349624,0.781213227,0.070559599,0.0,0.0,1.533392739224267,0.0,0.0,0.048329689689304685,0.0,1.9646182558836416,0.0,0.0,0.0,0.0,2.220446049250313e-16,0.27186030693521746,0.0,1.0497139813143423e-08
5253.0,1.485452775345599,0.772084104,0.072784798,0.0,0.0,1.5154737762063955,0.0,0.0,0.030021000860796388,0.0,2.0080882151635198,0.0,0.0,0.0,0.0,0.0,0.28043381488743724,0.0,1.0497282803980595e-08
5254.0,1.4700971501363898,0.743472145,0.075509506,0.0,0.0,1.4593132189228684,0.01078393121352124,0.0,0.0,0.0,2.035079762362996,0.0,0.0,0.0,0.0,2.220446049250313e-16,0.2801479585451868,0.0,1.05e-08
5255.0,1.4396471444921342,0.643172796,0.08318573,0.0,0.0,1.2624421366242058,0.17720500786792848,0.0,0.0,0.0,2.0350520411169972,0.0,0.0,0.0,0.0,2.220446049250313e-16,0.1433027389296423,0.0,1.05e-08
5256.0,1.4058395010947005,0.496931262,0.11396268,0.0,0.0,0.9753941212318362,0.43044537986286424,0.0,0.0,0.0,2.0350243202486085,0.0,0.0,0.0,0.0,0.0,0.008643413200712657,0.0,1.05e-08
5257.0,1.3611452312067327,0.188944279,0.210782357,0.0,0.0,0.3708664619634815,0.8121270115289144,0.0,0.0,0.17815175771433672,2.0349965997578257,0.0,0.0,0.0,0.0,5.551115123125783e-17,1.1102230246251565e-16,0.0,1.1664283096452876e-08
5258.0,1.2884228232120378,0.00530081,0.299401654,0.0,0.0,0.01040461590393347,1.153569843181107,0.0,0.0,0.12444836412699743,1.8568171219303062,0.0,0.0,0.0,0.0,0.0,-2.220446049250313e-16,0.0,1.1664441985982278e-08
5259.0,1.2086596544185868,0.0,0.334700754,0.0,0.0,0.0,1.2086596544185868,0.0,0.0,0.0,1.732343464797519,0.0,0.0,0.0,0.0,0.0,0.08091470546246504,0.0,1.05e-08
5260.0,1.1288172556526437,0.0,0.337561881,0.0,0.0,0.0,1.128817255652644,0.0,0.0,0.0,1.7323198673345446,0.0,0.0,0.0,0.0,0.0,0.1717807902388775,0.0,1.05e-08
5261.0,1.0564374637552116,0.0,0.328222384,0.0,0.0,0.0,1.0564374637552116,0.0,0.0,0.0,1.7322962701930078,0.0,0.0,0.0,0.0,0.0,0.20817627160982077,0.0,1.05e-08
5262.0,1.001925101330049,0.0,0.315958731,0.0,0.0,0.0,1.001925101330049,0.0,0.0,0.0,1.7322726733729044,0.0,0.0,0.0,0.0,0.0,0.21543779196703183,0.0,1.05e-08
5263.0,0.9640253369209296,0.0,0.304549502,0.0,0.0,0.0,0.9640253369209296,0.0,0.0,0.0,1.7322490768742296,0.0,0.0,0.0,0.0,0.0,0.20937873940733331,0.0,1.05e-08
5264.0,0.9449608924588475,0.0,0.293546824,0.0,0.0,0.0,0.9449608924588475,0.0,0.0,0.0,1.732225480696979,0.0,0.0,0.0,0.0,0.0,0.1860507743237012,0.0,1.05e-08
5265.0,0.9514791637092775,0.0,0.265427726,0.0,0.0,0.0,0.9514791637092775,0.0,0.0,0.0,1.7322018848411487,0.0,0.0,0.0,0.0,0.0,0.07119194103264126,0.0,1.05e-08
5266.0,0.9840041380925825,0.0,0.240628315,0.0,0.0,0.0,0.9271210225160745,0.0,0.0,0.05688311557650794,1.732178289306734,0.0,0.0,0.0,0.0,0.0,0.0,0.0,1.1665713180137453e-08
5267.0,1.0221929848337676,0.0,0.218164601,0.0,0.0,0.0,0.8405701879096458,0.0,0.0,0.18162279692412184,1.6752715785172227,0.0,0.0,0.0,0.0,0.0,0.0,0.0,1.1665872089147288e-08
5268.0,1.0666859677645935,0.018286237,0.156117996,0.0,0.0,0.03589286775290883,0.6015097437085924,0.0,0.0,0.4292833563030923,1.4936259615462397,0.0,0.0,0.0,0.0,6.938893903907228e-18,0.0,0.0,1.1666031000321765e-08
5269.0,1.1235366850535766,0.30663816,0.100294962,0.0,0.0,0.601880142145992,0.3864282045221937,0.0,0.0,0.1352283383853911,1.0643222595183872,0.0,0.0,0.0,0.0,0.0,0.0,0.0,1.1666189913660912e-08
5270.0,1.1923725416949436,0.566688274,0.08399212,0.0,0.0,1.1123156325604968,0.08005690913444678,0.0,0.0,0.0,0.9290794232544737,0.0,0.0,0.0,0.0,0.0,0.24355779172772246,0.0,1.05e-08
5271.0,1.262634537841168,0.702303002,0.080617257,0.0,0.0,1.3785049801802778,0.0,0.0,0.11587044233910987,0.0,0.929066767613294,0.0,0.0,0.0,0.0,2.220446049250313e-16,0.3106116324767564,0.0,1.049985697215e-08
5272.0,1.3249992329454787,0.757901235,0.077041137,0.0,0.0,1.487635143174688,0.06278549116362622,0.0,0.22542140139283554,0.0,1.0333375102497044,0.0,0.0,0.0,0.0,0.0,0.23404764632994338,0.0,1.05e-08
5273.0,1.3801518592024018,0.774801923,0.073869038,0.0,0.0,1.5208084067235073,0.284611302052457,0.0,0.4252678495735625,0.0,1.2362026956896932,0.0,0.0,0.0,0.0,0.0,0.0,0.0,1.0500143029798309e-08
5274.0,1.4248247155842906,0.76642143,0.074593573,0.0,0.0,1.5043588809433714,0.28740287556303357,0.0,0.3669370409221145,0.0,1.6189269211236397,0.0,0.0,0.0,0.0,-2.220446049250313e-16,0.0,0.0,1.050028606154495e-08
5275.0,1.4546537295522568,0.751521015,0.077182057,0.0,0.0,1.4751118234400447,0.2973760906139992,0.0,0.31783418450178713,0.0,1.9491482054167013,0.0,0.0,0.0,0.0,2.220446049250313e-16,0.0,0.0,1.0500429095239959e-08
5276.0,1.475148596220412,0.742376814,0.080872283,0.0,0.0,1.4571632647945991,0.3115942265903718,0.0,0.29360889516455885,0.0,2.2351724207562,0.0,0.0,0.0,0.0,0.0,0.0,0.0,1.050057213088335e-08
5277.0,1.482457025845155,0.7285981,0.086490654,0.0,0.0,1.4301179213810171,0.3332413459927358,0.0,0.2809022415285979,0.0,2.4993899795561396,0.0,0.0,0.0,0.0,0.0,0.0,0.0,1.050071516847516e-08
5278.0,1.4691314010122294,0.691568729,0.093670003,0.0,0.0,1.3574353724084536,0.360902784696987,0.0,0.2492067560932112,0.0,2.7521679509913937,0.0,0.0,0.0,0.0,2.220446049250313e-16,0.0,0.0,1.0500858208015414e-08
5279.0,1.4368162789884982,0.607630271,0.105737788,0.0,0.0,1.1926780211624268,0.4073989635390495,0.0,0.16326070571297802,0.0,2.976416542269106,0.0,0.0,0.0,0.0,0.0,0.0,0.0,1.0501001249504134e-08
5280.0,1.4004604283676703,0.449616445,0.148105855,0.0,0.0,0.8825229378749716,0.5706396262144688,0.0,0.052702135721770266,0.0,3.123310633557572,0.0,0.0,0.0,0.0,-1.1102230246251565e-16,0.0,0.0,1.0501144292941347e-08
5281.0,1.3536012530151216,0.179269711,0.234916981,0.0,0.0,0.35187688035680526,0.9051157243531761,0.0,0.0,0.0966086483051402,3.1707000109067085,0.0,0.0,0.0,0.0,0.0,1.1102230246251565e-16,0.0,1.1668097042585649e-08
5282.0,1.2812193197670818,0.005579512,0.28257557,0.0,0.0,0.010951661970790812,1.0887403313133062,0.0,0.0,0.18152732648298484,3.07404817227723,0.0,0.0,0.0,0.0,0.0,0.0,0.0,1.1668255984068187e-08
5283.0,1.1993811822345812,0.0,0.298532385,0.0,0.0,0.0,1.1502206215231254,0.0,0.0,0.04916056071145581,2.892478972032257,0.0,0.0,0.0,0.0,0.0,2.220446049250313e-16,0.0,1.1668414927715807e-08
5284.0,1.1145044681894787,0.0,0.301450981,0.0,0.0,0.0,1.1614657308438276,0.0,0.04696126265434888,0.0,2.843279010839988,0.0,0.0,0.0,0.0,0.0,0.0,0.0,1.0501716486175687e-08
5285.0,1.0426792860994916,0.0,0.299053964,0.0,0.0,0.0,1.1522302223292604,0.0,0.10955093622976893,0.0,2.8855054169352004,0.0,0.0,0.0,0.0,0.0,2.220446049250313e-16,0.0,1.0501859539355775e-08
5286.0,0.9885566494849656,0.0,0.292611357,0.0,0.0,0.0,1.1274073896983243,0.0,0.13885074021335864,0.0,2.9840619540528546,0.0,0.0,0.0,0.0,0.0,0.0,0.0,1.0502002594484515e-08
5287.0,0.9510166319779724,0.0,0.279703815,0.0,0.0,0.0,1.0776756964966778,0.0,0.12665906451870532,0.0,3.1089869722481582,0.0,0.0,0.0,0.0,0.0,0.0,0.0,1.0502145651561935e-08
5288.0,0.9330314282222689,0.0,0.260641249,0.0,0.0,0.0,1.0042292042095993,0.0,0.07119777598733044,0.0,3.2229377806271535,0.0,0.0,0.0,0.0,0.0,2.220446049250313e-16,0.0,1.0502288710588067e-08
5289.0,0.9414169572027826,0.0,0.235620222,0.0,0.0,0.0,0.9078252538405734,0.0,0.0,0.033591703362209104,3.2869718771241843,0.0,0.0,0.0,0.0,0.0,0.0,0.0,5.140401326960315
5290.0,0.9725971634043301,0.0,0.20995442,0.0,0.0,0.0,0.8089370386530337,0.0,0.0,0.16366012475129638,3.2533353996171566,0.0,0.0,0.0,0.0,0.0,0.0,0.0,5.140471348918887
5291.0,1.010222834935639,0.0,0.177367036,0.0,0.0,0.0,0.6833805397214597,0.0,0.0,0.32684229521417935,3.0896309589070468,0.0,0.0,0.0,0.0,0.0,-1.1102230246251565e-16,0.0,5.140541371831292
5292.0,1.0567479595933564,0.023384467,0.112159184,0.0,0.0,0.04589985252314408,0.43214007193895093,0.0,0.0,0.547828646187364,2.7627465776668356,0.0,0.0,0.0,0.030879388943897423,0.0,0.0,0.0,5.62341
5293.0,1.114033371055742,0.269959381,0.061366176,0.0,0.0,0.52988574745532,0.23643880746545307,0.0,0.0,0.3477088161349688,2.2148802981744145,0.0,0.0,0.0,0.0,0.0,0.0,0.0,5.140681420517647
5294.0,1.182387423810333,0.519150222,0.05058596,0.0,0.0,1.0190062757110312,0.19490352563104324,0.0,0.031522377531741454,0.0,1.867141311604488,0.0,0.0,0.0,0.0,2.220446049250313e-16,0.0,0.0,4.626676301662461
5295.0,1.2531569200506283,0.653050631,0.048000143,0.0,0.0,1.2818306978322913,0.18494058631079138,0.0,0.21361436409245446,0.0,1.8954860177442512,0.0,0.0,0.0,0.0,0.0,0.0,0.0,4.626739325717534
5296.0,1.3176565417110095,0.709110391,0.044018766,0.0,0.0,1.3918667622199399,0.16960066957962042,0.0,0.24381089008855084,0.0,2.087713125685572,0.0,0.0,0.0,0.0,2.220446049250313e-16,0.0,0.0,4.626802350631113
5297.0,1.3763488205227816,0.724048851,0.042310136,0.0,0.0,1.421188495784485,0.16301745931734665,0.0,0.2078571345790498,0.0,2.3071144885633834,0.0,0.0,0.0,0.0,0.0,0.0,0.0,4.626865376403211
5298.0,1.4251459181754746,0.716193357,0.043265285,0.0,0.0,1.4057694564667853,0.1666975695218968,0.0,0.1473211078132076,0.0,2.4941544828630997,0.0,0.0,0.0,0.0,2.220446049250313e-16,0.0,0.0,4.626928403033838
5299.0,1.4607908403944816,0.70251869,0.045327282,0.0,0.0,1.3789283401564114,0.17464227364811352,0.0,0.09277977341004322,0.0,2.6267095052708753,0.0,0.0,0.0,0.0,0.0,2.7755575615628914e-17,0.0,4.626991430523008
5300.0,1.4849110136418018,0.69091348,0.04804872,0.0,0.0,1.3561492266747948,0.18512774947947652,0.0,0.05636596251246948,0.0,2.7101755210910468,0.0,0.0,0.0,0.0,0.0,0.0,0.0,4.627054458870729
5301.0,1.4868061089297882,0.665147709,0.052511912,0.0,0.0,1.3055752670867868,0.20232405960916997,0.0,0.02109321776616873,0.0,2.7608679701543757,0.0,0.0,0.0,0.0,2.220446049250313e-16,0.0,0.0,4.627117488077016
5302.0,1.4694311900973347,0.614527278,0.059081035,0.0,0.0,1.2062157085577005,0.22763434793826315,0.0,0.0,0.03558113360137109,2.7798142584287056,0.0,0.0,0.0,0.0,0.0,0.0,0.0,5.141311686824309
5303.0,1.4315121535327442,0.525775827,0.071214231,0.0,0.0,1.0320112457356465,0.27438254996057276,0.0,0.0,0.12511835783652478,2.744195259031451,0.0,0.0,0.0,0.0,0.0,0.0,0.0,5.141381721183701
5304.0,1.392087747490804,0.375413217,0.113581683,0.0,0.0,0.7368742377381998,0.4376208430917892,0.0,0.0,0.2175926666608148,2.619039520590363,0.0,0.0,0.0,0.0,0.0,5.551115123125783e-17,0.0,5.141451756497092
5305.0,1.3466033192285234,0.157099299,0.197936654,0.0,0.0,0.308360017595839,0.7626335788865514,0.0,0.0,0.27560972274613305,2.4014111781589107,0.0,0.0,0.0,0.0,5.551115123125783e-17,1.1102230246251565e-16,0.0,5.141521792764496
5306.0,1.2728230840335286,0.003777679,0.271438783,0.0,0.0,0.007414960921699794,1.0458312108675942,0.0,0.0,0.21957691224423453,2.125768744110132,0.0,0.0,0.0,0.0,0.0,0.0,0.0,5.141591829985927
5307.0,1.1898992817428258,0.0,0.297812654,0.0,0.0,0.0,1.147447557427753,0.0,0.0,0.042451724315072756,1.9061628752817983,0.0,0.0,0.0,0.0,0.0,0.0,0.0,5.141661868161395
5308.0,1.1123138665176031,0.0,0.296875475,0.0,0.0,0.0,1.1438366841489345,0.0,0.031522817631331544,0.0,1.8636851857878876,0.0,0.0,0.0,0.0,0.0,0.0,0.0,4.6275587165618255
5309.0,1.0409940431710787,0.0,0.281384138,0.0,0.0,0.0,1.084149842226025,0.0,0.04315579905494617,0.0,1.8920303350955907,0.0,0.0,0.0,0.0,0.0,0.0,0.0,4.627621752637053
5310.0,0.9846079989640086,0.0,0.262568711,0.0,0.0,0.0,1.0116555560930047,0.0,0.02704755712899597,0.0,1.930844781575427,0.0,0.0,0.0,0.0,0.0,-2.220446049250313e-16,0.0,4.627684789570951
5311.0,0.9468559877468339,0.0,0.24605888,0.0,0.0,0.0,0.9480445409126523,0.0,0.0011885531658184815,0.0,1.955161281603162,0.0,0.0,0.0,0.0,0.0,0.0,0.0,4.627747827363531
5312.0,0.9284896235829254,0.0,0.231449301,0.0,0.0,0.0,0.8917550397331698,0.0,0.0,0.036734583849755614,1.9562043468319692,0.0,0.0,0.0,0.0,0.0,0.0,0.0,5.142012073349783
5313.0,0.9346781268397396,0.0,0.215666035,0.0,0.0,0.0,0.8309434194857223,0.0,0.0,0.10373470735401734,1.9194431161534624,0.0,0.0,0.0,0.0,0.0,0.0,0.0,5.142082117249759
5314.0,0.9644150627315664,0.0,0.202983724,0.0,0.0,0.0,0.782079522723669,0.0,0.0,0.18233554000789745,1.81568226272115,0.0,0.0,0.0,0.0,0.0,-1.1102230246251565e-16,0.0,5.142152162103867
5315.0,1.0029336774663673,0.0,0.185685022,0.0,0.0,0.0,0.7154290527387012,0.0,0.0,0.28750462472766614,1.6333219900341749,0.0,0.0,0.0,0.0,0.0,0.0,0.0,5.1422222079121145
5316.0,1.0475401519794114,0.024737731,0.123742522,0.0,0.0,0.048556086596167,0.4767697165038863,0.0,0.0,0.5222143488793581,1.345795116684357,0.0,0.0,0.0,0.0,0.0,0.0,0.0,5.142292254674521
5317.0,1.105273105718847,0.248724025,0.061821599,0.0,0.0,0.48820424542765084,0.23819351466787575,0.0,0.0,0.37887534562332037,0.823562435787658,0.0,0.0,0.0,0.0,0.0,0.0,0.0,5.142362302391095
5318.0,1.169796282235915,0.467016373,0.043355475,0.0,0.0,0.9166761272169961,0.16704506414247264,0.0,0.0,0.08607509087644628,0.44467587184390606,0.0,0.0,0.0,0.0,0.0,-2.7755575615628914e-17,0.0,5.14243235106185
5319.0,1.2362702291567746,0.607443045,0.04148297,0.0,0.0,1.1923105273987888,0.1598304570407836,0.0,0.11587075528279774,0.0,0.35859472372613627,0.0,0.0,0.0,0.0,0.0,0.0,0.0,4.628252160618122
5320.0,1.2930095962141472,0.673264875,0.038110647,0.0,0.0,1.3215079253896629,0.14683717506557434,0.0,0.1753355042410901,0.0,0.46287351881090605,0.0,0.0,0.0,0.0,0.0,0.0,0.0,4.628315206139367
5321.0,1.3413184659282404,0.68478139,0.034860496,0.0,0.0,1.3441129452124614,0.13431461171532338,0.0,0.13710909099954444,0.0,0.6206691675036761,0.0,0.0,0.0,0.0,2.220446049250313e-16,0.0,0.0,4.628378252519409
5322.0,1.3810083994455593,0.67488567,0.034503883,0.0,0.0,1.3246892786986886,0.1329406112814903,0.0,0.07662149053461939,0.0,0.7440588948340651,0.0,0.0,0.0,0.0,0.0,0.0,0.0,4.6284412997582605
5323.0,1.4073662840781291,0.656673532,0.036822268,0.0,0.0,1.28894185506354,0.14187315719482527,0.0,0.023448728180236085,0.0,0.8130081009681748,0.0,0.0,0.0,0.0,0.0,0.0,0.0,4.628504347855936
5324.0,1.4232936498996462,0.638411475,0.042303842,0.0,0.0,1.2530964486632465,0.16299320905521222,0.0,0.0,0.0072039921811875,0.8341008817779397,0.0,0.0,0.0,0.0,0.0,0.0,0.0,5.142852663124939
5325.0,1.4254114456508535,0.608454605,0.050124274,0.0,0.0,1.1942960528682518,0.1931246876069256,0.0,0.0,0.03799070517567627,0.8268855277247709,0.0,0.0,0.0,0.0,0.0,0.0,0.0,5.142922718475333
5326.0,1.4014218947906147,0.561479671,0.059885833,0.0,0.0,1.1020920037922377,0.23073516815835607,0.0,0.0,0.068594722840021,0.7888835589625011,0.0,0.0,0.0,0.0,0.0,2.7755575615628914e-17,0.0,5.142992774780014
5327.0,1.360774777551567,0.484367948,0.074990011,0.0,0.0,0.9507344075936356,0.28893031843244077,0.0,0.0,0.12111005152549072,0.720278090187305,0.0,0.0,0.0,0.0,0.0,5.551115123125783e-17,0.0,5.143062832038991
5328.0,1.3198450020322774,0.352828173,0.115333199,0.0,0.0,0.6925435207358102,0.4443692895698077,0.0,0.0,0.18293219172665953,0.5991582272497533,0.0,0.0,0.0,0.0,0.0,0.0,0.0,5.143132890252282
5329.0,1.277874530117551,0.141514828,0.195333874,0.0,0.0,0.2777702709682501,0.7526052825283925,0.0,0.0,0.2474989766209084,0.41621787396946963,0.0,0.0,0.0,0.0,0.0,1.1102230246251565e-16,0.0,5.143202949419899
5330.0,1.2154284636901405,0.002996635,0.270142213,0.0,0.0,0.005881900347170277,1.0408356337503972,0.0,0.0,0.1687109295925729,0.16871322775354736,0.0,0.0,0.0,0.0,0.0,0.0,0.0,5.1432730095418515
5331.0,1.1456354233270447,0.0,0.30400764,0.0,0.0,0.0,1.1456354233270447,0.0,0.0,0.0,0.0,0.0,0.0,0.0,0.0,0.0,0.025680903471398286,0.0,1.05e-08
5332.0,1.072647487856971,0.0,0.312489218,0.0,0.0,0.0,1.072647487856971,0.0,0.0,0.0,0.0,0.0,0.0,0.0,0.0,0.0,0.13134765842250373,0.0,1.05e-08
5333.0,1.0070193744262295,0.0,0.310611944,0.0,0.0,0.0,1.0070193744262295,0.0,0.0,0.0,0.0,0.0,0.0,0.0,0.0,0.0,0.18974279018846119,0.0,1.05e-08
5334.0,0.955697624406829,0.0,0.305885215,0.0,0.0,0.0,0.9556976244068289,0.0,0.0,0.0,0.0,0.0,0.0,0.0,0.0,0.0,0.2228528437845363,0.0,1.05e-08
5335.0,0.917243250190265,0.0,0.298764523,0.0,0.0,0.0,0.9781440224857297,0.0,0.06090077229546472,0.0,0.0,0.0,0.0,0.0,0.0,0.0,0.17297100757749162,0.0,1.05e-08
5336.0,0.8937526340216656,0.0,0.287670528,0.0,0.0,0.0,1.108370783659018,0.0,0.21461814963735243,0.0,0.05481069506591825,0.0,0.0,0.0,0.0,0.0,0.0,0.0,1.0500143029798309e-08
5337.0,0.8843178432432838,0.0,0.268518422,0.0,0.0,0.0,1.0345793011476758,0.0,0.15026145790439197,0.0,0.24796628312469046,0.0,0.0,0.0,0.0,0.0,0.0,0.0,1.050028606154495e-08
5338.0,0.887472052688712,0.0,0.250749196,0.0,0.0,0.0,0.9661159410545829,0.0,0.07864388836587086,0.0,0.3831982175163244,0.0,0.0,0.0,0.0,0.0,0.0,0.0,1.0500429095239959e-08
5339.0,0.899756981126201,0.0,0.233134475,0.0,0.0,0.0,0.8982478759648391,0.0,0.0,0.0015091051613618164,0.4539724972344486,0.0,0.0,0.0,0.0,0.0,-1.1102230246251565e-16,0.0,1.1667302367648169e-08
5340.0,0.9344532850259107,0.017975931,0.163373143,0.0,0.0,0.03528378824568522,0.6294632258461555,0.0,0.0,0.26970627093407,0.4524572081959212,0.0,0.0,0.0,0.0,6.938893903907228e-18,0.0,0.0,1.1667461298305735e-08
5341.0,0.9876744130345132,0.265244973,0.073788238,0.0,0.0,0.520632141977208,0.2842999863262953,0.0,0.0,0.18274228473100995,0.1827447740254983,0.0,0.0,0.0,0.0,0.0,0.0,0.0,1.1667620231128236e-08
5342.0,1.0507650259949,0.478024866,0.054774421,0.0,0.0,0.9382839836287785,0.11248104236612133,0.0,0.0,0.0,0.0,0.0,0.0,0.0,0.0,0.0,0.09856027754357402,0.0,1.05e-08
5343.0,1.1159927068619653,0.621614162,0.064909364,0.0,0.0,1.220126093192451,0.0,0.0,0.10413338633048559,0.0,0.0,0.0,0.0,0.0,0.0,0.0,0.2500904181727245,0.0,1.0488849676373803e-08
5344.0,1.173599320915535,0.68857002,0.069482604,0.0,0.0,1.351549401141295,0.0,0.0,0.17795008022575975,0.0,0.09372004769743704,0.0,0.0,0.0,0.0,0.0,0.26771073415678237,0.0,1.048899255428368e-08
5345.0,1.2193963863665682,0.701316327,0.067200556,0.0,0.0,1.376568299862173,0.0,0.0,0.15717191349560497,0.0,0.2538738432742471,0.0,0.0,0.0,0.0,0.0,0.2589181917031199,0.0,1.0489135434139824e-08
5346.0,1.252330358715981,0.696151834,0.067452246,0.0,0.0,1.3664312517499877,0.0,0.0,0.1141008930340066,0.0,0.3953251072269607,0.0,0.0,0.0,0.0,2.220446049250313e-16,0.2598879324842789,0.0,1.0489278315942258e-08
5347.0,1.2782235702666378,0.68200698,0.071116266,0.0,0.0,1.3386672358944456,0.0,0.0,0.06044366562780786,0.0,0.4980105259575535,0.0,0.0,0.0,0.0,0.0,0.27400509890718866,0.0,1.0489421199691014e-08
5348.0,1.2966713057536463,0.670333425,0.077460293,0.0,0.0,1.3157539724482097,0.0,0.0,0.019082666694563478,0.0,0.5524030412725991,0.0,0.0,0.0,0.0,0.0,0.298448110940538,0.0,1.0489564085386117e-08
5349.0,1.3014636484141135,0.644555439,0.0872495,0.0,0.0,1.2651560368295072,0.03630761158460644,0.0,0.0,0.0,0.569569916629199,0.0,0.0,0.0,0.0,0.0,0.29985750536772,0.0,1.05e-08
5350.0,1.2916712520842133,0.606564403,0.100324243,0.0,0.0,1.1905858980445838,0.10108535403962964,0.0,0.0,0.0,0.5695621581186656,0.0,0.0,0.0,0.0,0.0,0.285455667757041,0.0,1.05e-08
5351.0,1.2659557726340118,0.524527358,0.12109555,0.0,0.0,1.0295607069664834,0.23639506566752833,0.0,0.0,0.0,0.5695543997138164,0.0,0.0,0.0,0.0,0.0,0.23017608635232611,0.0,1.05e-08
5352.0,1.2329297222084596,0.37719377,0.190592673,0.0,0.0,0.7403691696564532,0.4925605525520066,0.0,0.0,0.0,0.56954664141465,0.0,0.0,0.0,0.0,-1.1102230246251565e-16,0.24177727413240424,0.0,1.05e-08
5353.0,1.1984304225646762,0.136401936,0.335803899,0.0,0.0,0.2677345071098408,0.9306959154548354,0.0,0.0,0.0,0.5695388832211645,0.0,0.0,0.0,0.0,0.0,0.36312877099473984,0.0,1.05e-08
5354.0,1.1443163513525818,0.00306786,0.395517943,0.0,0.0,0.006021703276865485,1.1382946480757163,0.0,0.0,0.0,0.569531125133359,0.0,0.0,0.0,0.0,0.0,0.3856033177044724,0.0,1.05e-08
5355.0,1.0855940936322992,0.0,0.40614298,0.0,0.0,0.0,1.0855940936322992,0.0,0.0,0.0,0.5695233671512319,0.0,0.0,0.0,0.0,0.0,0.4792412621126205,0.0,1.05e-08
5356.0,1.0256512660655168,0.0,0.39758947,0.0,0.0,0.0,1.0256512660655168,0.0,0.0,0.0,0.5695156092747815,0.0,0.0,0.0,0.0,0.0,0.5062281221437392,0.0,1.05e-08
5357.0,0.961003891213191,0.0,0.384622707,0.0,0.0,0.0,0.961003891213191,0.0,0.0,0.0,0.5695078515040067,0.0,0.0,0.0,0.0,0.0,0.520915630172896,0.0,1.05e-08
5358.0,0.915765718270818,0.0,0.370453308,0.0,0.0,0.0,0.915765718270818,0.0,0.0,0.0,0.5695000938389059,0.0,0.0,0.0,0.0,0.0,0.5115602791182353,0.0,1.05e-08
5359.0,0.8792492663543983,0.0,0.352909363,0.0,0.0,0.0,0.8792492663543983,0.0,0.0,0.0,0.5694923362794777,0.0,0.0,0.0,0.0,0.0,0.48048136002702524,0.0,1.05e-08
5360.0,0.8569663719286512,0.0,0.335852142,0.0,0.0,0.0,0.8569663719286512,0.0,0.0,0.0,0.5694845788257206,0.0,0.0,0.0,0.0,0.0,0.43704419081519663,0.0,1.05e-08
5361.0,0.8466900303613669,0.0,0.316294271,0.0,0.0,0.0,0.8466900303613669,0.0,0.0,0.0,0.5694768214776332,0.0,0.0,0.0,0.0,0.0,0.37196567084111365,0.0,1.05e-08
5362.0,0.8459876673619776,0.0,0.300571515,0.0,0.0,0.0,0.8459876673619776,0.0,0.0,0.0,0.5694690642352142,0.0,0.0,0.0,0.0,0.0,0.3120895536251106,0.0,1.05e-08
5363.0,0.8515209173327762,0.0,0.283124911,0.0,0.0,0.0,0.8515209173327762,0.0,0.0,0.0,0.5694613070984618,0.0,0.0,0.0,0.0,0.0,0.2393359794796066,0.0,1.05e-08
5364.0,0.8871123057865857,0.014179718,0.200512468,0.0,0.0,0.027832448138320687,0.7725579774740212,0.0,0.0,0.08672188017424377,0.5694535500673749,0.0,0.0,0.0,0.0,0.0,0.0,0.0,1.1657611690258272e-08
5365.0,0.9460144369579315,0.270669856,0.103393372,0.0,0.0,0.5312802927199771,0.3983661223327972,0.0,0.0,0.016368021905157164,0.4827239129677081,0.0,0.0,0.0,0.0,0.0,0.0,0.0,1.1657770488910541e-08
5366.0,1.014758215523159,0.506611983,0.111220984,0.0,0.0,0.9943957801628567,0.020362435360302245,0.0,0.0,0.0,0.4663493155422257,0.0,0.0,0.0,0.0,0.0,0.40816282947116184,0.0,1.05e-08
5367.0,1.0857075852145175,0.640210158,0.147438347,0.0,0.0,1.2566269667817862,0.0,0.0,0.17091938156726869,0.0,0.4663429630717542,0.0,0.0,0.0,0.0,0.0,0.5680677730246326,0.0,1.0492279283434066e-08
5368.0,1.1507125656183619,0.709970957,0.167481223,0.0,0.0,1.3935559113669544,0.0,0.0,0.24284334574859254,0.0,0.620164054098356,0.0,0.0,0.0,0.0,0.0,0.6452913187710378,0.0,1.0492422208061657e-08
5369.0,1.203901573367846,0.723768469,0.178227756,0.0,0.0,1.4206381521546667,0.0,0.0,0.2167365787868208,0.0,0.8387146175833936,0.0,0.0,0.0,0.0,0.0,0.6866968227885626,0.0,1.0492565134636152e-08
5370.0,1.2442296293663173,0.719785393,0.184306797,0.0,0.0,1.4128200307928036,0.0,0.0,0.16859040142648632,0.0,1.033766113772626,0.0,0.0,0.0,0.0,2.220446049250313e-16,0.7101188656509628,0.0,1.0492708063157577e-08
5371.0,1.2725061641435602,0.706803078,0.189248991,0.0,0.0,1.3873378872866464,0.0,0.0,0.11483172314308618,0.0,1.1854833934045919,0.0,0.0,0.0,0.0,0.0,0.7291607309225242,0.0,1.0492850993625957e-08
5372.0,1.292592032845608,0.694327666,0.196205923,0.0,0.0,1.3628507107790329,0.0,0.0,0.07025867793342505,0.0,1.2888157959342295,0.0,0.0,0.0,0.0,0.0,0.7559652152967542,0.0,1.0492993926041318e-08
5373.0,1.3037763070706392,0.670705487,0.207343891,0.0,0.0,1.3164842687996068,0.0,0.0,0.012707961728967529,0.0,1.3520310502121846,0.0,0.0,0.0,0.0,-2.220446049250313e-16,0.7988788860379191,0.0,1.0493136860403689e-08
5374.0,1.3005407263021111,0.630703019,0.222514898,0.0,0.0,1.2379660206923573,0.06257470560975391,0.0,0.0,0.0,1.3634497988068988,0.0,0.0,0.0,0.0,-2.220446049250313e-16,0.7947568173193745,0.0,1.05e-08
5375.0,1.2804120305879056,0.542163539,0.240943538,0.0,0.0,1.0641776219883856,0.21623440859952014,0.0,0.0,0.0,1.3634312263027744,0.0,0.0,0.0,0.0,0.0,0.7121011420990777,0.0,1.05e-08
5376.0,1.253321804047436,0.388385128,0.289464524,0.0,0.0,0.7623359599080209,0.49098584413941504,0.0,0.0,0.0,1.3634126540516391,0.0,0.0,0.0,0.0,0.0,0.6242970579289007,0.0,1.05e-08
5377.0,1.2196105214273578,0.143196279,0.382314077,0.0,0.0,0.2810706820028438,0.9385398394245141,0.0,0.0,0.0,1.3633940820534896,0.0,0.0,0.0,0.0,0.0,0.5344847212575039,0.0,1.05e-08
5378.0,1.1591987380774464,0.002929749,0.432781468,0.0,0.0,0.005750614158955552,1.153448123918491,0.0,0.0,0.0,1.363375510308322,0.0,0.0,0.0,0.0,0.0,0.5140231258310148,0.0,1.05e-08
5379.0,1.0912322697828847,0.0,0.437252969,0.0,0.0,0.0,1.0912322697828847,0.0,0.0,0.0,1.3633569388161333,0.0,0.0,0.0,0.0,0.0,0.5934673039870162,0.0,1.05e-08
5380.0,1.0248504009381645,0.0,0.423260052,0.0,0.0,0.0,1.0248504009381645,0.0,0.0,0.0,1.36333836757692,0.0,0.0,0.0,0.0,0.0,0.6059356194038177,0.0,1.05e-08
5381.0,0.9648604636580084,0.0,0.394560279,0.0,0.0,0.0,0.9648604636580084,0.0,0.0,0.0,1.3633197965906785,0.0,0.0,0.0,0.0,0.0,0.5553477018303618,0.0,1.05e-08
5382.0,0.9200034511238406,0.0,0.367458039,0.0,0.0,0.0,0.9200034511238405,0.0,0.0,0.0,1.3633012258574053,0.0,0.0,0.0,0.0,0.0,0.4957820222084711,0.0,1.05e-08
5383.0,0.8911209141245636,0.0,0.340630627,0.0,0.0,0.0,0.8911209141245636,0.0,0.0,0.0,1.3632826553770971,0.0,0.0,0.0,0.0,0.0,0.4213007566357191,0.0,1.05e-08
5384.0,0.8795233592322087,0.0,0.318126169,0.0,0.0,0.0,0.8795233592322087,0.0,0.0,0.0,1.3632640851497504,0.0,0.0,0.0,0.0,0.0,0.3461904936549778,0.0,1.05e-08
5385.0,0.8943650602955234,0.0,0.292056149,0.0,0.0,0.0,0.8943650602955234,0.0,0.0,0.0,1.3632455151753617,0.0,0.0,0.0,0.0,0.0,0.2309031588373206,0.0,1.05e-08
5386.0,0.9298986322829198,0.0,0.273981854,0.0,0.0,0.0,0.9298986322829198,0.0,0.0,0.0,1.3632269454539276,0.0,0.0,0.0,0.0,0.0,0.12573082109761813,0.0,1.05e-08
5387.0,0.9696014139038861,0.0,0.252884021,0.0,0.0,0.0,0.9696014139038861,0.0,0.0,0.0,1.3632083759854448,0.0,0.0,0.0,0.0,0.0,0.004739831545538586,0.0,1.05e-08
5388.0,1.0107988582491627,0.008857383,0.168249721,0.0,0.0,0.017385582208951072,0.6482522780894021,0.0,0.0,0.34516099795080957,1.3631898067699098,0.0,0.0,0.0,0.0,3.469446951953614e-18,0.0,0.0,1.1661423454998192e-08
5389.0,1.065114216418399,0.263969153,0.113324132,0.0,0.0,0.5181279177053407,0.43662852036173133,0.0,0.0,0.11035777835132697,1.0180102398565092,0.0,0.0,0.0,0.0,1.1102230246251565e-16,0.0,0.0,1.1661582305573883e-08
5390.0,1.1272026772942914,0.534822834,0.138980435,0.0,0.0,1.049769028586795,0.0774336487074961,0.0,0.0,0.0,0.9076385944750981,0.0,0.0,0.0,0.0,0.0,0.45804648797936404,0.0,1.05e-08
5391.0,1.1908992924767123,0.682342409,0.158453553,0.0,0.0,1.3393256277077799,0.0,0.0,0.14842633523106738,0.0,0.9076262308944558,0.0,0.0,0.0,0.0,0.0,0.6105084519195715,0.0,1.0495710011895147e-08
5392.0,1.2497543139346843,0.745855471,0.158724875,0.0,0.0,1.463991294840296,0.0,0.0,0.21423698090561158,0.0,1.0411975691901871,0.0,0.0,0.0,0.0,0.0,0.611553833175186,0.0,1.0495852983255728e-08
5393.0,1.302324471358487,0.752972622,0.158233371,0.0,0.0,1.4779610886048897,0.0,0.0,0.1756366172464026,0.0,1.2339966691243094,0.0,0.0,0.0,0.0,0.0,0.609660108859946,0.0,1.0495995956563852e-08
5394.0,1.3441707449379554,0.748858269,0.160738682,0.0,0.0,1.469885292140161,0.0,0.0,0.12571454720220582,0.0,1.392052815513644,0.0,0.0,0.0,0.0,2.220446049250313e-16,0.6193128652117526,0.0,1.0496138931819539e-08
5395.0,1.3715778913683934,0.737972069,0.163877243,0.0,0.0,1.448517476720744,0.0,0.0,0.07693958535235083,0.0,1.5051769458697926,0.0,0.0,0.0,0.0,2.220446049250313e-16,0.6314054815090038,0.0,1.0496281909022817e-08
5396.0,1.3893703735693863,0.730823613,0.167933476,0.0,0.0,1.4344862364034778,0.0,0.0,0.04511586283409155,0.0,1.5744020696181047,0.0,0.0,0.0,0.0,0.0,0.647033812225293,0.0,1.0496424888173714e-08
5397.0,1.3950299632260506,0.7128674,0.172340642,0.0,0.0,1.3992411513402108,0.0,0.0,0.004211188114160156,0.0,1.6149849001361154,0.0,0.0,0.0,0.0,0.0,0.6640142588045664,0.0,1.049656786927226e-08
5398.0,1.3829634525505667,0.675596251,0.18034795,0.0,0.0,1.3260840320238658,0.056879420526700926,0.0,0.0,0.0,1.6187529705990453,0.0,0.0,0.0,0.0,0.0,0.6379863346221805,0.0,1.05e-08
5399.0,1.3543871286882188,0.584425095,0.198401179,0.0,0.0,1.1471300873064358,0.20725704138178297,0.0,0.0,0.0,1.6187309204317057,0.0,0.0,0.0,0.0,0.0,0.5571663139613934,0.0,1.05e-08
5400.0,1.3217315319178322,0.42315405,0.247833954,0.0,0.0,0.8305816202512178,0.49114991166661437,0.0,0.0,0.0,1.618708870564727,0.0,0.0,0.0,0.0,1.1102230246251565e-16,0.46373384275223606,0.0,1.05e-08
5401.0,1.2797225156921637,0.152146988,0.334288968,0.0,0.0,0.29863944775994133,0.9810830679322222,0.0,0.0,0.0,1.618686820998105,0.0,0.0,0.0,0.0,5.551115123125783e-17,0.3069047145031214,0.0,1.05e-08
5402.0,1.209505487908705,0.002264355,0.379128727,0.0,0.0,0.004444555463250195,1.2050609324454549,0.0,0.0,0.0,1.6186647717318354,0.0,0.0,0.0,0.0,8.673617379884035e-19,0.2556907377869435,0.0,1.05e-08
5403.0,1.1307359057973168,0.0,0.365392958,0.0,0.0,0.0,1.1307359057973168,0.0,0.0,0.0,1.6186427227659144,0.0,0.0,0.0,0.0,0.0,0.27709298101150726,0.0,1.05e-08
5404.0,1.0528228639290864,0.0,0.330395311,0.0,0.0,0.0,1.0528228639290864,0.0,0.0,0.0,1.6186206741003377,0.0,0.0,0.0,0.0,0.0,0.22016297968967669,0.0,1.05e-08
5405.0,0.9855823134906005,0.0,0.292159527,0.0,0.0,0.0,0.9855823134906005,0.0,0.0,0.0,1.6185986257351013,0.0,0.0,0.0,0.0,0.0,0.1400842125375299,0.0,1.05e-08
5406.0,0.9355325257322894,0.0,0.259094594,0.0,0.0,0.0,0.9355325257322894,0.0,0.0,0.0,1.6185765776702012,0.0,0.0,0.0,0.0,0.0,0.0627375445113858,0.0,1.05e-08
5407.0,0.9027655787302923,0.0,0.231921593,0.0,0.0,0.0,0.8935747417992637,0.0,0.0,0.009190836931028564,1.618554529905633,0.0,0.0,0.0,0.0,0.0,0.0,0.0,1.1664441985982278e-08
5408.0,0.889191557226851,0.0,0.215051144,0.0,0.0,0.0,0.8285742952508792,0.0,0.0,0.06061726197597168,1.6093416455103644,0.0,0.0,0.0,0.0,0.0,1.1102230246251565e-16,0.0,1.1664600877676052e-08
5409.0,0.900001095095501,0.0,0.1959753,0.0,0.0,0.0,0.7550766439265241,0.0,0.0,0.14492445116897693,1.5487024615653002,0.0,0.0,0.0,0.0,0.0,-1.1102230246251565e-16,0.0,1.1664759771534232e-08
5410.0,0.935117103714358,0.0,0.181651528,0.0,0.0,0.0,0.6998883335112386,0.0,0.0,0.23522877020311939,1.403756914436003,0.0,0.0,0.0,0.0,0.0,-1.1102230246251565e-16,0.0,1.1664918667556846e-08
5411.0,0.9744215941222559,0.0,0.173990969,0.0,0.0,0.0,0.6703728324234935,0.0,0.0,0.30404876169876244,1.1685090226773223,0.0,0.0,0.0,0.0,0.0,0.0,0.0,1.1665077565743922e-08
5412.0,1.0160644393939744,0.009646083,0.135685786,0.0,0.0,0.0189336702489737,0.5227861262180109,0.0,0.0,0.4743446429269898,0.8644443438992055,0.0,0.0,0.0,0.0,0.0,0.0,0.0,1.1665236466095491e-08
5413.0,1.0685468014428534,0.266866402,0.105463722,0.0,0.0,0.5238147397236843,0.40634300987808114,0.0,0.0,0.13838905184108796,0.39008792577069645,0.0,0.0,0.0,0.0,0.0,0.0,0.0,1.1665395368611584e-08
5414.0,1.1297765807249802,0.546733759,0.112908111,0.0,0.0,1.0731482101997107,0.056628370525269534,0.0,0.0,0.0,0.25169356026891004,0.0,0.0,0.0,0.0,0.0,0.3783972552855518,0.0,1.05e-08
5415.0,1.195659514878061,0.685736723,0.116216793,0.0,0.0,1.345988106352995,0.0,0.0,0.15032859147493408,0.0,0.25169013177474014,0.0,0.0,0.0,0.0,0.0,0.4477737042695868,0.0,1.0499141862123707e-08
5416.0,1.2545466565951515,0.746334488,0.114830916,0.0,0.0,1.4649315262193596,0.0,0.0,0.21038486962420802,0.0,0.38698243565471285,0.0,0.0,0.0,0.0,0.0,0.44243403465788084,0.0,1.0499284880232559e-08
5417.0,1.3090504536178826,0.75257377,0.114983954,0.0,0.0,1.4771782079012772,0.0,0.0,0.16812775428339452,0.0,0.5763235469578564,0.0,0.0,0.0,0.0,0.0,0.44302367743139986,0.0,1.0499427900289589e-08
5418.0,1.3528367908481034,0.744232203,0.117276186,0.0,0.0,1.4608050874400786,0.0,0.0,0.10796829659197534,0.0,0.7276306753064518,0.0,0.0,0.0,0.0,0.0,0.45185545799589444,0.0,1.049957092229482e-08
5419.0,1.3797342958338623,0.731072306,0.121686856,0.0,0.0,1.4349743797519465,0.0,0.0,0.05524008391808423,0.0,0.8247922306724599,0.0,0.0,0.0,0.0,0.0,0.46884940519774787,0.0,1.0499713946248285e-08
5420.0,1.3973340564801449,0.719363717,0.126270233,0.0,0.0,1.411992350340966,0.0,0.0,0.014658293860821046,0.0,0.8744970711264071,0.0,0.0,0.0,0.0,0.0,0.48650877820551996,0.0,1.049985697215e-08
5421.0,1.4044197856416667,0.701565834,0.129759566,0.0,0.0,1.37705804095841,0.21628790409250268,0.0,0.18892615940924573,0.0,0.8876776234643922,0.0,0.0,0.0,0.0,0.0,0.2836649859535505,0.0,1.05e-08
5422.0,1.389475299749173,0.659029615,0.134241308,0.0,0.0,1.2935664574644539,0.5172206717935721,0.0,0.42131182950885293,0.0,1.0576990752544297,0.0,0.0,0.0,0.0,0.0,1.1102230246251565e-16,0.0,1.0500143029798309e-08
5423.0,1.3590531316628203,0.566411444,0.148087604,0.0,0.0,1.1117722609209386,0.5705693066189469,0.0,0.3232884358770653,0.0,1.436865314152904,0.0,0.0,0.0,0.0,2.220446049250313e-16,0.0,0.0,1.050028606154495e-08
5424.0,1.3292091282405987,0.396203474,0.190880998,0.0,0.0,0.7776820838275831,0.7354487190946284,0.0,0.1839216746816129,0.0,1.7278053338940131,0.0,0.0,0.0,0.0,0.0,1.1102230246251565e-16,0.0,1.0500429095239959e-08
5425.0,1.2884677915748037,0.137174799,0.276933755,0.0,0.0,0.2692515097304519,1.0670028841153465,0.0,0.04778660227099463,0.0,1.893311305461548,0.0,0.0,0.0,0.0,0.0,0.0,0.0,1.050057213088335e-08
5426.0,1.2181137173524397,0.001970763,0.324269801,0.0,0.0,0.0038682827818170497,1.2493847595375633,0.0,0.03513932496694058,0.0,1.9362934573868338,0.0,0.0,0.0,0.0,0.0,0.0,0.0,1.050071516847516e-08
5427.0,1.1406396523588276,0.0,0.322853421,0.0,0.0,0.0,1.2439275643863137,0.0,0.10328791202748608,0.0,1.967892474248492,0.0,0.0,0.0,0.0,0.0,0.0,0.0,1.0500858208015414e-08
5428.0,1.0612083929096001,0.0,0.306461438,0.0,0.0,0.0,1.1807706078160691,0.0,0.119562214906469,0.0,2.060824789032313,0.0,0.0,0.0,0.0,0.0,0.0,0.0,1.0501001249504134e-08
5429.0,0.9964368197220163,0.0,0.288956287,0.0,0.0,0.0,1.1133247068861711,0.0,0.11688788716415491,0.0,2.1684027105111063,0.0,0.0,0.0,0.0,0.0,0.0,0.0,1.0501144292941347e-08
5430.0,0.9486975492696229,0.0,0.274889725,0.0,0.0,0.0,1.059127405356109,0.0,0.1104298560864862,0.0,2.273572271627644,0.0,0.0,0.0,0.0,0.0,0.0,0.0,1.0501287338327084e-08
5431.0,0.9179991469548516,0.0,0.264510376,0.0,0.0,0.0,1.0191366309622845,0.0,0.10113748400743273,0.0,2.3729281721860693,0.0,0.0,0.0,0.0,0.0,0.0,0.0,1.0501430385661367e-08
5432.0,0.9038084164763368,0.0,0.261583929,0.0,0.0,0.0,1.0078612723870515,0.0,0.10405285591071473,0.0,2.463919584477076,0.0,0.0,0.0,0.0,0.0,0.0,0.0,1.0501573434944228e-08
5433.0,0.9127956649776687,0.0,0.246756923,0.0,0.0,0.0,0.9507340429353888,0.0,0.03793837795772009,0.0,2.557533592023315,0.0,0.0,0.0,0.0,0.0,0.0,0.0,1.0501716486175687e-08
5434.0,0.9515326974744749,0.0,0.225498945,0.0,0.0,0.0,0.8688288095467737,0.0,0.0,0.08270388792770117,2.591643294229933,0.0,0.0,0.0,0.0,0.0,0.0,0.0,1.1668732821506416e-08
5435.0,0.9882911220095867,0.0,0.197528357,0.0,0.0,0.0,0.7610604442696621,0.0,0.0,0.22723067773992456,2.5089041037147704,0.0,0.0,0.0,0.0,0.0,0.0,0.0,1.1668891771649462e-08
5436.0,1.03177981150531,0.009799553,0.127264758,0.0,0.0,0.019234906551119348,0.4903406008857303,0.0,0.0,0.5222043040684604,2.2816392504358167,0.0,0.0,0.0,0.0,0.0,0.0,0.0,1.1669050723957708e-08
5437.0,1.086429220369378,0.236451672,0.089686921,0.0,0.0,0.46411564025174645,0.3455562987416439,0.0,0.0,0.27675728137598754,1.7594038665619791,0.0,0.0,0.0,0.0,5.551115123125783e-17,5.551115123125783e-17,0.0,1.1669209678431185e-08
5438.0,1.151132270337509,0.517404725,0.093106191,0.0,0.0,1.0155801529398947,0.35873046363017147,0.0,0.223178346232557,0.0,1.4826226191143423,0.0,0.0,0.0,0.0,0.0,0.0,0.0,1.0502431771562929e-08
5439.0,1.2172486117068504,0.65633524,0.08936963,0.0,0.0,1.2882778436533266,0.3443338027259313,0.0,0.4153630346724076,0.0,1.6834629348831127,0.0,0.0,0.0,0.0,0.0,0.0,0.0,1.0502574834486551e-08
5440.0,1.2800908279967216,0.710696919,0.078642285,0.0,0.0,1.3949808550587395,0.30300222848753505,0.0,0.41789225554955284,0.0,2.0572667344612197,0.0,0.0,0.0,0.0,0.0,0.0,0.0,1.050271789935896e-08
5441.0,1.3362969987527284,0.711471302,0.072972833,0.0,0.0,1.396500841188696,0.2811582982113088,0.0,0.3413621406472764,0.0,2.4333417409855405,0.0,0.0,0.0,0.0,0.0,0.0,0.0,1.0502860966180182e-08
5442.0,1.3803659942631912,0.698043591,0.07172981,0.0,0.0,1.3701444587822296,0.2763690332622898,0.0,0.2661474977813281,0.0,2.7405345213168966,0.0,0.0,0.0,0.0,0.0,5.551115123125783e-17,0.0,1.0503004034950245e-08
5443.0,1.414777498532051,0.67490455,0.073312809,0.0,0.0,1.3247263370252964,0.28246819765830833,0.0,0.1924170361515537,0.0,2.9800299385810027,0.0,0.0,0.0,0.0,2.220446049250313e-16,0.0,0.0,1.0503147105669174e-08
5444.0,1.43560427454443,0.644394457,0.074643953,0.0,0.0,1.264840055710122,0.2875969855417963,0.0,0.11683276670748853,0.0,3.153164678043587,0.0,0.0,0.0,0.0,0.0,0.0,0.0,1.0503290178336998e-08
5445.0,1.445580827026609,0.601497832,0.077052965,0.0,0.0,1.180641054670645,0.29687870980061226,0.0,0.031938937444648194,0.0,3.2582712166170316,0.0,0.0,0.0,0.0,0.0,-5.551115123125783e-17,0.0,1.0503433252953738e-08
5446.0,1.4330239470619175,0.540359292,0.083913084,0.0,0.0,1.0606361826553732,0.3233101816823064,0.0,0.0,0.049077582724237796,3.2869718771241843,0.0,0.0,0.0,0.0,2.220446049250313e-16,0.0,0.0,5.620576479864556
5447.0,1.4019336775859015,0.449136724,0.100522422,0.0,0.0,0.8815813246600005,0.3873045891146782,0.0,0.0,0.13304776381122266,3.237849520255128,0.0,0.0,0.0,0.0,0.0,-5.551115123125783e-17,0.0,5.620653042714107
5448.0,1.3688369625902888,0.314551739,0.146899461,0.0,0.0,0.6174131927402283,0.5659914897770042,0.0,0.0,0.1854322800730564,3.1047576514290953,0.0,0.0,0.0,0.0,0.0,-1.1102230246251565e-16,0.0,5.620729606606589
5449.0,1.3263846867887863,0.123009018,0.232168343,0.0,0.0,0.2414464176248608,0.8945254491684518,0.0,0.0,0.1904128199954738,2.9192830792787383,0.0,0.0,0.0,0.0,0.0,0.0,0.0,5.620806171542015
5450.0,1.2532061711146099,0.001586908,0.280148031,0.0,0.0,0.003114838716135695,1.0793872240537652,0.0,0.0,0.17070410834470903,2.728830493684944,0.0,0.0,0.0,0.0,0.0,0.0,0.0,5.6208827375204
5451.0,1.1726935296083958,0.0,0.285751544,0.0,0.0,0.0,1.1009770968093555,0.0,0.0,0.07171643279904029,2.558089214029899,0.0,0.0,0.0,0.0,0.0,0.0,0.0,5.62095930454176
5452.0,1.0967719438055068,0.0,0.274766937,0.0,0.0,0.0,1.0586543133340307,0.0,0.0,0.0381176304714762,2.4863379357070117,0.0,0.0,0.0,0.0,0.0,0.0,0.0,5.621035872606106
5453.0,1.0283729226881504,0.0,0.257926395,0.0,0.0,0.0,0.9937690959864175,0.0,0.0,0.03460382670173291,2.4481864370860773,0.0,0.0,0.0,0.0,0.0,0.0,0.0,5.621112441713453
5454.0,0.9780062150398708,0.0,0.24064513,0.0,0.0,0.0,0.927185809322206,0.0,0.0,0.05082040571766492,2.4135492619231544,0.0,0.0,0.0,0.0,0.0,-1.1102230246251565e-16,0.0,5.621189011863815
5455.0,0.9437381812617399,0.0,0.221820909,0.0,0.0,0.0,0.8546576406335435,0.0,0.0,0.08908054062819629,2.3626959795615083,0.0,0.0,0.0,0.0,0.0,1.1102230246251565e-16,0.0,5.621265583057208
5456.0,0.9289457312624069,0.0,0.204962871,0.0,0.0,0.0,0.7897050126430477,0.0,0.0,0.13924071861935913,2.2735832549974875,0.0,0.0,0.0,0.0,0.0,0.0,0.0,5.621342155293645
5457.0,0.9406225161272539,0.0,0.181076572,0.0,0.0,0.0,0.6976730755328839,0.0,0.0,0.24294944059437,2.134311566309104,0.0,0.0,0.0,0.0,0.0,0.0,0.0,5.62141872857314
5458.0,0.9778734513021814,0.0,0.159387546,0.0,0.0,0.0,0.6141070498035439,0.0,0.0,0.3637664014986374,1.8913330527628711,0.0,0.0,0.0,0.0,0.0,0.0,0.0,5.621495302895707
5459.0,1.020201528768426,0.0,0.14034583,0.0,0.0,0.0,0.540740890844318,0.0,0.0,0.47946063792410804,1.5275408880927888,0.0,0.0,0.0,0.0,0.0,0.0,0.0,5.621571878261362
5460.0,1.060298318901245,0.011267243,0.09618878,0.0,0.0,0.022115739992809223,0.3706074244345423,0.0,0.0,0.547828646187364,1.0480594424649654,0.0,0.0,0.0,0.11974650828652934,0.0,0.0,0.0,5.62341
5461.0,1.1140911875221553,0.212323684,0.06534288,0.0,0.0,0.41675637861537096,0.2517607195135999,0.0,0.0,0.44557408939318444,0.500216519926294,0.0,0.0,0.0,0.0,0.0,0.0,0.0,5.6217250321219865
5462.0,1.179650777733444,0.484365493,0.055574283,0.0,0.0,0.9507295888334755,0.21412312212948711,0.0,0.0,0.014798066770481323,0.05463561673374017,0.0,0.0,0.0,0.0,1.1102230246251565e-16,2.7755575615628914e-17,0.0,5.621801610616986
5463.0,1.2452125092953408,0.626881809,0.053922113,0.0,0.0,1.230465615596104,0.20775744758378628,0.0,0.19301055388454944,0.0,0.03983680573327839,0.0,0.0,0.0,0.0,0.0,0.0,0.0,5.059690371139617
5464.0,1.3048876680361363,0.696539103,0.05044919,0.0,0.0,1.367191396934686,0.19437656211783605,0.0,0.25668029101638573,0.0,0.21354576158435626,0.0,0.0,0.0,0.0,0.0,0.0,0.0,5.059759293662787
5465.0,1.3607405159418409,0.702370909,0.048533795,0.0,0.0,1.3786382704231255,0.18699670338873273,0.0,0.20489445787001734,0.0,0.44455511464280284,0.0,0.0,0.0,0.0,0.0,0.0,0.0,5.059828217124812
5466.0,1.407004395825395,0.683988263,0.048611491,0.0,0.0,1.34255616770147,0.18729605965927557,0.0,0.12284783153535059,0.0,0.6289540711294134,0.0,0.0,0.0,0.0,0.0,0.0,0.0,5.059897141525705
5467.0,1.4410968388536787,0.659708718,0.051314701,0.0,0.0,1.2948994246664869,0.19771130451221683,0.0,0.0515138903250249,0.0,0.7395085520875583,0.0,0.0,0.0,0.0,0.0,0.0,0.0,5.059966066865477
5468.0,1.4636688156114914,0.635286376,0.056125268,0.0,0.0,1.2469623946683353,0.2162460218247745,0.0,0.0,0.0004603991183818359,0.7858609800164368,0.0,0.0,0.0,0.0,0.0,0.0,0.0,5.622261103493492
5469.0,1.4691121288567583,0.597262703,0.062944825,0.0,0.0,1.1723281948343915,0.2425212116707685,0.0,0.0,0.054262722351598146,0.7853898761355435,0.0,0.0,0.0,0.0,2.220446049250313e-16,2.7755575615628914e-17,0.0,5.622337689290794
5470.0,1.4537286660896465,0.53617808,0.071967907,0.0,0.0,1.052429152998978,0.27728640133718996,0.0,0.0,0.12401311175347864,0.7311164554386695,0.0,0.0,0.0,0.0,0.0,-5.551115123125783e-17,0.0,5.622414276131339
5471.0,1.4225420358362753,0.437313052,0.091856013,0.0,0.0,0.858373406297695,0.353913631057134,0.0,0.0,0.21025499848144616,0.6070933846361699,0.0,0.0,0.0,0.0,-1.1102230246251565e-16,0.0,0.0,5.62249086401514
5472.0,1.3902012176052492,0.297842195,0.154775311,0.0,0.0,0.584615113342952,0.5963364893053564,0.0,0.0,0.2092496149569408,0.3968301165107662,0.0,0.0,0.0,0.0,0.0,0.0,0.0,5.6225674529422145
5473.0,1.3449865995195631,0.118118062,0.269926769,0.0,0.0,0.23184627753626325,1.0400055458134272,0.0,0.0,0.07313477616987286,0.1875750960530274,0.0,0.0,0.0,0.0,0.0,-2.220446049250313e-16,0.0,5.622644042912574
5474.0,1.2706924401786739,0.002961813,0.334072353,0.0,0.0,0.005813550503465867,1.2871531827320946,0.0,0.02227429305688652,0.0,0.11443776479146862,0.0,0.0,0.0,0.0,0.0,0.0,0.0,5.060448570533611
5475.0,1.1919442715733646,0.0,0.341380969,0.0,0.0,0.0,1.315312676510278,0.0,0.12336840493691358,0.0,0.13448306970576585,0.0,0.0,0.0,0.0,0.0,2.220446049250313e-16,0.0,5.060517503384886
5476.0,1.1176286987263964,0.0,0.324604038,0.0,0.0,0.0,1.250672547091587,0.0,0.13304384836519043,0.0,0.24551280226095745,0.0,0.0,0.0,0.0,0.0,0.0,0.0,5.060586437175157
5477.0,1.049467367526516,0.0,0.301369333,0.0,0.0,0.0,1.1611511478437082,0.0,0.11168378031719225,0.0,0.36524892148789023,0.0,0.0,0.0,0.0,0.0,0.0,0.0,5.060655371904437
5478.0,0.9961306065850873,0.0,0.278183418,0.0,0.0,0.0,1.0718177324359213,0.0,0.07568712585083386,0.0,0.46575934846212946,0.0,0.0,0.0,0.0,0.0,0.0,0.0,5.060724307572737
5479.0,0.9600060218299122,0.0,0.259212743,0.0,0.0,0.0,0.9987252885819212,0.0,0.038719266752009034,0.0,0.533871417293763,0.0,0.0,0.0,0.0,0.0,1.1102230246251565e-16,0.0,5.06079324418007
5480.0,0.9432949216859059,0.0,0.243139431,0.0,0.0,0.0,0.9367961450534055,0.0,0.0,0.006498776632500366,0.5687114851342863,0.0,0.0,0.0,0.0,0.0,0.0,0.0,5.623180201918278
5481.0,0.952380672315201,0.0,0.220605927,0.0,0.0,0.0,0.8499764153414219,0.0,0.0,0.10240425697377906,0.5622049616845488,0.0,0.0,0.0,0.0,0.0,0.0,0.0,5.623256800235434
5482.0,0.9896101939840495,0.0,0.201395477,0.0,0.0,0.0,0.7759601382171195,0.0,0.0,0.21365005576692994,0.4597930465234432,0.0,0.0,0.0,0.0,0.0,0.0,0.0,5.623333399596003
5483.0,1.0316855920785626,0.0,0.183175615,0.0,0.0,0.0,0.7057605148372119,0.0,0.0,0.2461333747929092,0.24613672759357147,0.0,0.0,0.0,0.07979170244844153,0.0,0.0,0.0,5.62341
5484.0,1.0695018438139743,0.014205502,0.122080303,0.0,0.0,0.027883057878429658,0.47036532399120284,0.0,0.0,0.0,0.0,0.0,0.0,0.0,0.5712534619443418,0.0,-5.551115123125783e-17,0.0,5.62341
5485.0,1.119500239157696,0.240006943,0.075176012,0.0,0.0,0.4710940509454694,0.2896469649223147,0.0,0.0,0.0,0.0,0.0,0.0,0.0,0.35875922328991194,0.0,0.0,0.0,5.62341
5486.0,1.1821347444386012,0.517409521,0.070015585,0.0,0.0,1.015589566697014,0.16654517774158728,0.0,0.0,0.0,0.0,0.0,0.0,0.0,0.0,0.0,0.10321908818555908,0.0,1.05e-08
5487.0,1.2437049984673834,0.662391189,0.069302602,0.0,0.0,1.3001646728886342,0.0,0.0,0.05645967442125098,0.0,0.0,0.0,0.0,0.0,0.0,0.0,0.26701720131840906,0.0,1.0499284880232559e-08
5488.0,1.2979860950268933,0.717751557,0.065922574,0.0,0.0,1.4088279461129922,0.0,0.0,0.11084185108609888,0.0,0.05081370697912588,0.0,0.0,0.0,0.0,0.0,0.25399423261460974,0.0,1.0499427900289589e-08
5489.0,1.3486440263578465,0.716650386,0.062697411,0.0,0.0,1.4066665290277636,0.0,0.0,0.058022502669917236,0.0,0.15057068078754252,0.0,0.0,0.0,0.0,0.0,0.24156794596442474,0.0,1.049957092229482e-08
5490.0,1.3905181374952176,0.693059596,0.0632267,0.0,0.0,1.360361698479158,0.03015643901605957,0.0,0.0,0.0,0.20278888216182553,0.0,0.0,0.0,0.0,0.0,0.21345081374767724,0.0,1.05e-08
5491.0,1.4219081960563387,0.661235648,0.067293176,0.0,0.0,1.2978965364592492,0.12401165959708936,0.0,0.0,0.0,0.2027861198325094,0.0,0.0,0.0,0.0,2.220446049250313e-16,0.13526338931589565,0.0,1.05e-08
5492.0,1.4381631885208634,0.62955901,0.073567322,0.0,0.0,1.2357205196772967,0.23712389908805492,0.0,0.03468123024448808,0.0,0.20278335754082089,0.0,0.0,0.0,0.0,0.0,0.046324916137241046,0.0,1.05e-08
5493.0,1.4401482205343814,0.592729139,0.079486822,0.0,0.0,1.1634295563063366,0.3062561597923054,0.0,0.029537495564260743,0.0,0.23399370250679877,0.0,0.0,0.0,0.0,0.0,0.0,0.0,1.0500143029798309e-08
5494.0,1.4187047355469289,0.540788058,0.085891269,0.0,0.0,1.0614777796080401,0.3309319650951436,0.0,0.0,0.026294990843745238,0.260574261122616,0.0,0.0,0.0,0.0,0.0,0.0,0.0,1.1666984512827723e-08
5495.0,1.3812118277533094,0.455450536,0.10066163,0.0,0.0,0.8939742964416049,0.38784094604051383,0.0,0.0,0.09939658527119055,0.23427572081445805,0.0,0.0,0.0,0.0,0.0,0.0,0.0,1.1667143439155508e-08
5496.0,1.3438623904504188,0.31888205,0.157635254,0.0,0.0,0.6259128791465658,0.6073556134616208,0.0,0.0,0.11059389784223206,0.13487594430968128,0.0,0.0,0.0,0.0,0.0,0.0,0.0,1.1667302367648169e-08
5497.0,1.2997205890192876,0.133140914,0.263204981,0.0,0.0,0.2613336586802089,1.014107051849006,0.0,0.0,0.02427987849007257,0.024280209227798607,0.0,0.0,0.0,0.0,0.0,0.0,0.0,1.1667461298305735e-08
5498.0,1.2354650813282064,0.001490271,0.322625784,0.0,0.0,0.0029251562209871387,1.2325399251072195,0.0,0.0,0.0,0.0,0.0,0.0,0.0,0.0,4.336808689942018e-19,0.010510572720229483,0.0,1.05e-08
5499.0,1.1651152898070583,0.0,0.332328362,0.0,0.0,0.0,1.1651152898070583,0.0,0.0,0.0,0.0,0.0,0.0,0.0,0.0,0.0,0.11531843965047539,0.0,1.05e-08
5500.0,1.094058852585305,0.0,0.323868936,0.0,0.0,0.0,1.094058852585305,0.0,0.0,0.0,0.0,0.0,0.0,0.0,0.0,0.0,0.15378140721750788,0.0,1.05e-08
5501.0,1.0291844945685422,0.0,0.310589525,0.0,0.0,0.0,1.0508002805005825,0.0,0.02161578593204031,0.0,0.0,0.0,0.0,0.0,0.0,0.0,0.14587550555885054,0.0,1.05e-08
5502.0,0.9782075019970129,0.0,0.295250055,0.0,0.0,0.0,1.1375740751437637,0.0,0.15936657314675073,0.0,0.01945420733883628,0.0,0.0,0.0,0.0,0.0,0.0,0.0,1.0500143029798309e-08
5503.0,0.9395561235245226,0.0,0.283536546,0.0,0.0,0.0,1.0924428924675635,0.0,0.1528867689430409,0.0,0.16288385817153583,0.0,0.0,0.0,0.0,0.0,0.0,0.0,1.050028606154495e-08
5504.0,0.9157164672068364,0.0,0.279200254,0.0,0.0,0.0,1.0757355175563097,0.0,0.16001905034947328,0.0,0.3004797314652218,0.0,0.0,0.0,0.0,0.0,0.0,0.0,1.0500429095239959e-08
5505.0,0.9066328579281493,0.0,0.266975302,0.0,0.0,0.0,1.0286337872447713,0.0,0.12200092931662207,0.0,0.4444927837349896,0.0,0.0,0.0,0.0,0.0,0.0,0.0,1.050057213088335e-08
5506.0,0.9123224264933242,0.0,0.250750872,0.0,0.0,0.0,0.9661223985441503,0.0,0.05379997205082605,0.0,0.5542875653725973,0.0,0.0,0.0,0.0,0.0,0.0,0.0,1.050071516847516e-08
5507.0,0.92240390515529,0.0,0.222318747,0.0,0.0,0.0,0.8565757693276143,0.0,0.0,0.06582813582767578,0.6026999898794115,0.0,0.0,0.0,0.0,0.0,0.0,0.0,1.1667620231128236e-08
5508.0,0.9580231311670022,0.008415936,0.147851454,0.0,0.0,0.016519094544434954,0.5696594401742303,0.0,0.0,0.3718445964483369,0.5368636442532836,0.0,0.0,0.0,0.0,-3.469446951953614e-18,0.0,0.0,1.1667779166115702e-08
5509.0,1.0107196282766706,0.240101952,0.097180802,0.0,0.0,0.47128053794508207,0.3744296032624929,0.0,0.0,0.16500948706909563,0.1650117348094437,0.0,0.0,0.0,0.0,5.551115123125783e-17,0.0,0.0,1.1667938103268163e-08
5510.0,1.0775511807490485,0.523687934,0.094415008,0.0,0.0,1.0279130560790637,0.04963812466998498,0.0,0.0,0.0,0.0,0.0,0.0,0.0,0.0,0.0,0.3141351027568179,0.0,1.05e-08
5511.0,1.1453763199034894,0.662709842,0.106778751,0.0,0.0,1.1453763199034894,0.0,0.0,0.0,0.0,0.0,0.0,0.0,0.0,0.0,0.15541381627691275,0.41140970799762,0.0,1e-08
5512.0,1.2057538416436744,0.711982943,0.110526024,0.0,0.0,1.2057538416436744,0.0,0.0,0.0,0.0,0.0,0.0,0.0,0.0,0.0,0.1917512664562493,0.42584764135308095,0.0,1e-08
5513.0,1.2548271735247858,0.714038625,0.114734733,0.0,0.0,1.2548271735247858,0.0,0.0,0.0,0.0,0.0,0.0,0.0,0.0,0.0,0.14671289935045162,0.4420634495033089,0.0,1e-08
5514.0,1.2922365686446975,0.694614793,0.122155834,0.0,0.0,1.3375426480876145,0.0,0.0,0.04530607944291699,0.0,0.0,0.0,0.0,0.0,0.0,0.025871645643957608,0.47065633869556817,0.0,1e-08
5515.0,1.3196758353342537,0.674173801,0.133750325,0.0,0.0,1.323291997241908,0.0,0.0,0.003616161907654297,0.0,0.04077547149862529,0.0,0.0,0.0,0.0,0.0,0.5153289548482991,0.0,1.0000136218855531e-08
5516.0,1.3360807223413311,0.657515707,0.14841788,0.0,0.0,1.290594905710308,0.04548581663102295,0.0,0.0,0.0,0.04402946178427405,0.0,0.0,0.0,0.0,0.0,0.5263560161361145,0.0,1.05e-08
5517.0,1.3405411556575748,0.631897242,0.162699025,0.0,0.0,1.2403100835089158,0.10023107214865894,0.0,0.0,0.0,0.04402886202815447,0.0,0.0,0.0,0.0,0.0,0.5266348327236267,0.0,1.05e-08
5518.0,1.3261619863255651,0.591277605,0.17682619,0.0,0.0,1.1605804344284538,0.16558155189711132,0.0,0.0,0.0,0.04402826228020457,0.0,0.0,0.0,0.0,0.0,0.5157151528586098,0.0,1.05e-08
5519.0,1.2938104613414996,0.510162246,0.196698686,0.0,0.0,1.0013643609784202,0.29244610036307933,0.0,0.0,0.0,0.04402766254042427,0.0,0.0,0.0,0.0,0.0,0.4654176900719253,0.0,1.05e-08
5520.0,1.2613968371898052,0.373259375,0.248664946,0.0,0.0,0.7326466010698869,0.5287502361199183,0.0,0.0,0.0,0.044027062808813446,0.0,0.0,0.0,0.0,0.0,0.42933526183747894,0.0,1.05e-08
5521.0,1.222520616903486,0.142872599,0.317575995,0.0,0.0,0.2804353515390495,0.9420852653644363,0.0,0.0,0.0,0.04402646308537199,0.0,0.0,0.0,0.0,0.0,0.2815088125434766,0.0,1.05e-08
5522.0,1.1631709434550903,0.000823066,0.346819343,0.0,0.0,0.0016155428309233691,1.161555400624167,0.0,0.0,0.0,0.044025863370099776,0.0,0.0,0.0,0.0,2.168404344971009e-19,0.17471088171468896,0.0,1.05e-08
5523.0,1.098656332340454,0.0,0.351137847,0.0,0.0,0.0,1.098656332340454,0.0,0.0,0.0,0.044025263662996715,0.0,0.0,0.0,0.0,0.0,0.25424878921489147,0.0,1.05e-08
5524.0,1.0329789678457308,0.0,0.344187404,0.0,0.0,0.0,1.0329789678457308,0.0,0.0,0.0,0.044024663964062676,0.0,0.0,0.0,0.0,0.0,0.29314667091641233,0.0,1.05e-08
5525.0,0.9733616255713483,0.0,0.337707,0.0,0.0,0.0,0.9733616255713483,0.0,0.0,0.0,0.04402406427329755,0.0,0.0,0.0,0.0,0.0,0.3277955518407777,0.0,1.05e-08
5526.0,0.9263632624292865,0.0,0.32262604,0.0,0.0,0.0,0.9263632624292865,0.0,0.0,0.0,0.04402346459070124,0.0,0.0,0.0,0.0,0.0,0.31668822174501765,0.0,1.05e-08
5527.0,0.8903757241130165,0.0,0.311481692,0.0,0.0,0.0,0.8903757241130165,0.0,0.0,0.0,0.04402286491627363,0.0,0.0,0.0,0.0,0.0,0.3097375077070915,0.0,1.05e-08
5528.0,0.8673240848190354,0.0,0.298632898,0.0,0.0,0.0,0.8673240848190354,0.0,0.0,0.0,0.044022265250014604,0.0,0.0,0.0,0.0,0.0,0.283283804991017,0.0,1.05e-08
5529.0,0.8554138927379279,0.0,0.282945362,0.0,0.0,0.0,0.8554138927379279,0.0,0.0,0.0,0.044021665591924046,0.0,0.0,0.0,0.0,0.0,0.23475121660766518,0.0,1.05e-08
5530.0,0.8544952533271413,0.0,0.269350385,0.0,0.0,0.0,0.8544952533271413,0.0,0.0,0.0,0.04402106594200186,0.0,0.0,0.0,0.0,0.0,0.18328953254187996,0.0,1.05e-08
5531.0,0.8606195160657186,0.0,0.257534298,0.0,0.0,0.0,0.8606195160657186,0.0,0.0,0.0,0.04402046630024791,0.0,0.0,0.0,0.0,0.0,0.1316388625657381,0.0,1.05e-08
5532.0,0.8891701437207721,0.010245602,0.214133957,0.0,0.0,0.020110427182746138,0.8250404494967816,0.0,0.0,0.04401926704124434,0.04401986666666211,0.0,0.0,0.0,0.0,0.0,0.0,0.0,1.111383580368947e-08
5533.0,0.9339671984379188,0.24514658,0.185577571,0.0,0.0,0.48118231082851465,0.45278488760940405,0.0,0.0,0.0,0.0,0.0,0.0,0.0,0.0,0.0,0.2622301653014283,0.0,1.05e-08
5534.0,0.9934731904806907,0.555103554,0.205796095,0.0,0.0,0.9934731904806907,0.0,0.0,0.0,0.0,0.0,0.0,0.0,0.0,0.0,0.0961035470893018,0.7929153558932381,0.0,1e-08
5535.0,1.0519556169328892,0.709631442,0.222240365,0.0,0.0,1.0519556169328892,0.0,0.0,0.0,0.0,0.0,0.0,0.0,0.0,0.0,0.34093388247652956,0.8562737699557329,0.0,1e-08
5536.0,1.1075043930522726,0.768833771,0.217714142,0.0,0.0,1.1075043930522726,0.0,0.0,0.0,0.0,0.0,0.0,0.0,0.0,0.0,0.4015895154688296,0.8388346065892115,0.0,1e-08
5537.0,1.1569567439909814,0.771417056,0.214160161,0.0,0.0,1.1569567439909814,0.0,0.0,0.0,0.0,0.0,0.0,0.0,0.0,0.0,0.35720772699046033,0.8251414113444094,0.0,1e-08
5538.0,1.1954453798172717,0.765952615,0.213021743,0.0,0.0,1.1954453798172717,0.0,0.0,0.0,0.0,0.0,0.0,0.0,0.0,0.0,0.3079932945906829,0.8207551808203305,0.0,1e-08
5539.0,1.2299382554092315,0.755102487,0.213264684,0.0,0.0,1.2299382554092315,0.0,0.0,0.0,0.0,0.0,0.0,0.0,0.0,0.0,0.25220340696688015,0.8216912124271307,0.0,1e-08
5540.0,1.2556066251460591,0.753172567,0.217746931,0.0,0.0,1.2556066251460591,0.0,0.0,0.0,0.0,0.0,0.0,0.0,0.0,0.0,0.2227469225220513,0.8389609398979382,0.0,1e-08
5541.0,1.273199961740518,0.747868809,0.225392204,0.0,0.0,1.273199961740518,0.0,0.0,0.0,0.0,0.0,0.0,0.0,0.0,0.0,0.19474318358579668,0.8684175452902609,0.0,1e-08
5542.0,1.2730522085485734,0.715475701,0.234990301,0.0,0.0,1.2730522085485736,0.0,0.0,0.0,0.0,0.0,0.0,0.0,0.0,0.0,0.13130860753473228,0.9053982202571637,0.0,1e-08
5543.0,1.2566773004500063,0.632805347,0.248210316,0.0,0.0,1.2420925438735473,0.014584756576458984,0.0,0.0,0.0,0.0,0.0,0.0,0.0,0.0,0.0,0.9417490895420162,0.0,1.05e-08
5544.0,1.2396749766233264,0.453693346,0.290223993,0.0,0.0,0.8905252222396937,0.3491497543836328,0.0,0.0,0.0,0.0,0.0,0.0,0.0,0.0,0.0,0.7690593190118156,0.0,1.05e-08
5545.0,1.2100558150149339,0.133025285,0.373889113,0.0,0.0,0.26110669802092173,0.9489491169940121,0.0,0.0,0.0,0.0,0.0,0.0,0.0,0.0,5.551115123125783e-17,0.4916147532728272,0.0,1.05e-08
5546.0,1.1506162048410067,0.000643832,0.419371451,0.0,0.0,0.0012637360453706685,1.149352468795636,0.0,0.0,0.0,0.0,0.0,0.0,0.0,0.0,0.0,0.4664510930801551,0.0,1.05e-08
5547.0,1.0846454753130021,0.0,0.431129323,0.0,0.0,0.0,1.0846454753130021,0.0,0.0,0.0,0.0,0.0,0.0,0.0,0.0,0.0,0.5764601962137381,0.0,1.05e-08
5548.0,1.0148053252365328,0.0,0.430123872,0.0,0.0,0.0,1.0148053252365328,0.0,0.0,0.0,0.0,0.0,0.0,0.0,0.0,0.0,0.6424264266344522,0.0,1.05e-08
5549.0,0.9571708736250603,0.0,0.423137762,0.0,0.0,0.0,0.9571708736250603,0.0,0.0,0.0,0.0,0.0,0.0,0.0,0.0,0.0,0.6731439734477099,0.0,1.05e-08
5550.0,0.9130269308433213,0.0,0.415377968,0.0,0.0,0.0,0.9130269308433213,0.0,0.0,0.0,0.0,0.0,0.0,0.0,0.0,0.0,0.687390070883218,0.0,1.05e-08
5551.0,0.8858360608242808,0.0,0.414498581,0.0,0.0,0.0,0.8858360608242808,0.0,0.0,0.0,0.0,0.0,0.0,0.0,0.0,0.0,0.7111927354259939,0.0,1.05e-08
5552.0,0.8767160485852594,0.0,0.413352945,0.0,0.0,0.0,0.8767160485852594,0.0,0.0,0.0,0.0,0.0,0.0,0.0,0.0,0.0,0.7158987067831217,0.0,1.05e-08
5553.0,0.8916733825814004,0.0,0.408484454,0.0,0.0,0.0,0.8916733825814004,0.0,0.0,0.0,0.0,0.0,0.0,0.0,0.0,0.0,0.6821834790867719,0.0,1.05e-08
5554.0,0.9337444979746977,0.0,0.402263811,0.0,0.0,0.0,0.9337444979746977,0.0,0.0,0.0,0.0,0.0,0.0,0.0,0.0,0.0,0.6161447400209762,0.0,1.05e-08
5555.0,0.9767321114281738,0.0,0.395783979,0.0,0.0,0.0,0.9767321114281738,0.0,0.0,0.0,0.0,0.0,0.0,0.0,0.0,0.0,0.5481908690862373,0.0,1.05e-08
5556.0,1.0118052930348729,0.012218806,0.345117407,0.0,0.0,0.02398350124503193,0.987821791789841,0.0,0.0,0.0,0.0,0.0,0.0,0.0,0.0,0.0,0.34188707171583677,0.0,1.05e-08
5557.0,1.0582254915128033,0.244915969,0.323288904,0.0,0.0,0.48072965946424734,0.577495832048556,0.0,0.0,0.0,0.0,0.0,0.0,0.0,0.0,-5.551115123125783e-17,0.6681096123671647,0.0,1.05e-08
5558.0,1.1097678006448168,0.546695499,0.350346192,0.0,0.0,1.0730731121289472,0.03669468851586975,0.0,0.0,0.0,0.0,0.0,0.0,0.0,0.0,0.0,1.3131602517128103,0.0,1.05e-08
5559.0,1.1613850570481066,0.696396579,0.353852613,0.0,0.0,1.3261271753729684,0.0,0.0,0.1647421183248619,0.0,0.0,0.0,0.0,0.0,0.0,0.040784470452529975,1.3633648907217955,0.0,1e-08
5560.0,1.2089530194518683,0.760109785,0.343704369,0.0,0.0,1.4919701626254196,0.0,0.0,0.28301714317355153,0.0,0.14826790649237573,0.0,0.0,0.0,0.0,0.0,1.3242645448043893,0.0,1.0000136218855531e-08
5561.0,1.2513303479820945,0.767339097,0.334687727,0.0,0.0,1.5061601099371884,0.0,0.0,0.254829761955094,0.0,0.40298131568763024,0.0,0.0,0.0,0.0,0.0,1.2895241679260432,0.0,1.000027243956662e-08
5562.0,1.2867504283872724,0.758597026,0.325589378,0.0,0.0,1.489000866168799,0.0,0.0,0.2022504377815266,0.0,0.632322612156627,0.0,0.0,0.0,0.0,0.0,1.2544689807254508,0.0,1.0000408662133296e-08
5563.0,1.3121083022859557,0.745395102,0.31647539,0.0,0.0,1.4630876664100978,0.0,0.0,0.15097936412414234,0.0,0.8143393928510749,0.0,0.0,0.0,0.0,2.220446049250313e-16,1.2193535377495932,0.0,1.0000544886555574e-08
5564.0,1.3321106583142954,0.7361692,0.309780346,0.0,0.0,1.444978742174494,0.0,0.0,0.11286808386019849,0.0,0.9502097278758955,0.0,0.0,0.0,0.0,0.0,1.1935580862081976,0.0,1.0000681112833488e-08
5565.0,1.340903043910309,0.715498361,0.297801422,0.0,0.0,1.4044052939265754,0.0,0.0,0.0635022500162666,0.0,1.0517780598782238,0.0,0.0,0.0,0.0,0.0,1.1474042814594825,0.0,1.000081734096706e-08
5566.0,1.331346196147277,0.679622512,0.283740539,0.0,0.0,1.333986918419339,0.0,0.0,0.0026407222720617675,0.0,1.1089157578876656,0.0,0.0,0.0,0.0,0.0,1.0932288606473521,0.0,1.0000953570956317e-08
5567.0,1.3088084809991907,0.57568825,0.284773298,0.0,0.0,1.129981101314257,0.1788273796849336,0.0,0.0,0.0,1.1112773026147418,0.0,0.0,0.0,0.0,0.0,0.9183806160866148,0.0,1.05e-08
5568.0,1.2874035403226802,0.387606573,0.331856287,0.0,0.0,0.7608077848300446,0.5265957554926355,0.0,0.0,0.0,1.1112621651287087,0.0,0.0,0.0,0.0,1.1102230246251565e-16,0.752019107981881,0.0,1.05e-08
5569.0,1.2467778365897115,0.105379624,0.414200884,0.0,0.0,0.20684282436475354,1.039935012224958,0.0,0.0,0.0,1.111247027848874,0.0,0.0,0.0,0.0,0.0,0.5559467820731983,0.0,1.05e-08
5570.0,1.180179691333594,0.000550728,0.447635502,0.0,0.0,0.0010809882466154177,1.1790987030869786,0.0,0.0,0.0,1.1112318907752348,0.0,0.0,0.0,0.0,0.0,0.5456039127657581,0.0,1.05e-08
5571.0,1.1061853210778099,0.0,0.443126591,0.0,0.0,0.0,1.1061853210778099,0.0,0.0,0.0,1.1112167539077884,0.0,0.0,0.0,0.0,0.0,0.6011448331144862,0.0,1.05e-08
5572.0,1.0361867110563563,0.0,0.423628348,0.0,0.0,0.0,1.0361867110563563,0.0,0.0,0.0,1.1112016172465318,0.0,0.0,0.0,0.0,0.0,0.5960183233534779,0.0,1.05e-08
5573.0,0.9748348747895795,0.0,0.399059448,0.0,0.0,0.0,0.9748348747895796,0.0,0.0,0.0,1.1111864807914622,0.0,0.0,0.0,0.0,0.0,0.5627082172378912,0.0,1.05e-08
5574.0,0.9297637271946224,0.0,0.371753157,0.0,0.0,0.0,0.9297637271946224,0.0,0.0,0.0,1.1111713445425768,0.0,0.0,0.0,0.0,0.0,0.5025704810277922,0.0,1.05e-08
5575.0,0.8999240064736167,0.0,0.350642856,0.0,0.0,0.0,0.8999240064736167,0.0,0.0,0.0,1.111156208499873,0.0,0.0,0.0,0.0,0.0,0.4510739556435044,0.0,1.05e-08
5576.0,0.8891615783183405,0.0,0.340655437,0.0,0.0,0.0,0.8891615783183405,0.0,0.0,0.0,1.1111410726633477,0.0,0.0,0.0,0.0,0.0,0.42335568332271045,0.0,1.05e-08
5577.0,0.9010781944512717,0.0,0.312088487,0.0,0.0,0.0,0.9010781944512717,0.0,0.0,0.0,1.1111259370329982,0.0,0.0,0.0,0.0,0.0,0.30137296838438477,0.0,1.05e-08
5578.0,0.9409951111330275,0.0,0.280504592,0.0,0.0,0.0,0.9409951111330275,0.0,0.0,0.0,1.1111108016088218,0.0,0.0,0.0,0.0,0.0,0.13976591300286567,0.0,1.05e-08
5579.0,0.9827064796241987,0.0,0.253569429,0.0,0.0,0.0,0.9769820658607744,0.0,0.0,0.005724413763424195,1.1110956663908154,0.0,0.0,0.0,0.0,0.0,0.0,0.0,1.1114138588550456e-08
5580.0,1.0173278362526321,0.009812812,0.188959178,0.0,0.0,0.019260931781653973,0.7280441053712109,0.0,0.0,0.2700227990997672,1.1053561176155522,0.0,0.0,0.0,0.0,3.469446951953614e-18,1.1102230246251565e-16,0.0,1.1114289984074332e-08
5581.0,1.0604332239895424,0.155741145,0.145189827,0.0,0.0,0.30569418525919784,0.5594044111856578,0.0,0.0,0.19533462754468695,0.8353182616863579,0.0,0.0,0.0,0.0,0.0,-1.1102230246251565e-16,0.0,1.11144413816605e-08
5582.0,1.1091853532794695,0.381232146,0.161271765,0.0,0.0,0.7482958357991111,0.3608895174803584,0.0,0.0,0.0,0.6399722556869059,0.0,0.0,0.0,0.0,1.1102230246251565e-16,0.2604772724993332,0.0,1.05e-08
5583.0,1.1565370392718342,0.52315852,0.175788871,0.0,0.0,1.026873903699679,0.12966313557215514,0.0,0.0,0.0,0.6399635381768306,0.0,0.0,0.0,0.0,0.0,0.5476368647560121,0.0,1.05e-08
5584.0,1.2015032606870044,0.586649145,0.174874923,0.0,0.0,1.1514955307011516,0.05000772998585278,0.0,0.0,0.0,0.6399548207855026,0.0,0.0,0.0,0.0,0.0,0.6237709041876849,0.0,1.05e-08
5585.0,1.2434651671992991,0.600430284,0.171271565,0.0,0.0,1.178545633989841,0.06491953320945801,0.0,0.0,0.0,0.6399461035129203,0.0,0.0,0.0,0.0,0.0,0.5949756602166703,0.0,1.05e-08
5586.0,1.2783520513031115,0.600068184,0.170432068,0.0,0.0,1.1778348914016676,0.10051715990144384,0.0,0.0,0.0,0.639937386359082,0.0,0.0,0.0,0.0,2.220446049250313e-16,0.5561435209236251,0.0,1.05e-08
5587.0,1.3065086704463122,0.589508744,0.172493455,0.0,0.0,1.1571084519781398,0.14940021846817236,0.0,0.0,0.0,0.6399286693239863,0.0,0.0,0.0,0.0,2.220446049250313e-16,0.5152028162034974,0.0,1.05e-08
5588.0,1.3286116914209962,0.566261611,0.176464379,0.0,0.0,1.1114781634500366,0.21713352797095972,0.0,0.0,0.0,0.6399199524076314,0.0,0.0,0.0,0.0,0.0,0.46276914888626763,0.0,1.05e-08
5589.0,1.335941534551818,0.52034244,0.177708881,0.0,0.0,1.0213464030432229,0.31459513150859497,0.0,0.0,0.0,0.6399112356100157,0.0,0.0,0.0,0.0,0.0,0.3701025087624904,0.0,1.05e-08
5590.0,1.326534581331339,0.464689196,0.176522299,0.0,0.0,0.9121082625273604,0.4144263188039784,0.0,0.0,0.0,0.6399025189311377,0.0,0.0,0.0,0.0,0.0,0.26569951902923017,0.0,1.05e-08
5591.0,1.303579302814713,0.380017256,0.184846649,0.0,0.0,0.7459112070696284,0.5576680957450845,0.0,0.0,0.0,0.6398938023709956,0.0,0.0,0.0,0.0,0.0,0.1545307750717183,0.0,1.05e-08
5592.0,1.2790330007964217,0.253480681,0.240437137,0.0,0.0,0.4975407767628884,0.7814922240335332,0.0,0.0,0.0,0.6398850859295879,0.0,0.0,0.0,0.0,0.0,0.14489220543927217,0.0,1.05e-08
5593.0,1.239216727593237,0.098646979,0.304634262,0.0,0.0,0.1936277524714885,1.0455889751217486,0.0,0.0,0.0,0.639876369606913,0.0,0.0,0.0,0.0,0.0,0.12814167448559188,0.0,1.05e-08
5594.0,1.1703851536530858,0.000405195,0.328558135,0.0,0.0,0.0007953309666247842,1.1695898226864612,0.0,0.0,0.0,0.6398676534029691,0.0,0.0,0.0,0.0,0.0,0.09631753354954298,0.0,1.05e-08
5595.0,1.0963993487997332,0.0,0.32346093,0.0,0.0,0.0,1.0963993487997332,0.0,0.0,0.0,0.6398589373177548,0.0,0.0,0.0,0.0,0.0,0.14986889758515454,0.0,1.05e-08
5596.0,1.0263279328576114,0.0,0.314964622,0.0,0.0,0.0,1.0263279328576114,0.0,0.0,0.0,0.6398502213512683,0.0,0.0,0.0,0.0,0.0,0.1872047405728987,0.0,1.05e-08
5597.0,0.9676827637592129,0.0,0.316443684,0.0,0.0,0.0,0.9676827637592129,0.0,0.0,0.0,0.6398415055035082,0.0,0.0,0.0,0.0,0.0,0.2515486133912008,0.0,1.05e-08
5598.0,0.9218964050612192,0.0,0.326247506,0.0,0.0,0.0,0.9218964050612192,0.0,0.0,0.0,0.6398327897744727,0.0,0.0,0.0,0.0,0.0,0.3351082884888278,0.0,1.05e-08
5599.0,0.8909688782314031,0.0,0.332271981,0.0,0.0,0.0,0.8909688782314032,0.0,0.0,0.0,0.6398240741641602,0.0,0.0,0.0,0.0,0.0,0.3892476198900322,0.0,1.05e-08
5600.0,0.8755318816990939,0.0,0.329614363,0.0,0.0,0.0,0.8755318816990939,0.0,0.0,0.0,0.6398153586725691,0.0,0.0,0.0,0.0,0.0,0.3944450337796376,0.0,1.05e-08
5601.0,0.8874270843259462,0.0,0.309456684,0.0,0.0,0.0,0.8874270843259462,0.0,0.0,0.0,0.6398066432996978,0.0,0.0,0.0,0.0,0.0,0.3048839589297643,0.0,1.05e-08
5602.0,0.9262669016519312,0.0,0.286842041,0.0,0.0,0.0,0.9262669016519312,0.0,0.0,0.0,0.6397979280455449,0.0,0.0,0.0,0.0,0.0,0.17891179002663438,0.0,1.05e-08
5603.0,0.9669225842934105,0.0,0.255567928,0.0,0.0,0.0,0.9669225842934105,0.0,0.0,0.0,0.6397892129101085,0.0,0.0,0.0,0.0,0.0,0.017759533144325435,0.0,1.05e-08
5604.0,1.0014797004036071,0.005486153,0.177283885,0.0,0.0,0.010768413649086142,0.6830601657864835,0.0,0.0,0.30765112096803754,0.6397804978933871,0.0,0.0,0.0,0.0,0.0,0.0,0.0,1.1117924095399719e-08
5605.0,1.0473302996198377,0.139953504,0.114331159,0.0,0.0,0.27470564942520415,0.4405085122153139,0.0,0.0,0.3321161379793195,0.3321206620273414,0.0,0.0,0.0,0.0,0.0,0.0,0.0,1.1118075542489336e-08
5606.0,1.096264443711436,0.402045321,0.125804362,0.0,0.0,0.789148666143219,0.3071157775682169,0.0,0.0,0.0,0.0,0.0,0.0,0.0,0.0,1.1102230246251565e-16,0.1775980381538539,0.0,1.05e-08
5607.0,1.1429929966769032,0.557186057,0.144080794,0.0,0.0,1.093664347545409,0.04932864913149414,0.0,0.0,0.0,0.0,0.0,0.0,0.0,0.0,2.220446049250313e-16,0.5058027495079714,0.0,1.05e-08
5608.0,1.1888157583352312,0.641103839,0.14193487,0.0,0.0,1.1888157583352312,0.0,0.0,0.0,0.0,0.0,0.0,0.0,0.0,0.0,0.069565356877765,0.546863330714368,0.0,1e-08
5609.0,1.2321438465353625,0.663742241,0.142089827,0.0,0.0,1.2321438465353625,0.0,0.0,0.0,0.0,0.0,0.0,0.0,0.0,0.0,0.07067271863506286,0.5474603672363834,0.0,1e-08
5610.0,1.269135678286735,0.656500846,0.145566198,0.0,0.0,1.269135678286735,0.0,0.0,0.0,0.0,0.0,0.0,0.0,0.0,0.0,0.019467222635459525,0.5608545375615391,0.0,1e-08
5611.0,1.2974507573749199,0.64035979,0.149498294,0.0,0.0,1.2569206697228343,0.04053008765208569,0.0,0.0,0.0,0.0,0.0,0.0,0.0,0.0,-2.220446049250313e-16,0.5354744910180876,0.0,1.05e-08
5612.0,1.3176929446713437,0.622125459,0.152182807,0.0,0.0,1.2211296848884057,0.09656325978293799,0.0,0.0,0.0,0.0,0.0,0.0,0.0,0.0,0.0,0.48978452574349274,0.0,1.05e-08
5613.0,1.327121311397902,0.588585297,0.155182226,0.0,0.0,1.1552958777974696,0.17182543360043237,0.0,0.0,0.0,0.0,0.0,0.0,0.0,0.0,0.0,0.42607886558996244,0.0,1.05e-08
5614.0,1.3141939777780445,0.534066707,0.158257925,0.0,0.0,1.0482848759743466,0.26590910180369776,0.0,0.0,0.0,0.0,0.0,0.0,0.0,0.0,0.0,0.34384561159016125,0.0,1.05e-08
5615.0,1.2856133712144806,0.440119091,0.17422108,0.0,0.0,0.8638811981269546,0.42173217308752614,0.0,0.0,0.0,0.0,0.0,0.0,0.0,0.0,0.0,0.24952725801248726,0.0,1.05e-08
5616.0,1.2576430495741666,0.299108466,0.233988232,0.0,0.0,0.5871005945024899,0.6705424550716766,0.0,0.0,0.0,0.0,0.0,0.0,0.0,0.0,1.1102230246251565e-16,0.23099487609638836,0.0,1.05e-08
5617.0,1.2159102675769164,0.118399532,0.346024529,0.0,0.0,0.23239875673066565,0.9835115108462509,0.0,0.0,0.0,0.0,0.0,0.0,0.0,0.0,0.0,0.3496924187998638,0.0,1.05e-08
5618.0,1.1456311406258288,0.00035097,0.399307311,0.0,0.0,0.0006888962335574242,1.1449422443922714,0.0,0.0,0.0,0.0,0.0,0.0,0.0,0.0,0.0,0.3935558433014572,0.0,1.05e-08
5619.0,1.0678530038458958,0.0,0.419521944,0.0,0.0,0.0,1.0678530038458958,0.0,0.0,0.0,0.0,0.0,0.0,0.0,0.0,0.0,0.5485303951286238,0.0,1.05e-08
5620.0,0.9934496356240038,0.0,0.428226543,0.0,0.0,0.0,0.9934496356240038,0.0,0.0,0.0,0.0,0.0,0.0,0.0,0.0,0.0,0.6564718643236801,0.0,1.05e-08
5621.0,0.9339050992702898,0.0,0.425749424,0.0,0.0,0.0,0.9339050992702898,0.0,0.0,0.0,0.0,0.0,0.0,0.0,0.0,0.0,0.7064722657730127,0.0,1.05e-08
5622.0,0.8887033292882511,0.0,0.416594189,0.0,0.0,0.0,0.8887033292882511,0.0,0.0,0.0,0.0,0.0,0.0,0.0,0.0,0.0,0.7163996714950724,0.0,1.05e-08
5623.0,0.8580927223484035,0.0,0.407237316,0.0,0.0,0.0,0.8580927223484034,0.0,0.0,0.0,0.0,0.0,0.0,0.0,0.0,0.0,0.7109590196156368,0.0,1.05e-08
5624.0,0.8445443970522569,0.0,0.396171163,0.0,0.0,0.0,0.8445443970522569,0.0,0.0,0.0,0.0,0.0,0.0,0.0,0.0,0.0,0.6818703714339142,0.0,1.05e-08
5625.0,0.856283281084733,0.0,0.377094716,0.0,0.0,0.0,0.856283281084733,0.0,0.0,0.0,0.0,0.0,0.0,0.0,0.0,0.0,0.5966315127678887,0.0,1.05e-08
5626.0,0.8929175072845869,0.0,0.359924253,0.0,0.0,0.0,0.892917507284587,0.0,0.0,0.0,0.0,0.0,0.0,0.0,0.0,0.0,0.4938409108579094,0.0,1.05e-08
5627.0,0.9279992542937175,0.0,0.343631613,0.0,0.0,0.0,0.9279992542937175,0.0,0.0,0.0,0.0,0.0,0.0,0.0,0.0,0.0,0.39598496765209956,0.0,1.05e-08
5628.0,0.9608347245151673,0.006369761,0.263264449,0.0,0.0,0.01250279044237676,0.9483319340727905,0.0,0.0,0.0,0.0,0.0,0.0,0.0,0.0,1.734723475976807e-18,0.06600424306833674,0.0,1.05e-08
5629.0,1.00008353980726,0.200155319,0.185522765,0.0,0.0,0.39287188473540396,0.6072116550718559,0.0,0.0,0.0,0.0,0.0,0.0,0.0,0.0,5.551115123125783e-17,0.10759223484778802,0.0,1.05e-08
5630.0,1.0466065231143695,0.485962718,0.249586775,0.0,0.0,0.9538646781192942,0.09274184499507532,0.0,0.0,0.0,0.0,0.0,0.0,0.0,0.0,0.0,0.8688953839590045,0.0,1.05e-08
5631.0,1.0942751289967023,0.655871275,0.311537803,0.0,0.0,1.0942751289967023,0.0,0.0,0.0,0.0,0.0,0.0,0.0,0.0,0.0,0.1930920278714221,1.2003294228685073,0.0,1e-08
5632.0,1.1392499158143041,0.71684951,0.31695653,0.0,0.0,1.1392499158143041,0.0,0.0,0.0,0.0,0.0,0.0,0.0,0.0,0.0,0.2678074607890668,1.2212073304288686,0.0,1e-08
5633.0,1.1830769387060747,0.723700027,0.307374808,0.0,0.0,1.1830769387060747,0.0,0.0,0.0,0.0,0.0,0.0,0.0,0.0,0.0,0.23742687308896837,1.1842897469844398,0.0,1e-08
5634.0,1.2231201950736963,0.715630552,0.300153362,0.0,0.0,1.2231201950736963,0.0,0.0,0.0,0.0,0.0,0.0,0.0,0.0,0.0,0.18154456798702245,1.1564661120162747,0.0,1e-08
5635.0,1.2558421737129275,0.701517027,0.29675667,0.0,0.0,1.2558421737129275,0.0,0.0,0.0,0.0,0.0,0.0,0.0,0.0,0.0,0.12112006715296375,1.143378938296872,0.0,1e-08
5636.0,1.2814505856327343,0.692408862,0.295328047,0.0,0.0,1.2814505856327343,0.0,0.0,0.0,0.0,0.0,0.0,0.0,0.0,0.0,0.07763382931322194,1.1378745718778578,0.0,1e-08
5637.0,1.2948297442308574,0.675599591,0.289870738,0.0,0.0,1.2948297442308574,0.0,0.0,0.0,0.0,0.0,0.0,0.0,0.0,0.0,0.031260843662228366,1.1168480110582546,0.0,1e-08
5638.0,1.2858189408728384,0.640582937,0.280971642,0.0,0.0,1.2573586704859467,0.0284602703868916,0.0,0.0,0.0,0.0,0.0,0.0,0.0,0.0,2.220446049250313e-16,1.054100258822069,0.0,1.05e-08
5639.0,1.2553603698261515,0.548039219,0.286495661,0.0,0.0,1.075710612903816,0.17964975692233556,0.0,0.0,0.0,0.0,0.0,0.0,0.0,0.0,0.0,0.9241943612261819,0.0,1.05e-08
5640.0,1.2282936981423687,0.387591805,0.354428526,0.0,0.0,0.7607787976813506,0.46751490046101807,0.0,0.0,0.0,0.0,0.0,0.0,0.0,0.0,0.0,0.8980689354810868,0.0,1.05e-08
5641.0,1.1887322456615232,0.122229658,0.459925447,0.0,0.0,0.23991666246463253,0.9488155831968906,0.0,0.0,0.0,0.0,0.0,0.0,0.0,0.0,2.7755575615628914e-17,0.8232391756281571,0.0,1.05e-08
5642.0,1.1235623812608713,0.000285504,0.486778774,0.0,0.0,0.000560397271178673,1.1230019839896925,0.0,0.0,0.0,0.0,0.0,0.0,0.0,0.0,0.0,0.752516425761883,0.0,1.05e-08
5643.0,1.0507586019430764,0.0,0.493464078,0.0,0.0,0.0,1.0507586019430764,0.0,0.0,0.0,0.0,0.0,0.0,0.0,0.0,0.0,0.8505177319343891,0.0,1.05e-08
5644.0,0.9793638313252758,0.0,0.493152724,0.0,0.0,0.0,0.9793638313252758,0.0,0.0,0.0,0.0,0.0,0.0,0.0,0.0,0.0,0.9207128813070987,0.0,1.05e-08
5645.0,0.9219370907227691,0.0,0.49338855,0.0,0.0,0.0,0.9219370907227691,0.0,0.0,0.0,0.0,0.0,0.0,0.0,0.0,0.0,0.9790482400090832,0.0,1.05e-08
5646.0,0.8767481688443778,0.0,0.49928726,0.0,0.0,0.0,0.8767481688443778,0.0,0.0,0.0,0.0,0.0,0.0,0.0,0.0,0.0,1.0469644043016761,0.0,1.05e-08
5647.0,0.8476472140830956,0.0,0.504387994,0.0,0.0,0.0,0.8476472140830956,0.0,0.0,0.0,0.0,0.0,0.0,0.0,0.0,0.0,1.0957180658595895,0.0,1.05e-08
5648.0,0.8349747011855777,0.0,0.499067815,0.0,0.0,0.0,0.8349747011855777,0.0,0.0,0.0,0.0,0.0,0.0,0.0,0.0,0.0,1.0878923685009767,0.0,1.05e-08
5649.0,0.8454223508014935,0.0,0.481665481,0.0,0.0,0.0,0.8454223508014935,0.0,0.0,0.0,0.0,0.0,0.0,0.0,0.0,0.0,1.010394963363786,0.0,1.05e-08
5650.0,0.8825619357448106,0.0,0.470642728,0.0,0.0,0.0,0.8825619357448106,0.0,0.0,0.0,0.0,0.0,0.0,0.0,0.0,0.0,0.9307856215578899,0.0,1.05e-08
5651.0,0.9191383454782514,0.0,0.454107208,0.0,0.0,0.0,0.9191383454782514,0.0,0.0,0.0,0.0,0.0,0.0,0.0,0.0,0.0,0.8304992190489313,0.0,1.05e-08
5652.0,0.9539245861034927,0.00763018,0.378132619,0.0,0.0,0.01497678509093423,0.9389478010125585,0.0,0.0,0.0,0.0,0.0,0.0,0.0,0.0,1.734723475976807e-18,0.5179659473713807,0.0,1.05e-08
5653.0,1.0001584870785363,0.246718898,0.270167154,0.0,0.0,0.4842685117806032,0.515889975297933,0.0,0.0,0.0,0.0,0.0,0.0,0.0,0.0,0.0,0.5250417540654123,0.0,1.05e-08
5654.0,1.0522811022252891,0.529081865,0.273044723,0.0,0.0,1.0385004531499489,0.013780649075340332,0.0,0.0,0.0,0.0,0.0,0.0,0.0,0.0,0.0,1.0382381159664145,0.0,1.05e-08
5655.0,1.1036863649183972,0.681684424,0.291025565,0.0,0.0,1.1036863649183972,0.0,0.0,0.0,0.0,0.0,0.0,0.0,0.0,0.0,0.23434774673890169,1.1212974641039992,0.0,1e-08
5656.0,1.1501665212133487,0.739921079,0.284937337,0.0,0.0,1.1501665212133487,0.0,0.0,0.0,0.0,0.0,0.0,0.0,0.0,0.0,0.30217654073737465,1.0978400244894178,0.0,1e-08
5657.0,1.1937772676937222,0.744314524,0.264024796,0.0,0.0,1.1937772676937222,0.0,0.0,0.0,0.0,0.0,0.0,0.0,0.0,0.0,0.267189402294274,1.0172657313297397,0.0,1e-08
5658.0,1.2304864411648524,0.73921209,0.249219889,0.0,0.0,1.2304864411648524,0.0,0.0,0.0,0.0,0.0,0.0,0.0,0.0,0.0,0.22046499229416594,0.9602236474997657,0.0,1e-08
5659.0,1.2598914677124555,0.724009366,0.238690434,0.0,0.0,1.2598914677124555,0.0,0.0,0.0,0.0,0.0,0.0,0.0,0.0,0.0,0.16121952552827334,0.9196545270862475,0.0,1e-08
5660.0,1.279996608569974,0.711889721,0.228140375,0.0,0.0,1.279996608569974,0.0,0.0,0.0,0.0,0.0,0.0,0.0,0.0,0.0,0.1173255201166532,0.8790060211625581,0.0,1e-08
5661.0,1.2860759029457858,0.684262581,0.217640652,0.0,0.0,1.286075902945786,0.0,0.0,0.0,0.0,0.0,0.0,0.0,0.0,0.0,0.05701870575348145,0.8385514556892656,0.0,1e-08
5662.0,1.270161385227916,0.628541866,0.20578618,0.0,0.0,1.2337240337366588,0.03643735149125708,0.0,0.0,0.0,0.0,0.0,0.0,0.0,0.0,2.220446049250313e-16,0.7564398027259305,0.0,1.05e-08
5663.0,1.2357070539468984,0.517275571,0.216122735,0.0,0.0,1.0153266449359373,0.22038040901096106,0.0,0.0,0.0,0.0,0.0,0.0,0.0,0.0,2.220446049250313e-16,0.6123226378527076,0.0,1.05e-08
5664.0,1.2055482719853166,0.339471787,0.299572171,0.0,0.0,0.6663271375425484,0.5392211344427683,0.0,0.0,0.0,0.0,0.0,0.0,0.0,0.0,0.0,0.6150056966551444,0.0,1.05e-08
5665.0,1.165382958633045,0.101527178,0.403432935,0.0,0.0,0.19928110815144934,0.9661018504815958,0.0,0.0,0.0,0.0,0.0,0.0,0.0,0.0,0.0,0.5882919257199332,0.0,1.05e-08
5666.0,1.1081189606767383,0.000229018,0.457229265,0.0,0.0,0.000449524567959809,1.1076694361087787,0.0,0.0,0.0,0.0,0.0,0.0,0.0,0.0,5.421010862427522e-20,0.6539971561668361,0.0,1.05e-08
5667.0,1.047848506466948,0.0,0.471784963,0.0,0.0,0.0,1.047848506466948,0.0,0.0,0.0,0.0,0.0,0.0,0.0,0.0,0.0,0.7698999879455586,0.0,1.05e-08
5668.0,0.9877043919430237,0.0,0.468012888,0.0,0.0,0.0,0.9877043919430237,0.0,0.0,0.0,0.0,0.0,0.0,0.0,0.0,0.0,0.8155106090565929,0.0,1.05e-08
5669.0,0.9243996439218475,0.0,0.453384084,0.0,0.0,0.0,0.9243996439218475,0.0,0.0,0.0,0.0,0.0,0.0,0.0,0.0,0.0,0.8224517835612143,0.0,1.05e-08
5670.0,0.8847825163251969,0.0,0.436282703,0.0,0.0,0.0,0.8847825163251969,0.0,0.0,0.0,0.0,0.0,0.0,0.0,0.0,0.0,0.7961787026877728,0.0,1.05e-08
5671.0,0.8540241561934045,0.0,0.417873166,0.0,0.0,0.0,0.8540241561934045,0.0,0.0,0.0,0.0,0.0,0.0,0.0,0.0,0.0,0.7560066373312451,0.0,1.05e-08
5672.0,0.8345764099725094,0.0,0.395557036,0.0,0.0,0.0,0.8345764099725094,0.0,0.0,0.0,0.0,0.0,0.0,0.0,0.0,0.0,0.6894721779077145,0.0,1.05e-08
5673.0,0.8298311770254159,0.0,0.365346708,0.0,0.0,0.0,0.8298311770254159,0.0,0.0,0.0,0.0,0.0,0.0,0.0,0.0,0.0,0.5778195123535199,0.0,1.05e-08
5674.0,0.8362830664070011,0.0,0.340232768,0.0,0.0,0.0,0.8362830664070011,0.0,0.0,0.0,0.0,0.0,0.0,0.0,0.0,0.0,0.47460568648824464,0.0,1.05e-08
5675.0,0.8507821513730527,0.0,0.315559179,0.0,0.0,0.0,0.8507821513730527,0.0,0.0,0.0,0.0,0.0,0.0,0.0,0.0,0.0,0.3650413010698279,0.0,1.05e-08
5676.0,0.8831893514729235,0.004002061,0.246262765,0.0,0.0,0.00785538578615568,0.8753339656867679,0.0,0.0,0.0,0.0,0.0,0.0,0.0,0.0,0.0,0.0734961272905933,0.0,1.05e-08
5677.0,0.935258432854479,0.181635524,0.180352027,0.0,0.0,0.3565205811432006,0.5787378517112783,0.0,0.0,0.0,0.0,0.0,0.0,0.0,0.0,0.0,0.11614361178185495,0.0,1.05e-08
5678.0,0.9975910076996712,0.462018345,0.191752611,0.0,0.0,0.9068658224490258,0.0907251852506455,0.0,0.0,0.0,0.0,0.0,0.0,0.0,0.0,0.0,0.6480817867403568,0.0,1.05e-08
5679.0,1.0574117782818035,0.621338446,0.208746603,0.0,0.0,1.0574117782818035,0.0,0.0,0.0,0.0,0.0,0.0,0.0,0.0,0.0,0.16217312986938603,0.8042834195141044,0.0,1e-08
5680.0,1.1093009862122958,0.678514309,0.196551942,0.0,0.0,1.109300986212296,0.0,0.0,0.0,0.0,0.0,0.0,0.0,0.0,0.0,0.22251071246542087,0.75729839792362,0.0,1e-08
5681.0,1.1550980516633291,0.683841572,0.182863876,0.0,0.0,1.1550980516633291,0.0,0.0,0.0,0.0,0.0,0.0,0.0,0.0,0.0,0.18717018579510913,0.7045594102189207,0.0,1e-08
5682.0,1.1924217927589251,0.672758178,0.180369466,0.0,0.0,1.1924217927589251,0.0,0.0,0.0,0.0,0.0,0.0,0.0,0.0,0.0,0.12809156997622373,0.6949486545197241,0.0,1e-08
5683.0,1.2233536022899567,0.655952523,0.185681636,0.0,0.0,1.2233536022899567,0.0,0.0,0.0,0.0,0.0,0.0,0.0,0.0,0.0,0.0641730310040276,0.7154160067603746,0.0,1e-08
5684.0,1.2474973303939638,0.642264507,0.196468691,0.0,0.0,1.2474973303939638,0.0,0.0,0.0,0.0,0.0,0.0,0.0,0.0,0.0,0.013161984703953244,0.7569776386969035,0.0,1e-08
5685.0,1.2604931872332739,0.613246779,0.205424619,0.0,0.0,1.2037023001804203,0.05679088705285352,0.0,0.0,0.0,0.0,0.0,0.0,0.0,0.0,0.0,0.7346932024951909,0.0,1.05e-08
5686.0,1.256338967053959,0.562618243,0.215567509,0.0,0.0,1.1043268328728826,0.15201213418107642,0.0,0.0,0.0,0.0,0.0,0.0,0.0,0.0,0.0,0.6785516727645987,0.0,1.05e-08
5687.0,1.2303429706741233,0.466242515,0.254900505,0.0,0.0,0.9151571715754647,0.31518579909865857,0.0,0.0,0.0,0.0,0.0,0.0,0.0,0.0,1.1102230246251565e-16,0.6669247926472204,0.0,1.05e-08
5688.0,1.2031435352526514,0.312823999,0.355009805,0.0,0.0,0.6140219240318872,0.5891216112207641,0.0,0.0,0.0,0.0,0.0,0.0,0.0,0.0,0.0,0.7787018446964343,0.0,1.05e-08
5689.0,1.16839798028896,0.109222824,0.460123796,0.0,0.0,0.21438639220476233,0.9540115880841976,0.0,0.0,0.0,0.0,0.0,0.0,0.0,0.0,0.0,0.8188073930548162,0.0,1.05e-08
5690.0,1.113448782339787,0.000168858,0.49832756,0.0,0.0,0.0003314404085991382,1.1131173419311877,0.0,0.0,0.0,0.0,0.0,0.0,0.0,0.0,0.0,0.8068975863832148,0.0,1.05e-08
5691.0,1.0525637605055311,0.0,0.492417728,0.0,0.0,0.0,1.0525637605055311,0.0,0.0,0.0,0.0,0.0,0.0,0.0,0.0,0.0,0.844681073247314,0.0,1.05e-08
5692.0,0.9907236963001546,0.0,0.475379636,0.0,0.0,0.0,0.9907236963001546,0.0,0.0,0.0,0.0,0.0,0.0,0.0,0.0,0.0,0.8408747762721166,0.0,1.05e-08
5693.0,0.9366952791123759,0.0,0.453822462,0.0,0.0,0.0,0.9366952791123759,0.0,0.0,0.0,0.0,0.0,0.0,0.0,0.0,0.0,0.8118451825959745,0.0,1.05e-08
5694.0,0.8960995542879177,0.0,0.429907261,0.0,0.0,0.0,0.8960995542879177,0.0,0.0,0.0,0.0,0.0,0.0,0.0,0.0,0.0,0.7602976132914877,0.0,1.05e-08
5695.0,0.8643947171874361,0.0,0.418463862,0.0,0.0,0.0,0.8643947171874362,0.0,0.0,0.0,0.0,0.0,0.0,0.0,0.0,0.0,0.7479119792354911,0.0,1.05e-08
5696.0,0.8428141857610784,0.0,0.413918621,0.0,0.0,0.0,0.8428141857610784,0.0,0.0,0.0,0.0,0.0,0.0,0.0,0.0,0.0,0.7519800725121574,0.0,1.05e-08
5697.0,0.8319404073741916,0.0,0.393163592,0.0,0.0,0.0,0.8319404073741916,0.0,0.0,0.0,0.0,0.0,0.0,0.0,0.0,0.0,0.6828864384653461,0.0,1.05e-08
5698.0,0.8295271052390949,0.0,0.372100822,0.0,0.0,0.0,0.8295271052390949,0.0,0.0,0.0,0.0,0.0,0.0,0.0,0.0,0.0,0.6041466275122309,0.0,1.05e-08
5699.0,0.8358783511421091,0.0,0.356862362,0.0,0.0,0.0,0.835878351142109,0.0,0.0,0.0,0.0,0.0,0.0,0.0,0.0,0.0,0.5390828538804237,0.0,1.05e-08
5700.0,0.8696731464358953,0.002807479,0.292545025,0.0,0.0,0.005510618311797486,0.8641625281240979,0.0,0.0,0.0,0.0,0.0,0.0,0.0,0.0,0.0,0.26298928985705117,0.0,1.05e-08
5701.0,0.9324554049087455,0.23738137,0.218516642,0.0,0.0,0.4659404841146005,0.466514920794145,0.0,0.0,0.0,0.0,0.0,0.0,0.0,0.0,0.0,0.3754116520109674,0.0,1.05e-08
5702.0,1.0038244793192512,0.575293946,0.26214379,0.0,0.0,1.0038244793192512,0.0,0.0,0.0,0.0,0.0,0.0,0.0,0.0,0.0,0.1253826682654089,1.010018370577208,0.0,1e-08
5703.0,1.0786796725194088,0.710994253,0.302699645,0.0,0.0,1.0786796725194088,0.0,0.0,0.0,0.0,0.0,0.0,0.0,0.0,0.0,0.316884800149692,1.1662767300999168,0.0,1e-08
5704.0,1.1484791369343281,0.766473149,0.315563667,0.0,0.0,1.1484791369343281,0.0,0.0,0.0,0.0,0.0,0.0,0.0,0.0,0.0,0.3559812598773606,1.2158407443361852,0.0,1e-08
5705.0,1.2089144751409262,0.760332144,0.325618624,0.0,0.0,1.2089144751409262,0.0,0.0,0.0,0.0,0.0,0.0,0.0,0.0,0.0,0.2834921415335505,1.2545816631478188,0.0,1e-08
5706.0,1.2605981134130606,0.746750739,0.34007543,0.0,0.0,1.2605981134130606,0.0,0.0,0.0,0.0,0.0,0.0,0.0,0.0,0.0,0.20515044487774237,1.310282542576894,0.0,1e-08
5707.0,1.3000931840250614,0.728082192,0.359123803,0.0,0.0,1.3000931840250614,0.0,0.0,0.0,0.0,0.0,0.0,0.0,0.0,0.0,0.12901209502737454,1.3836743504072717,0.0,1e-08
5708.0,1.3299457528497143,0.716608593,0.37836725,0.0,0.0,1.3299457528497143,0.0,0.0,0.0,0.0,0.0,0.0,0.0,0.0,0.0,0.0766387434108926,1.4578177622471205,0.0,1e-08
5709.0,1.3483549440257807,0.694889205,0.397078214,0.0,0.0,1.3483549440257807,0.0,0.0,0.0,0.0,0.0,0.0,0.0,0.0,0.0,0.015597975210087878,1.529909561069472,0.0,1e-08
5710.0,1.3456118738970684,0.64913306,0.419254772,0.0,0.0,1.274141151983376,0.07147072191369239,0.0,0.0,0.0,0.0,0.0,0.0,0.0,0.0,0.0,1.5438832854124351,0.0,1.05e-08
5711.0,1.3242090745711657,0.552001014,0.451001842,0.0,0.0,1.083486963172006,0.24072211139915967,0.0,0.0,0.0,0.0,0.0,0.0,0.0,0.0,0.0,1.4969507344239643,0.0,1.05e-08
5712.0,1.3031274778364472,0.374426252,0.514597027,0.0,0.0,0.7349369881979171,0.5681904896385301,0.0,0.0,0.0,0.0,0.0,0.0,0.0,0.0,1.1102230246251565e-16,1.414509351217572,0.0,1.05e-08
5713.0,1.265893673466383,0.109613842,0.59859393,0.0,0.0,0.2151538960582346,1.0507397774081484,0.0,0.0,0.0,0.0,0.0,0.0,0.0,0.0,0.0,1.2555931928140616,0.0,1.05e-08
5714.0,1.2006381550414151,0.000131998,0.626203035,0.0,0.0,0.00025909030696957824,1.2003790647344457,0.0,0.0,0.0,0.0,0.0,0.0,0.0,0.0,0.0,1.21232950662329,0.0,1.05e-08
5715.0,1.1255217170670944,0.0,0.629371174,0.0,0.0,0.0,1.1255217170670946,0.0,0.0,0.0,0.0,0.0,0.0,0.0,0.0,0.0,1.2993934321788378,0.0,1.05e-08
5716.0,1.0555166829938172,0.0,0.61994879,0.0,0.0,0.0,1.0555166829938172,0.0,0.0,0.0,0.0,0.0,0.0,0.0,0.0,0.0,1.3330947989608448,0.0,1.05e-08
5717.0,0.9957858491372165,0.0,0.599611529,0.0,0.0,0.0,0.9957858491372165,0.0,0.0,0.0,0.0,0.0,0.0,0.0,0.0,0.0,1.3144678459813603,0.0,1.05e-08
5718.0,0.9503014208749357,0.0,0.577135955,0.0,0.0,0.0,0.9503014208749357,0.0,0.0,0.0,0.0,0.0,0.0,0.0,0.0,0.0,1.273355744036813,0.0,1.05e-08
5719.0,0.9214574281866008,0.0,0.553836011,0.0,0.0,0.0,0.9214574281866008,0.0,0.0,0.0,0.0,0.0,0.0,0.0,0.0,0.0,1.2124269769988152,0.0,1.05e-08
5720.0,0.9102131961445483,0.0,0.53066613,0.0,0.0,0.0,0.9102131961445483,0.0,0.0,0.0,0.0,0.0,0.0,0.0,0.0,0.0,1.1343995713107202,0.0,1.05e-08
5721.0,0.9249970807414499,0.0,0.498159258,0.0,0.0,0.0,0.9249970807414499,0.0,0.0,0.0,0.0,0.0,0.0,0.0,0.0,0.0,0.9943693938681942,0.0,1.05e-08
5722.0,0.9686677850388442,0.0,0.472480662,0.0,0.0,0.0,0.9686677850388442,0.0,0.0,0.0,0.0,0.0,0.0,0.0,0.0,0.0,0.8517611801580064,0.0,1.05e-08
5723.0,1.0137046710240751,0.0,0.452016455,0.0,0.0,0.0,1.0137046710240751,0.0,0.0,0.0,0.0,0.0,0.0,0.0,0.0,0.0,0.7278773948840505,0.0,1.05e-08
5724.0,1.0592233608960822,0.002453274,0.38622066,0.0,0.0,0.004815372306705291,1.054407988589377,0.0,0.0,0.0,0.0,0.0,0.0,0.0,0.0,8.673617379884035e-19,0.4336683137195727,0.0,1.05e-08
5725.0,1.122695134264674,0.201876847,0.364791397,0.0,0.0,0.39625096031213036,0.7264441739525437,0.0,0.0,0.0,0.0,0.0,0.0,0.0,0.0,0.0,0.6790669480104193,0.0,1.05e-08
5726.0,1.1964175529932557,0.551537569,0.421237671,0.0,0.0,1.0825772970610534,0.11384025593220215,0.0,0.0,0.0,0.0,0.0,0.0,0.0,0.0,0.0,1.5091536974594,0.0,1.05e-08
5727.0,1.2698337585849082,0.67863151,0.450398611,0.0,0.0,1.2698337585849082,0.0,0.0,0.0,0.0,0.0,0.0,0.0,0.0,0.0,0.06220798632886626,1.7353486466051997,0.0,1e-08
5728.0,1.3354939922747682,0.759595295,0.439487278,0.0,0.0,1.3354939922747682,0.0,0.0,0.0,0.0,0.0,0.0,0.0,0.0,0.0,0.15546631132223587,1.6933081817996618,0.0,1e-08
5729.0,1.3918993086373093,0.769482209,0.428794452,0.0,0.0,1.3918993086373093,0.0,0.0,0.0,0.0,0.0,0.0,0.0,0.0,0.0,0.11846737674761454,1.6521096064170995,0.0,1e-08
5730.0,1.4324714786050807,0.765839465,0.43309564,0.0,0.0,1.4324714786050807,0.0,0.0,0.0,0.0,0.0,0.0,0.0,0.0,0.0,0.07074510101178921,1.6686817285158386,0.0,1e-08
5731.0,1.4604011145838447,0.763442315,0.44596336,0.0,0.0,1.4604011145838447,0.0,0.0,0.0,0.0,0.0,0.0,0.0,0.0,0.0,0.03811025488323416,1.7182599908406633,0.0,1e-08
5732.0,1.4799709177893898,0.770324416,0.457352402,0.0,0.0,1.4799709177893898,0.0,0.0,0.0,0.0,0.0,0.0,0.0,0.0,0.0,0.03204888105302528,1.762141028965867,0.0,1e-08
5733.0,1.4872365204019748,0.773245793,0.46552261,0.0,0.0,1.4872365204019748,0.0,0.0,0.0,0.0,0.0,0.0,0.0,0.0,0.0,0.030517459743973907,1.7936201655551292,0.0,1e-08
5734.0,1.4757246195339357,0.748607513,0.474619491,0.0,0.0,1.4693930994628899,0.0063315200710458985,0.0,0.0,0.0,0.0,0.0,0.0,0.0,0.0,0.0,1.8223381766019282,0.0,1.05e-08
5735.0,1.4453624092646038,0.648131068,0.49641648,0.0,0.0,1.2721744069201093,0.17318800234449439,0.0,0.0,0.0,0.0,0.0,0.0,0.0,0.0,0.0,1.739463692579399,0.0,1.05e-08
5736.0,1.4149252517239956,0.446480717,0.540380026,0.0,0.0,0.8763680209058274,0.5385572308181682,0.0,0.0,0.0,0.0,0.0,0.0,0.0,0.0,0.0,1.5434823755863523,0.0,1.05e-08
5737.0,1.3634343350065716,0.110408211,0.605839908,0.0,0.0,0.21671311141041508,1.1467212235961566,0.0,0.0,0.0,0.0,0.0,0.0,0.0,0.0,0.0,1.1875299013639484,0.0,1.05e-08
5738.0,1.283358529024368,0.000102422,0.622334159,0.0,0.0,0.0002010374961775038,1.2831574915281907,0.0,0.0,0.0,0.0,0.0,0.0,0.0,0.0,-2.710505431213761e-20,1.1146446201591282,0.0,1.05e-08
5739.0,1.2002698427368572,0.0,0.615550628,0.0,0.0,0.0,1.2002698427368572,0.0,0.0,0.0,0.0,0.0,0.0,0.0,0.0,0.0,1.1713958843068277,0.0,1.05e-08
5740.0,1.1228450288072267,0.0,0.597694572,0.0,0.0,0.0,1.1228450288072267,0.0,0.0,0.0,0.0,0.0,0.0,0.0,0.0,0.0,1.1800227893252635,0.0,1.05e-08
5741.0,1.0546687081530912,0.0,0.574874136,0.0,0.0,0.0,1.0546687081530912,0.0,0.0,0.0,0.0,0.0,0.0,0.0,0.0,0.0,1.1602738549711402,0.0,1.05e-08
5742.0,1.0027516626646962,0.0,0.553974508,0.0,0.0,0.0,1.0027516626646962,0.0,0.0,0.0,0.0,0.0,0.0,0.0,0.0,0.0,1.131666360022282,0.0,1.05e-08
5743.0,0.9684429432250153,0.0,0.532031955,0.0,0.0,0.0,0.9684429432250153,0.0,0.0,0.0,0.0,0.0,0.0,0.0,0.0,0.0,1.0814322351421946,0.0,1.05e-08
5744.0,0.9513999337367854,0.0,0.508058976,0.0,0.0,0.0,0.9513999337367854,0.0,0.0,0.0,0.0,0.0,0.0,0.0,0.0,0.0,1.0061093366397693,0.0,1.05e-08
5745.0,0.9633572355312666,0.0,0.470460823,0.0,0.0,0.0,0.9633572355312666,0.0,0.0,0.0,0.0,0.0,0.0,0.0,0.0,0.0,0.8492894568312425,0.0,1.05e-08
5746.0,1.0073427183680215,0.0,0.430504965,0.0,0.0,0.0,1.0073427183680215,0.0,0.0,0.0,0.0,0.0,0.0,0.0,0.0,0.0,0.6513573533548216,0.0,1.05e-08
5747.0,1.0520262815029497,0.0,0.39209334,0.0,0.0,0.0,1.0520262815029497,0.0,0.0,0.0,0.0,0.0,0.0,0.0,0.0,0.0,0.4586769717802015,0.0,1.05e-08
5748.0,1.0922729661783213,0.001414028,0.323461211,0.0,0.0,0.002775503784781427,1.0894974623935398,0.0,0.0,0.0,0.0,0.0,0.0,0.0,0.0,0.0,0.1567718666611384,0.0,1.05e-08
5749.0,1.1446097163858633,0.211597762,0.330544939,0.0,0.0,0.4153315134369896,0.7292782029488737,0.0,0.0,0.0,0.0,0.0,0.0,0.0,0.0,5.551115123125783e-17,0.5442841449950641,0.0,1.05e-08
5750.0,1.2135290857009382,0.560210462,0.341324743,0.0,0.0,1.0996007558231886,0.1139283298777495,0.0,0.0,0.0,0.0,0.0,0.0,0.0,0.0,0.0,1.201167712498628,0.0,1.05e-08
5751.0,1.2816946996020342,0.726042991,0.318311214,0.0,0.0,1.2816946996020342,0.0,0.0,0.0,0.0,0.0,0.0,0.0,0.0,0.0,0.14340796416030122,1.226426815988023,0.0,1e-08
5752.0,1.3397852588929882,0.791388426,0.279970932,0.0,0.0,1.426500152385852,0.0,0.0,0.08671489349286388,0.0,0.0,0.0,0.0,0.0,0.0,0.12686482454191483,1.0787048762346125,0.0,1e-08
5753.0,1.3926102370391302,0.793627931,0.253213265,0.0,0.0,1.5577607559388875,0.0,0.0,0.16515051889975732,0.0,0.07804340414357748,0.0,0.0,0.0,0.0,0.0,0.9756097953868553,0.0,1.0000136218855531e-08
5754.0,1.4315678286485494,0.785402673,0.24344502,0.0,0.0,1.5416159308648412,0.0,0.0,0.11004810221629174,0.0,0.22667780806952084,0.0,0.0,0.0,0.0,0.0,0.9379735542296684,0.0,1.000027243956662e-08
5755.0,1.4568229177180536,0.777673796,0.248182095,0.0,0.0,1.526445419838461,0.0,0.0,0.06962250212040723,0.0,0.32571801232708525,0.0,0.0,0.0,0.0,0.0,0.9562251129364453,0.0,1.0000408662133296e-08
5756.0,1.4727759797468654,0.779260569,0.26122293,0.0,0.0,1.5295599935718587,0.0,0.0,0.056784013824993165,0.0,0.3883738274024033,0.0,0.0,0.0,0.0,0.0,1.006470373057489,0.0,1.0000544886555574e-08
5757.0,1.4761293347988278,0.774282206,0.272233703,0.0,0.0,1.5197882879560465,0.0,0.0,0.0436589531572185,0.0,0.4394741495331324,0.0,0.0,0.0,0.0,0.0,1.0488939719695802,0.0,1.0000681112833488e-08
5758.0,1.463895798775928,0.74642208,0.281631152,0.0,0.0,1.4651034548710669,0.0,0.0,0.001207656095138916,0.0,0.47876122098960633,0.0,0.0,0.0,0.0,0.0,1.0851015667654076,0.0,1.000081734096706e-08
5759.0,1.4361417535470113,0.64601842,0.305719235,0.0,0.0,1.268027627280731,0.16811412626628028,0.0,0.0,0.0,0.4798415899335074,0.0,0.0,0.0,0.0,0.0,1.0097968346945363,0.0,1.05e-08
5760.0,1.4071414422643003,0.445324253,0.36081851,0.0,0.0,0.8740980727796491,0.5330433694846511,0.0,0.0,0.0,0.47983505367532175,0.0,0.0,0.0,0.0,0.0,0.8571605470158922,0.0,1.05e-08
5761.0,1.3561772977964182,0.099782805,0.418288652,0.0,0.0,0.19585719160696047,1.1603201061894577,0.0,0.0,0.0,0.4798285175061711,0.0,0.0,0.0,0.0,0.0,0.45131152057529134,0.0,1.05e-08
5762.0,1.2775961545385248,7.81e-05,0.409888172,0.0,0.0,0.00015329742097853043,1.2774428571175465,0.0,0.0,0.0,0.47982198142605426,0.0,0.0,0.0,0.0,2.710505431213761e-20,0.3018224140617187,0.0,1.05e-08
5763.0,1.195537457893411,0.0,0.383473291,0.0,0.0,0.0,1.195537457893411,0.0,0.0,0.0,0.4798154454349699,0.0,0.0,0.0,0.0,0.0,0.2819534585829986,0.0,1.05e-08
5764.0,1.1140997529245869,0.0,0.355100047,0.0,0.0,0.0,1.1140997529245869,0.0,0.0,0.0,0.4798089095329169,0.0,0.0,0.0,0.0,0.0,0.2540713979648923,0.0,1.05e-08
5765.0,1.0463367129377747,0.0,0.338685315,0.0,0.0,0.0,1.0463367129377747,0.0,0.0,0.0,0.4798023737198939,0.0,0.0,0.0,0.0,0.0,0.25858983136345914,0.0,1.05e-08
5766.0,0.9954646465460323,0.0,0.3303693,0.0,0.0,0.0,0.9954646465460322,0.0,0.0,0.0,0.47979583799589987,0.0,0.0,0.0,0.0,0.0,0.27742097883816164,0.0,1.05e-08
5767.0,0.9618797036118196,0.0,0.328626344,0.0,0.0,0.0,0.9618797036118196,0.0,0.0,0.0,0.4797893023609334,0.0,0.0,0.0,0.0,0.0,0.3042904562673254,0.0,1.05e-08
5768.0,0.9454148587877211,0.0,0.326308325,0.0,0.0,0.0,0.9454148587877212,0.0,0.0,0.0,0.4797827668149935,0.0,0.0,0.0,0.0,0.0,0.31182416534585833,0.0,1.05e-08
5769.0,0.9570873609513524,0.0,0.317824693,0.0,0.0,0.0,0.9570873609513524,0.0,0.0,0.0,0.47977623135807873,0.0,0.0,0.0,0.0,0.0,0.2674649298088496,0.0,1.05e-08
5770.0,1.0016381603485913,0.0,0.306544192,0.0,0.0,0.0,1.0016381603485913,0.0,0.0,0.0,0.47976969599018804,0.0,0.0,0.0,0.0,0.0,0.17945129179424502,0.0,1.05e-08
5771.0,1.0443730944303358,0.0,0.287722568,0.0,0.0,0.0,1.0443730944303358,0.0,0.0,0.0,0.4797631607113202,0.0,0.0,0.0,0.0,0.0,0.06419819505033408,0.0,1.05e-08
5772.0,1.083210770405713,0.00142095,0.235674434,0.0,0.0,0.002789090529314249,0.9080341281988245,0.0,0.0,0.1723875516775743,0.4797566255214739,0.0,0.0,0.0,0.0,0.0,0.0,0.0,1.1114138588550456e-08
5773.0,1.1303204837793854,0.200978055,0.172183904,0.0,0.0,0.3944867798307457,0.6634103602366563,0.0,0.0,0.0724233437119834,0.3073625387430738,0.0,0.0,0.0,0.0,5.551115123125783e-17,0.0,0.0,1.1114289984074332e-08
5774.0,1.1905374042239782,0.536183636,0.137305225,0.0,0.0,1.0524400585107698,0.13809734571320836,0.0,0.0,0.0,0.23493500823079638,0.0,0.0,0.0,0.0,0.0,0.390928345210986,0.0,1.05e-08
5775.0,1.2517907383627918,0.70141264,0.123306752,0.0,0.0,1.3767573463987508,0.0,0.0,0.12496660803595898,0.0,0.2349318080165948,0.0,0.0,0.0,0.0,0.0,0.4750907306871846,0.0,1.000313350317809e-08
5776.0,1.3041724569330997,0.77041033,0.112813797,0.0,0.0,1.5121884338568319,0.0,0.0,0.20801597692373217,0.0,0.34739855507834866,0.0,0.0,0.0,0.0,0.0,0.4346622417588755,0.0,1.0003269764717845e-08
5777.0,1.3468581399508628,0.775000763,0.109158013,0.0,0.0,1.5211986968539475,0.0,0.0,0.17434055690308473,0.0,0.53460820215081,0.0,0.0,0.0,0.0,0.0,0.42057680796369684,0.0,1.0003406028113739e-08
5778.0,1.3771368375464867,0.762859878,0.110555459,0.0,0.0,1.4973681416824118,0.0,0.0,0.12023130413592505,0.0,0.6915074210910389,0.0,0.0,0.0,0.0,2.220446049250313e-16,0.42596105197683803,0.0,1.0003542293365796e-08
5779.0,1.3958693726643452,0.75064216,0.114106225,0.0,0.0,1.473386776001964,0.0,0.0,0.07751740333761889,0.0,0.7997061753067336,0.0,0.0,0.0,0.0,0.0,0.43964186009218936,0.0,1.0003678560474041e-08
5780.0,1.4106425505082072,0.746173637,0.120493764,0.0,0.0,1.464615802231372,0.0,0.0,0.05397325172316479,0.0,0.8694609449529825,0.0,0.0,0.0,0.0,0.0,0.46425252026757774,0.0,1.0003814829438506e-08
5781.0,1.4181672565443475,0.737317841,0.129850099,0.0,0.0,1.447233335041718,0.0,0.0,0.029066078497370605,0.0,0.918025027967677,0.0,0.0,0.0,0.0,0.0,0.5003017062172983,0.0,1.0003951100259208e-08
5782.0,1.405002233007014,0.696168676,0.144633244,0.0,0.0,1.3664643098186704,0.03853792318834351,0.0,0.0,0.0,0.9441719935537871,0.0,0.0,0.0,0.0,0.0,0.5187220196704049,0.0,1.05e-08
5783.0,1.378385244950889,0.592242221,0.173146405,0.0,0.0,1.1624738165671813,0.21591142838370778,0.0,0.0,0.0,0.9441591323261426,0.0,0.0,0.0,0.0,0.0,0.45120736870624545,0.0,1.05e-08
5784.0,1.3513421281237932,0.393632539,0.244498146,0.0,0.0,0.7726357623806761,0.5787063657431171,0.0,0.0,0.0,0.9441462712736898,0.0,0.0,0.0,0.0,0.0,0.3633247959794943,0.0,1.05e-08
5785.0,1.303337330196021,0.084615682,0.362610874,0.0,0.0,0.16608663028091497,1.137250699915106,0.0,0.0,0.0,0.9441334103964264,0.0,0.0,0.0,0.0,2.7755575615628914e-17,0.25985904703353335,0.0,1.05e-08
5786.0,1.2276898372709426,5.1e-05,0.427295406,0.0,0.0,0.0001001045898835474,1.227589732681059,0.0,0.0,0.0,0.94412054969435,0.0,0.0,0.0,0.0,0.0,0.41874417331475544,0.0,1.05e-08
5787.0,1.1485990525683702,0.0,0.46160294,0.0,0.0,0.0,1.1485990525683705,0.0,0.0,0.0,0.9441076891674582,0.0,0.0,0.0,0.0,0.0,0.6299189482297742,0.0,1.05e-08
5788.0,1.070942972773087,0.0,0.472891159,0.0,0.0,0.0,1.070942972773087,0.0,0.0,0.0,0.9440948288157488,0.0,0.0,0.0,0.0,0.0,0.7510676034589394,0.0,1.05e-08
5789.0,1.0105740164353338,0.0,0.465442694,0.0,0.0,0.0,1.0105740164353338,0.0,0.0,0.0,0.9440819686392191,0.0,0.0,0.0,0.0,0.0,0.7827382393726179,0.0,1.05e-08
5790.0,0.9623872037058906,0.0,0.448845955,0.0,0.0,0.0,0.9623872037058906,0.0,0.0,0.0,0.944069108637867,0.0,0.0,0.0,0.0,0.0,0.7669791875760498,0.0,1.05e-08
5791.0,0.9316459743789615,0.0,0.429881219,0.0,0.0,0.0,0.9316459743789615,0.0,0.0,0.0,0.9440562488116898,0.0,0.0,0.0,0.0,0.0,0.7246508555254351,0.0,1.05e-08
5792.0,0.9175601700802334,0.0,0.41181462,0.0,0.0,0.0,0.9175601700802334,0.0,0.0,0.0,0.9440433891606854,0.0,0.0,0.0,0.0,0.0,0.6691275461241903,0.0,1.05e-08
5793.0,0.9307530311754696,0.0,0.393698292,0.0,0.0,0.0,0.9307530311754696,0.0,0.0,0.0,0.9440305296848513,0.0,0.0,0.0,0.0,0.0,0.586133969599448,0.0,1.05e-08
5794.0,0.969747025745223,0.0,0.381548993,0.0,0.0,0.0,0.969747025745223,0.0,0.0,0.0,0.9440176703841852,0.0,0.0,0.0,0.0,0.0,0.5003297294784446,0.0,1.05e-08
5795.0,1.0110857992306204,0.0,0.366062834,0.0,0.0,0.0,1.0110857992306204,0.0,0.0,0.0,0.9440048112586845,0.0,0.0,0.0,0.0,0.0,0.3993240644764502,0.0,1.05e-08
5796.0,1.0449020080304856,0.00188861,0.296545574,0.0,0.0,0.003707029990195421,1.0411949780402903,0.0,0.0,0.0,0.9439919523083471,0.0,0.0,0.0,0.0,0.0,0.10137062480447989,0.0,1.05e-08
5797.0,1.0918275652518792,0.166047409,0.20312294,0.0,0.0,0.32592368194452276,0.7659038833073565,0.0,0.0,0.0,0.9439790935331703,0.0,0.0,0.0,0.0,0.0,0.016712027165487364,0.0,1.05e-08
5798.0,1.1468666999265837,0.466963154,0.187116617,0.0,0.0,0.916571667096035,0.2302950328305487,0.0,0.0,0.0,0.943966234933152,0.0,0.0,0.0,0.0,1.1102230246251565e-16,0.49064983719768845,0.0,1.05e-08
5799.0,1.2038737358099432,0.631401744,0.186683015,0.0,0.0,1.2393375026446392,0.0,0.0,0.03546376683469604,0.0,0.9439533765082897,0.0,0.0,0.0,0.0,0.0,0.7192742373364651,0.0,1.0006404292477754e-08
5800.0,1.2543282388331465,0.70938165,0.193261206,0.0,0.0,1.3923991989051796,0.0,0.0,0.1380709600720332,0.0,0.9758579084098074,0.0,0.0,0.0,0.0,2.220446049250313e-16,0.7446194639205685,0.0,1.0006540598571824e-08
5801.0,1.2997484265771904,0.72106188,0.201807915,0.0,0.0,1.41532556427568,0.0,0.0,0.1155771376984895,0.0,1.1001084796309664,0.0,0.0,0.0,0.0,2.220446049250313e-16,0.7775492277649746,0.0,1.0006676906522643e-08
5802.0,1.3332006057737136,0.717076736,0.21732022,0.0,0.0,1.407503383770839,0.0,0.0,0.0743027779971255,0.0,1.20411291821193,0.0,0.0,0.0,0.0,0.0,0.8373168576599902,0.0,1.0006813216330231e-08
5803.0,1.3595477836532437,0.708021563,0.237005698,0.0,0.0,1.3897295724082983,0.0,0.0,0.030181788755054687,0.0,1.2709690163444047,0.0,0.0,0.0,0.0,2.220446049250313e-16,0.9131633784324008,0.0,1.0006949527994615e-08
5804.0,1.3790319328344731,0.703803669,0.25611333,0.0,0.0,1.3814505420349206,0.0,0.0,0.0024186092004475097,0.0,1.2981153134653043,0.0,0.0,0.0,0.0,0.0,0.9867835062951623,0.0,1.0007085841515823e-08
5805.0,1.3835801615256405,0.690590798,0.269558613,0.0,0.0,1.355515855120426,0.028064306405214356,0.0,0.0,0.0,1.3002743792083415,0.0,0.0,0.0,0.0,2.220446049250313e-16,1.0105227647487969,0.0,1.05e-08
5806.0,1.3671774158691707,0.652426299,0.275133947,0.0,0.0,1.280605237071288,0.08657217879788282,0.0,0.0,0.0,1.3002566672608302,0.0,0.0,0.0,0.0,0.0,0.9734961937522197,0.0,1.05e-08
5807.0,1.3370850157764336,0.545401267,0.287459108,0.0,0.0,1.0705327481372968,0.2665522676391367,0.0,0.0,0.0,1.300238955554586,0.0,0.0,0.0,0.0,0.0,0.8410039322225409,0.0,1.05e-08
5808.0,1.30959221532168,0.356657111,0.384175797,0.0,0.0,0.7000590946216834,0.6095331206999965,0.0,0.0,0.0,1.3002212440896053,0.0,0.0,0.0,0.0,0.0,0.8706644933695191,0.0,1.05e-08
5809.0,1.2649322070434386,0.088262243,0.495643085,0.0,0.0,0.17324422819052948,1.091687978852909,0.0,0.0,0.0,1.3002035328658847,0.0,0.0,0.0,0.0,0.0,0.8179838890160973,0.0,1.05e-08
5810.0,1.196286930606174,4.67e-05,0.521653483,0.0,0.0,9.166439897179733e-05,1.1961952662072024,0.0,0.0,0.0,1.3001858218834212,0.0,0.0,0.0,0.0,0.0,0.8136925167747453,0.0,1.05e-08
5811.0,1.1180740996528384,0.0,0.527832166,0.0,0.0,0.0,1.1180740996528384,0.0,0.0,0.0,1.3001681111422112,0.0,0.0,0.0,0.0,0.0,0.9156196385873785,0.0,1.05e-08
5812.0,1.040989760469863,0.0,0.519694213,0.0,0.0,0.0,1.040989760469863,0.0,0.0,0.0,1.3001504006422517,0.0,0.0,0.0,0.0,0.0,0.9613491170319246,0.0,1.05e-08
5813.0,0.9800469221691941,0.0,0.503171296,0.0,0.0,0.0,0.9800469221691941,0.0,0.0,0.0,1.3001326903835393,0.0,0.0,0.0,0.0,0.0,0.958630520875106,0.0,1.05e-08
5814.0,0.9330142974174058,0.0,0.480120565,0.0,0.0,0.0,0.9330142974174059,0.0,0.0,0.0,1.3001149803660708,0.0,0.0,0.0,0.0,0.0,0.9168505830053134,0.0,1.05e-08
5815.0,0.9015471502344006,0.0,0.458784181,0.0,0.0,0.0,0.9015471502344007,0.0,0.0,0.0,1.3000972705898428,0.0,0.0,0.0,0.0,0.0,0.8661104049578044,0.0,1.05e-08
5816.0,0.8872600589785304,0.0,0.444670777,0.0,0.0,0.0,0.8872600589785304,0.0,0.0,0.0,1.3000795610548521,0.0,0.0,0.0,0.0,0.0,0.8260197163266216,0.0,1.05e-08
5817.0,0.8965556619673991,0.0,0.428527374,0.0,0.0,0.0,0.8965556619673992,0.0,0.0,0.0,1.3000618517610951,0.0,0.0,0.0,0.0,0.0,0.7545249149755441,0.0,1.05e-08
5818.0,0.9330378522740926,0.0,0.413514387,0.0,0.0,0.0,0.9330378522740926,0.0,0.0,0.0,1.3000441427085692,0.0,0.0,0.0,0.0,0.0,0.6601989257856621,0.0,1.05e-08
5819.0,0.9724879545233275,0.0,0.395971195,0.0,0.0,0.0,0.9724879545233275,0.0,0.0,0.0,1.3000264338972705,0.0,0.0,0.0,0.0,0.0,0.553156353775602,0.0,1.05e-08
5820.0,1.0073148808101189,0.000625491,0.333557317,0.0,0.0,0.001227735686879411,1.0060871451232396,0.0,0.0,0.0,1.3000087253271961,0.0,0.0,0.0,0.0,0.0,0.27908164644128775,0.0,1.05e-08
5821.0,1.0548442989029385,0.162863759,0.233189863,0.0,0.0,0.31967470199191966,0.7351695969110188,0.0,0.0,0.0,1.2999910169983422,0.0,0.0,0.0,0.0,0.0,0.16329168444293718,0.0,1.05e-08
5822.0,1.1110676004638085,0.501758934,0.229798241,0.0,0.0,0.984870045264234,0.1261975551995746,0.0,0.0,0.0,1.299973308910706,0.0,0.0,0.0,0.0,0.0,0.7591960867262117,0.0,1.05e-08
5823.0,1.1671110285736157,0.656629479,0.251946304,0.0,0.0,1.2888553862890668,0.0,0.0,0.12174435771545117,0.0,1.299955601064284,0.0,0.0,0.0,0.0,0.0,0.9707282993010434,0.0,1.0009676151248555e-08
5824.0,1.220576270551518,0.736165839,0.246724315,0.0,0.0,1.4449721450857371,0.0,0.0,0.224395874534219,0.0,1.4095078154029792,0.0,0.0,0.0,0.0,0.0,0.950608407004712,0.0,1.0009812501911515e-08
5825.0,1.268163505110751,0.744020882,0.244287774,0.0,0.0,1.4603902991648083,0.0,0.0,0.19222679405405738,0.0,1.6114449025911672,0.0,0.0,0.0,0.0,0.0,0.9412206157827093,0.0,1.0009948854431825e-08
5826.0,1.305703522617744,0.735872832,0.253400653,0.0,0.0,1.444397020662835,0.0,0.0,0.13869349804509082,0.0,1.7844270666207893,0.0,0.0,0.0,0.0,0.0,0.9763317858731669,0.0,1.0010085208809512e-08
5827.0,1.329483221118409,0.722382087,0.266354922,0.0,0.0,1.4179169129089424,0.0,0.0,0.0884336917905332,0.0,1.9092269079311976,0.0,0.0,0.0,0.0,0.0,1.0262435143463031,0.0,1.0010221565044606e-08
5828.0,1.3453099434613551,0.711868241,0.276585594,0.0,0.0,1.3972799669887705,0.0,0.0,0.05197002352741528,0.0,1.9887912236265062,0.0,0.0,0.0,0.0,-2.220446049250313e-16,1.0656614485394034,0.0,1.0010357923137128e-08
5829.0,1.345980186201626,0.694127924,0.287399649,0.0,0.0,1.3624586501713367,0.0,0.0,0.016478463969710692,0.0,2.035537154083769,0.0,0.0,0.0,0.0,0.0,1.107327109245813,0.0,1.0010494283087102e-08
5830.0,1.3256095178687286,0.652483289,0.299293097,0.0,0.0,1.2807170990433947,0.04489241882533374,0.0,0.0,0.0,2.050340044180057,0.0,0.0,0.0,0.0,2.220446049250313e-16,1.1082591632012566,0.0,1.05e-08
5831.0,1.2922601235013842,0.547495091,0.334912077,0.0,0.0,1.0746425793688328,0.21761754413255152,0.0,0.0,0.0,2.050312115063077,0.0,0.0,0.0,0.0,0.0,1.0727710258128527,0.0,1.05e-08
5832.0,1.2590541996247688,0.372307013,0.412002608,0.0,0.0,0.7307772715124226,0.5282769281123462,0.0,0.0,0.0,2.05028418632654,0.0,0.0,0.0,0.0,1.1102230246251565e-16,1.059135090328831,0.0,1.05e-08
5833.0,1.2134948240912118,0.093218545,0.498053871,0.0,0.0,0.18297263170129427,1.0305221923899173,0.0,0.0,0.0,2.050256257970439,0.0,0.0,0.0,0.0,2.7755575615628914e-17,0.8884382348133779,0.0,1.05e-08
5834.0,1.1535455724726058,3.87e-05,0.504802108,0.0,0.0,7.596171820575068e-05,1.1534696107543998,0.0,0.0,0.0,2.05022832999477,0.0,0.0,0.0,0.0,0.0,0.7914912162257082,0.0,1.05e-08
5835.0,1.0863628385005333,0.0,0.492513562,0.0,0.0,0.0,1.0863628385005333,0.0,0.0,0.0,2.0502004023995273,0.0,0.0,0.0,0.0,0.0,0.8112512357387103,0.0,1.05e-08
5836.0,1.0203771195182734,0.0,0.476697256,0.0,0.0,0.0,1.0203771195182734,0.0,0.0,0.0,2.0501724751847057,0.0,0.0,0.0,0.0,0.0,0.8162980340825279,0.0,1.05e-08
5837.0,0.9654107907642372,0.0,0.455249551,0.0,0.0,0.0,0.9654107907642372,0.0,0.0,0.0,2.0501445483503007,0.0,0.0,0.0,0.0,0.0,0.7886281269878311,0.0,1.05e-08
5838.0,0.9215794851712508,0.0,0.424348907,0.0,0.0,0.0,0.9215794851712508,0.0,0.0,0.0,2.0501166218963065,0.0,0.0,0.0,0.0,0.0,0.7134018035495658,0.0,1.05e-08
5839.0,0.8891615783183405,0.0,0.398885482,0.0,0.0,0.0,0.8891615783183405,0.0,0.0,0.0,2.050088695822718,0.0,0.0,0.0,0.0,0.0,0.6477112370802017,0.0,1.05e-08
5840.0,0.8669814687217724,0.0,0.388403316,0.0,0.0,0.0,0.8669814687217723,0.0,0.0,0.0,2.05006077012953,0.0,0.0,0.0,0.0,0.0,0.6295044268743217,0.0,1.05e-08
5841.0,0.8579064248455167,0.0,0.367492327,0.0,0.0,0.0,0.8579064248455167,0.0,0.0,0.0,2.0500328448167378,0.0,0.0,0.0,0.0,0.0,0.5580111573187089,0.0,1.05e-08
5842.0,0.8597544104201295,0.0,0.344381614,0.0,0.0,0.0,0.8597544104201296,0.0,0.0,0.0,2.0500049198843358,0.0,0.0,0.0,0.0,0.0,0.46711950343084885,0.0,1.05e-08
5843.0,0.8700093384813348,0.0,0.316381285,0.0,0.0,0.0,0.8700093384813348,0.0,0.0,0.0,2.049976995332319,0.0,0.0,0.0,0.0,0.0,0.34898162047604986,0.0,1.05e-08
5844.0,0.9006563483815165,0.000417217,0.24959979,0.0,0.0,0.0008189281701459608,0.8998374202113705,0.0,0.0,0.0,2.0499490711606816,0.0,0.0,0.0,0.0,0.0,0.061849954462709245,0.0,1.05e-08
5845.0,0.9536654826799374,0.137912769,0.165971117,0.0,0.0,0.27070002314606684,0.6394730050832756,0.0,0.0,0.043492454450595,2.0499211473694188,0.0,0.0,0.0,0.0,0.0,0.0,0.0,1.1125195883245716e-08
5846.0,1.0168331842622085,0.499824545,0.156982713,0.0,0.0,0.9810731586461899,0.035760025616018556,0.0,0.0,0.0,2.006400769507931,0.0,0.0,0.0,0.0,0.0,0.5690814012705366,0.0,1.05e-08
5847.0,1.0812771308067846,0.635609208,0.17916265,0.0,0.0,1.2475960606479684,0.0,0.0,0.1663189298411837,0.0,2.006373438918569,0.0,0.0,0.0,0.0,0.0,0.6902988921511153,0.0,1.0012949079840196e-08
5848.0,1.137187795178902,0.707883444,0.180316846,0.0,0.0,1.3894584675877077,0.0,0.0,0.2522706724088057,0.0,2.156033145558562,0.0,0.0,0.0,0.0,2.220446049250313e-16,0.6947459140059786,0.0,1.0013085475086613e-08
5849.0,1.1843981520311455,0.70277237,0.179656188,0.0,0.0,1.3794262721635027,0.0,0.0,0.19502812013235718,0.0,2.383047381889788,0.0,0.0,0.0,0.0,2.220446049250313e-16,0.692200453300353,0.0,1.0013221872190987e-08
5850.0,1.2189295719340474,0.683087229,0.183823536,0.0,0.0,1.3407875865438006,0.0,0.0,0.12185801460975318,0.0,2.5585402288523875,0.0,0.0,0.0,0.0,0.0,0.7082569009338757,0.0,1.0013358271153348e-08
5851.0,1.2438548930099358,0.661531452,0.191204781,0.0,0.0,1.2984771509319144,0.0,0.0,0.054622257921978515,0.0,2.6681775903337304,0.0,0.0,0.0,0.0,-2.220446049250313e-16,0.7366962282501214,0.0,1.0013494671973724e-08
5852.0,1.262289780393297,0.644277435,0.198700393,0.0,0.0,1.2646103608215467,0.0,0.0,0.002320580428249512,0.0,2.717301277348829,0.0,0.0,0.0,0.0,0.0,0.765576202170995,0.0,1.0013631074652131e-08
5853.0,1.2639214895565125,0.612725131,0.209469492,0.0,0.0,1.2026783911783894,0.06124309837812305,0.0,0.0,0.0,2.7193527854714437,0.0,0.0,0.0,0.0,2.220446049250313e-16,0.7458255527445128,0.0,1.05e-08
5854.0,1.2527136604747942,0.570373375,0.229840413,0.0,0.0,1.1195488781347016,0.13316478234009252,0.0,0.0,0.0,2.719315743263606,0.0,0.0,0.0,0.0,2.220446049250313e-16,0.7523913448184127,0.0,1.05e-08
5855.0,1.2288183290413028,0.477826253,0.271972047,0.0,0.0,0.9378941390619051,0.29092418997939756,0.0,0.0,0.0,2.7192787015603463,0.0,0.0,0.0,0.0,1.1102230246251565e-16,0.7569616430341857,0.0,1.05e-08
5856.0,1.2040771641176933,0.328186243,0.356981705,0.0,0.0,0.6441754757046516,0.5599016884130418,0.0,0.0,0.0,2.719241660361657,0.0,0.0,0.0,0.0,0.0,0.815519335331116,0.0,1.05e-08
5857.0,1.1678669253382024,0.093953124,0.448973909,0.0,0.0,0.18441448914309952,0.9834524361951029,0.0,0.0,0.0,2.7192046196675324,0.0,0.0,0.0,0.0,0.0,0.7464069512802198,0.0,1.05e-08
5858.0,1.113044067074895,3.17e-05,0.476776587,0.0,0.0,6.222187253545986e-05,1.1129818452023594,0.0,0.0,0.0,2.7191675794779644,0.0,0.0,0.0,0.0,0.0,0.7239989641889384,0.0,1.05e-08
5859.0,1.0516494037959603,0.0,0.467878875,0.0,0.0,0.0,1.0516494037959603,0.0,0.0,0.0,2.719130539792947,0.0,0.0,0.0,0.0,0.0,0.7510492561837294,0.0,1.05e-08
5860.0,0.9942590661537879,0.0,0.441865105,0.0,0.0,0.0,0.9942590661537879,0.0,0.0,0.0,2.7190935006124737,0.0,0.0,0.0,0.0,0.0,0.7082106866754775,0.0,1.05e-08
5861.0,0.9428944891222296,0.0,0.410818048,0.0,0.0,0.0,0.9428944891222296,0.0,0.0,0.0,2.7190564619365367,0.0,0.0,0.0,0.0,0.0,0.6399535174800598,0.0,1.05e-08
5862.0,0.8992816012912485,0.0,0.378321886,0.0,0.0,0.0,0.8992816012912485,0.0,0.0,0.0,2.7190194237651295,0.0,0.0,0.0,0.0,0.0,0.5583613772108026,0.0,1.05e-08
5863.0,0.8671313632643249,0.0,0.347481387,0.0,0.0,0.0,0.8671313632643249,0.0,0.0,0.0,2.7189823860982445,0.0,0.0,0.0,0.0,0.0,0.47168571992367725,0.0,1.05e-08
5864.0,0.8456065069537725,0.0,0.315221077,0.0,0.0,0.0,0.8456065069537725,0.0,0.0,0.0,2.718945348935876,0.0,0.0,0.0,0.0,0.0,0.3689142664093218,0.0,1.05e-08
5865.0,0.8327541206051915,0.0,0.273265978,0.0,0.0,0.0,0.8327541206051915,0.0,0.0,0.0,2.7189083122780167,0.0,0.0,0.0,0.0,0.0,0.22011712167656217,0.0,1.05e-08
5866.0,0.833531430875857,0.0,0.244043992,0.0,0.0,0.0,0.833531430875857,0.0,0.0,0.0,2.718871276124659,0.0,0.0,0.0,0.0,0.0,0.10674991299651604,0.0,1.05e-08
5867.0,0.8397884573521239,0.0,0.222844382,0.0,0.0,0.0,0.8397884573521239,0.0,0.0,0.0,2.7188342404757972,0.0,0.0,0.0,0.0,0.0,0.01881254021461176,0.0,1.05e-08
5868.0,0.8672962472611327,0.000324297,0.168103989,0.0,0.0,0.0006365415330483289,0.6476907847304294,0.0,0.0,0.21896892099765491,2.7187972053314238,0.0,0.0,0.0,0.0,0.0,0.0,0.0,1.1128681966911422e-08
5869.0,0.9269007414318678,0.112561814,0.129668684,0.0,0.0,0.2209402789611401,0.49960272920663457,0.0,0.0,0.2063577332640931,2.4997912496938772,0.0,0.0,0.0,0.0,0.0,0.0,0.0,1.1128833560543533e-08
5870.0,0.9940063867820563,0.458953734,0.144084854,0.0,0.0,0.9008504964233864,0.0931558903586698,0.0,0.0,0.0,2.2933994650233185,0.0,0.0,0.0,0.0,0.0,0.46199115112545197,0.0,1.05e-08
5871.0,1.0598058082614292,0.673139293,0.141828913,0.0,0.0,1.3212614286326678,0.0,0.0,0.26145562037123854,0.0,2.293368225023826,0.0,0.0,0.0,0.0,0.0,0.5464550871450992,0.0,1.001622307860248e-08
5872.0,1.1187165048352066,0.717607815,0.133959514,0.0,0.0,1.4085458042706582,0.0,0.0,0.28982929943545166,0.0,2.5286470437839896,0.0,0.0,0.0,0.0,0.0,0.5161349427869135,0.0,1.0016359518446934e-08
5873.0,1.1660831802818263,0.715255613,0.130855875,0.0,0.0,1.403928819632751,0.0,0.0,0.23784563935092456,0.0,2.78945896880446,0.0,0.0,0.0,0.0,-2.220446049250313e-16,0.5041768780712097,0.0,1.0016495960149955e-08
5874.0,1.2044411937210353,0.701526377,0.132281557,0.0,0.0,1.3769805933740367,0.0,0.0,0.17253939965300122,0.0,3.0034820470470565,0.0,0.0,0.0,0.0,0.0,0.5096699130601418,0.0,1.0016632403711566e-08
5875.0,1.2332916104611937,0.680440574,0.133671468,0.0,0.0,1.3355926392234432,0.0,0.0,0.10230102876224927,0.0,3.1587265942033573,0.0,0.0,0.0,0.0,-2.220446049250313e-16,0.5150251253406513,0.0,1.0016768849131799e-08
5876.0,1.254842162979041,0.659827667,0.132949713,0.0,0.0,1.2951329019382918,0.0,0.0,0.040290738959250734,0.0,3.2507544928633334,0.0,0.0,0.0,0.0,0.0,0.5122442629404551,0.0,1.0016905296410674e-08
5877.0,1.2640563946448098,0.621905622,0.13438439,0.0,0.0,1.22069818110946,0.043358213535349854,0.0,0.0,0.0,3.2869718771241843,0.0,0.0,0.0,0.0,0.0,0.47441374138607717,0.0,1.05e-08
5878.0,1.2552575849969725,0.583720216,0.141859041,0.0,0.0,1.1457465260669746,0.10951105892999781,0.0,0.0,0.0,3.286927102979366,0.0,0.0,0.0,0.0,2.220446049250313e-16,0.43706010891061864,0.0,1.05e-08
5879.0,1.2309553969479812,0.499619104,0.167455746,0.0,0.0,0.9806699118412827,0.2502854851066985,0.0,0.0,0.0,3.286882329444447,0.0,0.0,0.0,0.0,0.0,0.3949076728876632,0.0,1.05e-08
5880.0,1.2062142320243716,0.353966681,0.226583338,0.0,0.0,0.6947782241950089,0.5114360078293627,0.0,0.0,0.0,3.2868375565194206,0.0,0.0,0.0,0.0,0.0,0.3615708783787933,0.0,1.05e-08
5881.0,1.1709568942653936,0.083849733,0.31081864,0.0,0.0,0.1645831987021559,1.0063736955632376,0.0,0.0,0.0,3.286792784204277,0.0,0.0,0.0,0.0,0.0,0.19118485166698185,0.0,1.05e-08
5882.0,1.1168214095472202,2.66e-05,0.343520931,0.0,0.0,5.221141354710512e-05,1.1167691981336731,0.0,0.0,0.0,3.2867480124990083,0.0,0.0,0.0,0.0,0.0,0.20678857520814597,0.0,1.05e-08
5883.0,1.0559706493226908,0.0,0.334095026,0.0,0.0,0.0,1.0559706493226908,0.0,0.0,0.0,3.2867032414036066,0.0,0.0,0.0,0.0,0.0,0.23126989060568182,0.0,1.05e-08
5884.0,0.994984984009864,0.0,0.310357543,0.0,0.0,0.0,0.994984984009864,0.0,0.0,0.0,3.286658470918063,0.0,0.0,0.0,0.0,0.0,0.20079699456458833,0.0,1.05e-08
5885.0,0.9424383814427482,0.0,0.28791092,0.0,0.0,0.0,0.9424383814427482,0.0,0.0,0.0,3.2866137010423695,0.0,0.0,0.0,0.0,0.0,0.16685861273660985,0.0,1.05e-08
5886.0,0.9023180364532425,0.0,0.268841248,0.0,0.0,0.0,0.9023180364532424,0.0,0.0,0.0,3.286568931776518,0.0,0.0,0.0,0.0,0.0,0.13350508660797167,0.0,1.05e-08
5887.0,0.8725168600431789,0.0,0.248219053,0.0,0.0,0.0,0.8725168600431789,0.0,0.0,0.0,3.2865241631205,0.0,0.0,0.0,0.0,0.0,0.08385064901464623,0.0,1.05e-08
5888.0,0.8561997684110251,0.0,0.227312847,0.0,0.0,0.0,0.8561997684110251,0.0,0.0,0.0,3.286479395074307,0.0,0.0,0.0,0.0,0.0,0.019617855718870092,0.0,1.05e-08
5889.0,0.851970600960434,0.0,0.211074825,0.0,0.0,0.0,0.8132538665759326,0.0,0.0,0.03871673438450134,3.2864346276379313,0.0,0.0,0.0,0.0,0.0,0.0,0.0,1.1654118667122407e-08
5890.0,0.8587265621283402,0.0,0.201522197,0.0,0.0,0.0,0.7764483799104265,0.0,0.0,0.08227818221791369,3.247673126426862,0.0,0.0,0.0,0.0,0.0,1.1102230246251565e-16,0.0,1.1654277418193115e-08
5891.0,0.8680435786232878,0.0,0.196295225,0.0,0.0,0.0,0.7563092885266761,0.0,0.0,0.11173429009661169,3.1653507053799226,0.0,0.0,0.0,0.0,0.0,0.0,0.0,1.1654436171426311e-08
5892.0,0.9037441759581,0.000105071,0.162363815,0.0,0.0,0.00020623704634616097,0.6255743684296287,0.0,0.0,0.2779635704821251,3.0535732978256074,0.0,0.0,0.0,0.0,0.0,1.1102230246251565e-16,0.0,1.1654594926822025e-08
5893.0,0.9666013817022263,0.090003227,0.107478792,0.0,0.0,0.17666149268687883,0.4141069081493277,0.0,0.0,0.37583298086601985,2.7755681324840915,0.0,0.0,0.0,0.0,2.7755575615628914e-17,0.0,0.0,1.1654753684380286e-08
5894.0,1.0429041279133204,0.426213274,0.093034343,0.0,0.0,0.8365863724841964,0.20631775542912403,0.0,0.0,0.0,2.399697343661641,0.0,0.0,0.0,0.0,0.0,0.15213588379147727,0.0,1.05e-08
5895.0,1.1204060304648351,0.612108325,0.122623815,0.0,0.0,1.2014677027143166,0.0,0.0,0.08106167224948145,0.0,2.399664655704335,0.0,0.0,0.0,0.0,2.220446049250313e-16,0.4724594308347376,0.0,1.0489564085386117e-08
5896.0,1.183657244720814,0.676039024,0.144971145,0.0,0.0,1.326953122407719,0.0,0.0,0.14329587768690502,0.0,2.472587473216828,0.0,0.0,0.0,0.0,2.220446049250313e-16,0.5585618475021367,0.0,1.048970697302759e-08
5897.0,1.2259981702907061,0.683768683,0.162420359,0.0,0.0,1.3421251683711437,0.0,0.0,0.11612699808043775,0.0,2.6015200822902584,0.0,0.0,0.0,0.0,2.220446049250313e-16,0.6257922277912634,0.0,1.0489849862615465e-08
5898.0,1.2536772682483466,0.673379644,0.178895748,0.0,0.0,1.3217331980107678,0.0,0.0,0.06805592976242114,0.0,2.7059989434365472,0.0,0.0,0.0,0.0,0.0,0.6892705407904219,0.0,1.0489992754149763e-08
5899.0,1.2738123880143757,0.657015015,0.192114325,0.0,0.0,1.2896121298805443,0.0,0.0,0.015799741866168455,0.0,2.767212419916919,0.0,0.0,0.0,0.0,0.0,0.7402006261565081,0.0,1.0490135647630516e-08
5900.0,1.2925085201719,0.640420721,0.20057937,0.0,0.0,1.2570402672280536,0.035468252943846194,0.0,0.0,0.0,2.78139449345905,0.0,0.0,0.0,0.0,2.220446049250313e-16,0.73734749241027,0.0,1.05e-08
5901.0,1.3039283429637998,0.602746608,0.206110164,0.0,0.0,1.1830921960301826,0.12083614693361719,0.0,0.0,0.0,2.781356606137679,0.0,0.0,0.0,0.0,2.220446049250313e-16,0.6732892908754612,0.0,1.05e-08
5902.0,1.2980267806884433,0.549940076,0.210861753,0.0,0.0,1.0794416817354295,0.21858509895301392,0.0,0.0,0.0,2.781318719332397,0.0,0.0,0.0,0.0,-2.220446049250313e-16,0.5938478188060285,0.0,1.05e-08
5903.0,1.2804955432616136,0.45487901,0.220223382,0.0,0.0,0.8928524851506678,0.3876430581109457,0.0,0.0,0.0,2.7812808330431977,0.0,0.0,0.0,0.0,0.0,0.46085944294254866,0.0,1.05e-08
5904.0,1.263949327114415,0.308663884,0.284378503,0.0,0.0,0.6058563043075068,0.6580930228069082,0.0,0.0,0.0,2.781242947270074,0.0,0.0,0.0,0.0,1.1102230246251565e-16,0.4375938604385261,0.0,1.05e-08
5905.0,1.2235977162592566,0.075476605,0.371066149,0.0,0.0,0.1481481292025001,1.0754495870567564,0.0,0.0,0.0,2.7812050620130195,0.0,0.0,0.0,0.0,0.0,0.35423763608646386,0.0,1.05e-08
5906.0,1.1572501090242628,1.4e-05,0.391480732,0.0,0.0,2.747969134058164e-05,1.1572226293329224,0.0,0.0,0.0,2.7811671772720263,0.0,0.0,0.0,0.0,0.0,0.35112029592581684,0.0,1.05e-08
5907.0,1.0863542730981017,0.0,0.385125592,0.0,0.0,0.0,1.0863542730981017,0.0,0.0,0.0,2.781129293047088,0.0,0.0,0.0,0.0,0.0,0.39750282265618875,0.0,1.05e-08
5908.0,1.0169402517926032,0.0,0.374402675,0.0,0.0,0.0,1.0169402517926032,0.0,0.0,0.0,2.7810914093381967,0.0,0.0,0.0,0.0,0.0,0.4256023304415515,0.0,1.05e-08
5909.0,0.9605070978721595,0.0,0.363008317,0.0,0.0,0.0,0.9605070978721596,0.0,0.0,0.0,2.7810535261453464,0.0,0.0,0.0,0.0,0.0,0.4381339641278771,0.0,1.05e-08
5910.0,0.9178728072689859,0.0,0.345466869,0.0,0.0,0.0,0.917872807268986,0.0,0.0,0.0,2.781015643468529,0.0,0.0,0.0,0.0,0.0,0.41318250445817617,0.0,1.05e-08
5911.0,0.8928318532602711,0.0,0.324515637,0.0,0.0,0.0,0.8928318532602711,0.0,0.0,0.0,2.7809777613077387,0.0,0.0,0.0,0.0,0.0,0.3575000920799739,0.0,1.05e-08
5912.0,0.8846518939381153,0.0,0.306467425,0.0,0.0,0.0,0.8846518939381153,0.0,0.0,0.0,2.780939879662968,0.0,0.0,0.0,0.0,0.0,0.2961417812944457,0.0,1.05e-08
5913.0,0.9043458954789183,0.0,0.282872364,0.0,0.0,0.0,0.9043458954789183,0.0,0.0,0.0,2.780901998534209,0.0,0.0,0.0,0.0,0.0,0.18553795860209132,0.0,1.05e-08
5914.0,0.9535434256952875,0.0,0.260627738,0.0,0.0,0.0,0.9535434256952875,0.0,0.0,0.0,2.7808641179214555,0.0,0.0,0.0,0.0,0.0,0.05063372174728009,0.0,1.05e-08
5915.0,1.0017794894887122,0.0,0.248632938,0.0,0.0,0.0,0.9579621737771623,0.0,0.0,0.04381731571154981,2.7808262378247006,0.0,0.0,0.0,0.0,0.0,0.0,0.0,1.1658246897846285e-08
5916.0,1.0535444990839467,0.000129463,0.196724101,0.0,0.0,0.0002541145200018372,0.7579617123308017,0.0,0.0,0.2953286722331432,2.736971042532387,0.0,0.0,0.0,0.0,0.0,0.0,0.0,1.1658405705151278e-08
5917.0,1.1133224426539212,0.129794041,0.144128533,0.0,0.0,0.2547642988947713,0.5553153330633671,0.0,0.0,0.30324281069578274,2.441605088100794,0.0,0.0,0.0,0.0,0.0,-1.1102230246251565e-16,0.0,1.1658564514619528e-08
5918.0,1.180541579586328,0.467933337,0.160227847,0.0,0.0,0.9184759763377408,0.2620656032485873,0.0,0.0,0.0,2.138329018592983,0.0,0.0,0.0,0.0,0.0,0.355279056901608,0.0,1.05e-08
5919.0,1.2455080156792302,0.624346777,0.173191852,0.0,0.0,1.2254897658176396,0.020018249861590575,0.0,0.0,0.0,2.1382998909165902,0.0,0.0,0.0,0.0,2.220446049250313e-16,0.6472756507655765,0.0,1.05e-08
5920.0,1.3037506108633445,0.692656683,0.171858524,0.0,0.0,1.3595708467022216,0.0,0.0,0.0558202358388772,0.0,2.1382707636369664,0.0,0.0,0.0,0.0,2.220446049250313e-16,0.662156697972071,0.0,1.0493136860403689e-08
5921.0,1.3513485521756168,0.696843901,0.167694448,0.0,0.0,1.3677896651462025,0.0,0.0,0.016441112970585692,0.0,2.188479849009095,0.0,0.0,0.0,0.0,-2.220446049250313e-16,0.6461128570842907,0.0,1.0493279796713095e-08
5922.0,1.387188337299942,0.682409162,0.16425906,0.0,0.0,1.3394566528389267,0.04773168446101538,0.0,0.0,0.0,2.203247039866663,0.0,0.0,0.0,0.0,2.220446049250313e-16,0.5851449064120464,0.0,1.05e-08
5923.0,1.4114262848306964,0.661894354,0.161465335,0.0,0.0,1.2991894677138343,0.1122368171168623,0.0,0.0,0.0,2.2032170278964602,0.0,0.0,0.0,0.0,0.0,0.5098757820845264,0.0,1.05e-08
5924.0,1.4289168365959763,0.644209087,0.158102093,0.0,0.0,1.264476204968422,0.16444063162755446,0.0,0.0,0.0,2.2031870163350717,0.0,0.0,0.0,0.0,0.0,0.44471367394156164,0.0,1.05e-08
5925.0,1.4350004136730037,0.611555489,0.156542613,0.0,0.0,1.2003825768113194,0.23461783686168433,0.0,0.0,0.0,2.2031570051824914,0.0,0.0,0.0,0.0,0.0,0.3685279210758141,0.0,1.05e-08
5926.0,1.4219767192757913,0.563619524,0.159673488,0.0,0.0,1.1062921823603962,0.315684536915395,0.0,0.0,0.0,2.2031269944387137,0.0,0.0,0.0,0.0,2.220446049250313e-16,0.29952422379619525,0.0,1.05e-08
5927.0,1.3938436549892772,0.467346493,0.180884273,0.0,0.0,0.917324098338807,0.4765195566504701,0.0,0.0,0.0,2.203096984103734,0.0,0.0,0.0,0.0,0.0,0.22041260671873597,0.0,1.05e-08
5928.0,1.3650981644289055,0.309640658,0.239433303,0.0,0.0,0.6077735505953288,0.7573246138335767,0.0,0.0,0.0,2.2030669741775455,0.0,0.0,0.0,0.0,0.0,0.16519212615091383,0.0,1.05e-08
5929.0,1.3131211611234896,0.065267692,0.330903512,0.0,0.0,0.12810971647658212,1.1850114446469078,0.0,0.0,0.0,2.2030369646601438,0.0,0.0,0.0,0.0,0.0,0.0899324554489731,0.0,1.05e-08
5930.0,1.2348933407158986,1.37e-05,0.368752278,0.0,0.0,2.6890840811854893e-05,1.234866449875087,0.0,0.0,0.0,2.203006955551522,0.0,0.0,0.0,0.0,0.0,0.18590561942395523,0.0,1.05e-08
5931.0,1.1529331461987482,0.0,0.371513779,0.0,0.0,0.0,1.1529331461987482,0.0,0.0,0.0,2.2029769468516758,0.0,0.0,0.0,0.0,0.0,0.2784787583615731,0.0,1.05e-08
5932.0,1.0758509483663805,0.0,0.355015457,0.0,0.0,0.0,1.0758509483663805,0.0,0.0,0.0,2.2029469385605993,0.0,0.0,0.0,0.0,0.0,0.2919942842399794,0.0,1.05e-08
5933.0,1.012571896552499,0.0,0.334710726,0.0,0.0,0.0,1.012571896552499,0.0,0.0,0.0,2.202916930678286,0.0,0.0,0.0,0.0,0.0,0.2770408846208956,0.0,1.05e-08
5934.0,0.9629268240590799,0.0,0.317188865,0.0,0.0,0.0,0.9629268240590799,0.0,0.0,0.0,2.2028869232047312,0.0,0.0,0.0,0.0,0.0,0.2591756739346126,0.0,1.05e-08
5935.0,0.9303483159105775,0.0,0.299347905,0.0,0.0,0.0,0.9303483159105775,0.0,0.0,0.0,2.20285691613993,0.0,0.0,0.0,0.0,0.0,0.2230144368130359,0.0,1.05e-08
5936.0,0.9180055710066753,0.0,0.284598024,0.0,0.0,0.0,0.9180055710066753,0.0,0.0,0.0,2.202826909483875,0.0,0.0,0.0,0.0,0.0,0.178527108519981,0.0,1.05e-08
5937.0,0.932442556805098,0.0,0.266604911,0.0,0.0,0.0,0.932442556805098,0.0,0.0,0.0,2.202796903236562,0.0,0.0,0.0,0.0,0.0,0.0947641445098617,0.0,1.05e-08
5938.0,0.980087607830744,0.0,0.250095817,0.0,0.0,0.0,0.9635985257347335,0.0,0.0,0.016489082096010497,2.2027668973979853,0.0,0.0,0.0,0.0,0.0,0.0,0.0,1.166190001321683e-08
5939.0,1.025869683827522,0.0,0.232013555,0.0,0.0,0.0,0.8939290637894776,0.0,0.0,0.13194062003804455,2.1862478098721287,0.0,0.0,0.0,0.0,0.0,0.0,0.0,1.1662058870284143e-08
5940.0,1.0669043855265985,0.000162932,0.186301071,0.0,0.0,0.0003198086478216891,0.7178026386518969,0.0,0.0,0.3487819382268799,2.0542774094222924,0.0,0.0,0.0,0.0,0.0,0.0,0.0,1.166221772951539e-08
5941.0,1.1204145958672669,0.109137203,0.130492161,0.0,0.0,0.21421833230102863,0.5027755180708979,0.0,0.0,0.4034207454953403,1.7054674884448247,0.0,0.0,0.0,0.0,0.0,0.0,0.0,1.1662376590910597e-08
5942.0,1.1837835844066797,0.438743445,0.150853428,0.0,0.0,0.8611810318788184,0.3226025525278612,0.0,0.0,0.0,1.302023511582997,0.0,0.0,0.0,0.0,0.0,0.25862324551429794,0.0,1.05e-08
5943.0,1.2454437751609932,0.601177853,0.160151239,0.0,0.0,1.1800129886595403,0.06543078650145288,0.0,0.0,0.0,1.3020057758093293,0.0,0.0,0.0,0.0,0.0,0.551618709352334,0.0,1.05e-08
5944.0,1.2992794707940614,0.679284854,0.154963452,0.0,0.0,1.3333241514465761,0.0,0.0,0.03404468065251489,0.0,1.301988040277253,0.0,0.0,0.0,0.0,0.0,0.5970613810384727,0.0,1.049656786927226e-08
5945.0,1.346365629311047,0.684320919,0.150854985,0.0,0.0,1.3432091165730837,0.003156512737963379,0.0,0.0,0.0,1.3326105175740282,0.0,0.0,0.0,0.0,0.0,0.5780752842965922,0.0,1.05e-08
5946.0,1.3799933992574176,0.661529646,0.148547784,0.0,0.0,1.2984736060517312,0.08151979320568628,0.0,0.0,0.0,1.332592365153341,0.0,0.0,0.0,0.0,0.0,0.4908225489437693,0.0,1.05e-08
5947.0,1.4045461253275324,0.632242869,0.148056461,0.0,0.0,1.2409884923145567,0.16355763301297582,0.0,0.0,0.0,1.3325742129799205,0.0,0.0,0.0,0.0,2.220446049250313e-16,0.4068916821992897,0.0,1.05e-08
5948.0,1.4208139658957046,0.603671641,0.149806704,0.0,0.0,1.184907883267315,0.23590608262838964,0.0,0.0,0.0,1.3325560610537635,0.0,0.0,0.0,0.0,0.0,0.34128677429804033,0.0,1.05e-08
5949.0,1.4246148632247169,0.559735899,0.150909784,0.0,0.0,1.0986692669116414,0.32594559631307546,0.0,0.0,0.0,1.3325379093748666,0.0,0.0,0.0,0.0,0.0,0.25549733674224656,0.0,1.05e-08
5950.0,1.406659638377524,0.503607102,0.154099659,0.0,0.0,0.9884976942774869,0.4181619441000372,0.0,0.0,0.0,1.3325197579432266,0.0,0.0,0.0,0.0,0.0,0.17557131385615304,0.0,1.05e-08
5951.0,1.3762995694588,0.409565524,0.172427402,0.0,0.0,0.8039095845188274,0.5723899849399726,0.0,0.0,0.0,1.3325016067588398,0.0,0.0,0.0,0.0,-1.1102230246251565e-16,0.09195855297847744,0.0,1.05e-08
5952.0,1.3498346172958355,0.269663889,0.221573668,0.0,0.0,0.5293057453872049,0.8205288719086307,0.0,0.0,0.0,1.3324834558217031,0.0,0.0,0.0,0.0,0.0,0.033176169573279846,0.0,1.05e-08
5953.0,1.299005377916251,0.065862895,0.303378728,0.0,0.0,0.12927800181408128,1.1688931808086926,0.0,0.0,0.000834195293477066,1.332465305131813,0.0,0.0,0.0,0.0,0.0,0.0,0.0,1.1664283096452876e-08
5954.0,1.2204756270729469,1.1e-05,0.329795752,0.0,0.0,2.1591186053314147e-05,1.2204540358868936,0.0,0.0,0.0,1.331612959395689,0.0,0.0,0.0,0.0,0.0,0.05022175642664917,0.0,1.05e-08
5955.0,1.1388045148878623,0.0,0.32616921,0.0,0.0,0.0,1.1388045148878623,0.0,0.0,0.0,1.33159482056344,0.0,0.0,0.0,0.0,0.0,0.11789851064120005,0.0,1.05e-08
5956.0,1.0661977398259934,0.0,0.313668583,0.0,0.0,0.0,1.0661977398259934,0.0,0.0,0.0,1.3315766819782726,0.0,0.0,0.0,0.0,0.0,0.14234140238646065,0.0,1.05e-08
5957.0,1.0057795324242587,0.0,0.302557146,0.0,0.0,0.0,1.0057795324242587,0.0,0.0,0.0,1.3315585436401838,0.0,0.0,0.0,0.0,0.0,0.15994816079864926,0.0,1.05e-08
5958.0,0.9572693757530234,0.0,0.291472887,0.0,0.0,0.0,0.9572693757530234,0.0,0.0,0.0,1.33154040554917,0.0,0.0,0.0,0.0,0.0,0.16575158306951698,0.0,1.05e-08
5959.0,0.9297273242342882,0.0,0.280907081,0.0,0.0,0.0,0.9297273242342882,0.0,0.0,0.0,1.3315222677052279,0.0,0.0,0.0,0.0,0.0,0.15258445677421772,0.0,1.05e-08
5960.0,0.9163824272458916,0.0,0.269274943,0.0,0.0,0.0,0.9163824272458916,0.0,0.0,0.0,1.3315041301083537,0.0,0.0,0.0,0.0,0.0,0.121111686828413,0.0,1.05e-08
5961.0,0.9322862382107218,0.0,0.253031485,0.0,0.0,0.0,0.9322862382107218,0.0,0.0,0.0,1.3314859927585447,0.0,0.0,0.0,0.0,0.0,0.042623173850617646,0.0,1.05e-08
5962.0,0.9779955082868313,0.0,0.240264315,0.0,0.0,0.0,0.9257185605813856,0.0,0.0,0.05227694770544568,1.331467855655797,0.0,0.0,0.0,0.0,0.0,0.0,0.0,1.1665713180137453e-08
5963.0,1.0215077526392415,0.0,0.229308371,0.0,0.0,0.0,0.8835062132775828,0.0,0.0,0.13800153936165868,1.279172771094662,0.0,0.0,0.0,0.0,0.0,0.0,0.0,1.1665872089147288e-08
5964.0,1.0601334349044371,7.29e-05,0.195873278,0.0,0.0,0.0001430906784806001,0.754683561587236,0.0,0.0,0.30530678263872046,1.1411538072252674,0.0,0.0,0.0,0.0,0.0,0.0,0.0,1.1666031000321765e-08
5965.0,1.106200310532065,0.0596047,0.130737135,0.0,0.0,0.11699419703199761,0.5037193826587785,0.0,0.0,0.4854867308412889,0.8358314801317309,0.0,0.0,0.0,0.0,0.0,0.0,0.0,1.1666189913660912e-08
5966.0,1.161213748999475,0.365188367,0.134524735,0.0,0.0,0.7168045433093608,0.444409205690114,0.0,0.0,0.0,0.3503333638447692,0.0,0.0,0.0,0.0,0.0,0.07390348692423587,0.0,1.05e-08
5967.0,1.2151971978244878,0.544209991,0.14757865,0.0,0.0,1.0681944697957653,0.14700272802872252,0.0,0.0,0.0,0.35032859170878694,0.0,0.0,0.0,0.0,0.0,0.42160562086630216,0.0,1.05e-08
5968.0,1.2641249178642624,0.622188751,0.141224209,0.0,0.0,1.2212539166472864,0.12017539745542187,0.0,0.07730439623844584,0.0,0.3503238196378093,0.0,0.0,0.0,0.0,0.0,0.4239498151244186,0.0,1.05e-08
5969.0,1.3061853265045202,0.628820541,0.131243176,0.0,0.0,1.2342710268069688,0.5056691168343057,0.0,0.4337548171367541,0.0,0.4198930042464366,0.0,0.0,0.0,0.0,0.0,0.0,0.0,1.0500143029798309e-08
5970.0,1.3375839504680729,0.621384913,0.121773491,0.0,0.0,1.219676115209584,0.46918320269695607,0.0,0.35127536743846705,0.0,0.8102666200129793,0.0,0.0,0.0,0.0,0.0,0.0,0.0,1.050028606154495e-08
5971.0,1.3553271816050843,0.606206942,0.114828771,0.0,0.0,1.18988426104842,0.4424257701500514,0.0,0.2769828495933871,0.0,1.126403413498782,0.0,0.0,0.0,0.0,0.0,0.0,0.0,1.0500429095239959e-08
5972.0,1.362699851748064,0.589811573,0.110422388,0.0,0.0,1.1577028553673525,0.4254483404051045,0.0,0.22045134402439306,0.0,1.3756726346034527,0.0,0.0,0.0,0.0,0.0,0.0,0.0,1.050057213088335e-08
5973.0,1.3552436689313765,0.559222907,0.108996802,0.0,0.0,1.0976623482101995,0.41995567529624317,0.0,0.16237435457506616,0.0,1.5740601052254797,0.0,0.0,0.0,0.0,0.0,0.0,0.0,1.050071516847516e-08
5974.0,1.3307316285228115,0.513926343,0.110697633,0.0,0.0,1.0087526626738492,0.426508836655691,0.0,0.10452987080672864,0.0,1.720175582968504,0.0,0.0,0.0,0.0,0.0,0.0,0.0,1.0500858208015414e-08
5975.0,1.3037527522139525,0.427539555,0.127006731,0.0,0.0,0.8391896433778306,0.4893464441669885,0.0,0.02478333533086682,0.0,1.814229034978821,0.0,0.0,0.0,0.0,0.0,0.0,0.0,1.0501001249504134e-08
5976.0,1.2843371262521757,0.297635785,0.194382776,0.0,0.0,0.5842099645508371,0.7489407804922421,0.0,0.04881361879090332,0.0,1.8365093238929553,0.0,0.0,0.0,0.0,0.0,0.0,0.0,1.0501144292941347e-08
5977.0,1.2381760311978005,0.065160158,0.283146324,0.0,0.0,0.12789864496739511,1.0909393993327332,0.0,0.0,0.01933798689767215,1.8804165644257111,0.0,0.0,0.0,0.0,0.0,0.0,0.0,1.1668097042585649e-08
5978.0,1.1691560184041545,6.15e-06,0.309655591,0.0,0.0,1.2071435838898365e-05,1.1930774154975876,0.0,0.023933468529272004,0.0,1.8610529630577235,0.0,0.0,0.0,0.0,0.0,0.0,0.0,1.0501430385661367e-08
5979.0,1.096245171555965,0.0,0.296609427,0.0,0.0,0.0,1.1428116231797034,0.0,0.04656645162373853,0.0,1.8825677340289213,0.0,0.0,0.0,0.0,0.0,0.0,0.0,1.0501573434944228e-08
5980.0,1.0260581226810168,0.0,0.272971241,0.0,0.0,0.0,1.051735644965148,0.0,0.025677522284131102,0.0,1.9244518967173836,0.0,0.0,0.0,0.0,0.0,0.0,0.0,1.0501716486175687e-08
5981.0,0.9662737550592185,0.0,0.249185768,0.0,0.0,0.0,0.9600921821050582,0.0,0.0,0.006181572954160278,1.9475354524667001,0.0,0.0,0.0,0.0,0.0,1.1102230246251565e-16,0.0,1.1668732821506416e-08
5982.0,0.9225088313350769,0.0,0.229352066,0.0,0.0,0.0,0.8836745665035065,0.0,0.0,0.03883426483157044,1.941327350768867,0.0,0.0,0.0,0.0,0.0,0.0,0.0,1.1668891771649462e-08
5983.0,0.8960867061842703,0.0,0.213776445,0.0,0.0,0.0,0.8236629852902031,0.0,0.0,0.07242372089406726,1.902466641758523,0.0,0.0,0.0,0.0,0.0,1.1102230246251565e-16,0.0,1.1669050723957708e-08
5984.0,0.8842150584141049,0.0,0.201146933,0.0,0.0,0.0,0.7750025187141103,0.0,0.0,0.1092125396999945,1.8300170060346017,0.0,0.0,0.0,0.0,0.0,0.0,0.0,1.1669209678431185e-08
5985.0,0.8964657252418676,0.0,0.189090459,0.0,0.0,0.0,0.7285499202207931,0.0,0.0,0.1679158050210746,1.7207795383919564,0.0,0.0,0.0,0.0,0.0,-1.1102230246251565e-16,0.0,1.166936863506992e-08
5986.0,0.9375196990964152,0.0,0.180205478,0.0,0.0,0.0,0.6943168223006423,0.0,0.0,0.24320287679577282,1.5528402934282437,0.0,0.0,0.0,0.0,0.0,0.0,0.0,1.1669527593873945e-08
5987.0,0.9799505613918388,0.0,0.173568246,0.0,0.0,0.0,0.6687441156201488,0.0,0.0,0.31120644577168993,1.3096162643078457,0.0,0.0,0.0,0.0,0.0,0.0,0.0,1.166968655484329e-08
5988.0,1.0114626769376098,1.12e-05,0.145577588,0.0,0.0,2.198375307246531e-05,0.5608984222907591,0.0,0.0,0.45054227089377824,0.9983919793362883,0.0,0.0,0.0,0.0,3.3881317890172014e-21,1.1102230246251565e-16,0.0,1.166984551797798e-08
5989.0,1.055358223048833,0.078237437,0.091488213,0.0,0.0,0.15356718714558584,0.35249652803631365,0.0,0.0,0.547828646187364,0.5478361086464851,0.0,0.0,0.0,0.001465861679569458,0.0,5.551115123125783e-17,0.0,5.62341
5990.0,1.1036563860098867,0.434132282,0.074779039,0.0,0.0,0.8521300793101676,0.2515263066997191,0.0,0.0,0.0,0.0,0.0,0.0,0.0,0.0,0.0,0.03659115404237778,0.0,1.05e-08
5991.0,1.151678314742522,0.628474819,0.088746587,0.0,0.0,1.151678314742522,0.0,0.0,0.0,0.0,0.0,0.0,0.0,0.0,0.0,0.08191411678947191,0.3419332695084191,0.0,1e-08
5992.0,1.1930856114473722,0.676714107,0.105153859,0.0,0.0,1.1930856114473722,0.0,0.0,0.0,0.0,0.0,0.0,0.0,0.0,0.0,0.13519258756529484,0.405149133332838,0.0,1e-08
5993.0,1.2320817473677335,0.677204279,0.11486751,0.0,0.0,1.2320817473677335,0.0,0.0,0.0,0.0,0.0,0.0,0.0,0.0,0.0,0.09715857844949038,0.4425750283173259,0.0,1e-08
5994.0,1.2593539887098741,0.667535686,0.119159273,0.0,0.0,1.259353988709874,0.0,0.0,0.0,0.0,0.0,0.0,0.0,0.0,0.0,0.0509084834403708,0.45911083666954183,0.0,1e-08
5995.0,1.2755361752537306,0.654572243,0.121326844,0.0,0.0,1.2755361752537306,0.0,0.0,0.0,0.0,0.0,0.0,0.0,0.0,0.0,0.00928119601428401,0.46746230869766203,0.0,1e-08
5996.0,1.2860930337506489,0.647476125,0.12425727,0.0,0.0,1.2708888618139897,0.01520417193665918,0.0,0.0,0.0,0.0,0.0,0.0,0.0,0.0,0.0,0.4635488260945823,0.0,1.05e-08
5997.0,1.281418465373616,0.632243884,0.130722665,0.0,0.0,1.2409904845921786,0.04042798078143726,0.0,0.0,0.0,0.0,0.0,0.0,0.0,0.0,2.220446049250313e-16,0.4632356501625198,0.0,1.05e-08
5998.0,1.2578122162721903,0.599300202,0.145025998,0.0,0.0,1.1763274693791592,0.08148474689303126,0.0,0.0,0.0,0.0,0.0,0.0,0.0,0.0,0.0,0.47728844468741166,0.0,1.05e-08
5999.0,1.2291909240470764,0.515623181,0.177749306,0.0,0.0,1.0120832758520615,0.21710764819501488,0.0,0.0,0.0,0.0,0.0,0.0,0.0,0.0,0.0,0.46774574626208637,0.0,1.05e-08
6000.0,1.2036745902034092,0.359184807,0.271785071,0.0,0.0,0.7050205450418849,0.4986540451615243,0.0,0.0,0.0,0.0,0.0,0.0,0.0,0.0,-1.1102230246251565e-16,0.548511384767717,0.0,1.05e-08
6001.0,1.1615692132003854,0.058405485,0.383910321,0.0,0.0,0.11464033574264078,1.0469288774577448,0.0,0.0,0.0,0.0,0.0,0.0,0.0,0.0,1.3877787807814457e-17,0.43224587951129445,0.0,1.05e-08
6002.0,1.1018340966425688,4.83e-06,0.411701589,0.0,0.0,9.480493512500669e-06,1.1018246161490564,0.0,0.0,0.0,0.0,0.0,0.0,0.0,0.0,-1.6940658945086007e-21,0.48442760094838966,0.0,1.05e-08
6003.0,1.0400347180987422,0.0,0.404800407,0.0,0.0,0.0,1.0400347180987422,0.0,0.0,0.0,0.0,0.0,0.0,0.0,0.0,0.0,0.5196278147696907,0.0,1.05e-08
6004.0,0.9779355504698104,0.0,0.389117599,0.0,0.0,0.0,0.9779355504698104,0.0,0.0,0.0,0.0,0.0,0.0,0.0,0.0,0.0,0.5213024185276447,0.0,1.05e-08
6005.0,0.9235024180171397,0.0,0.379568278,0.0,0.0,0.0,0.9235024180171397,0.0,0.0,0.0,0.0,0.0,0.0,0.0,0.0,0.0,0.538942805912661,0.0,1.05e-08
6006.0,0.882836028622621,0.0,0.37007734,0.0,0.0,0.0,0.882836028622621,0.0,0.0,0.0,0.0,0.0,0.0,0.0,0.0,0.0,0.5430413951162641,0.0,1.05e-08
6007.0,0.8541247996719755,0.0,0.363908002,0.0,0.0,0.0,0.8541247996719754,0.0,0.0,0.0,0.0,0.0,0.0,0.0,0.0,0.0,0.5479826743217717,0.0,1.05e-08
6008.0,0.836203836434509,0.0,0.361164942,0.0,0.0,0.0,0.836203836434509,0.0,0.0,0.0,0.0,0.0,0.0,0.0,0.0,0.0,0.5553348539477876,0.0,1.05e-08
6009.0,0.8304992784150789,0.0,0.357032255,0.0,0.0,0.0,0.8304992784150789,0.0,0.0,0.0,0.0,0.0,0.0,0.0,0.0,0.0,0.5451165103038003,0.0,1.05e-08
6010.0,0.8385015056367795,0.0,0.356138488,0.0,0.0,0.0,0.8385015056367795,0.0,0.0,0.0,0.0,0.0,0.0,0.0,0.0,0.0,0.5336706726535798,0.0,1.05e-08
6011.0,0.8524245672893076,0.0,0.355475988,0.0,0.0,0.0,0.8524245672893076,0.0,0.0,0.0,0.0,0.0,0.0,0.0,0.0,0.0,0.5171950532215697,0.0,1.05e-08
6012.0,0.8828338872720131,4.08e-05,0.317543641,0.0,0.0,8.008367190683792e-05,0.8827538036001062,0.0,0.0,0.0,0.0,0.0,0.0,0.0,0.0,1.3552527156068805e-20,0.3407156170181501,0.0,1.05e-08
6013.0,0.9265067329200153,0.105996202,0.250862462,0.0,0.0,0.20805306530242446,0.7184536676175908,0.0,0.0,0.0,0.0,0.0,0.0,0.0,0.0,0.0,0.2480986779795593,0.0,1.05e-08
6014.0,0.9740425750646587,0.490951927,0.256057652,0.0,0.0,0.963657672644555,0.010384902420103637,0.0,0.0,0.0,0.0,0.0,0.0,0.0,0.0,0.0,0.9761840811398952,0.0,1.05e-08
6015.0,1.0197668345950235,0.655835346,0.291485272,0.0,0.0,1.0197668345950235,0.0,0.0,0.0,0.0,0.0,0.0,0.0,0.0,0.0,0.2675297995709456,1.1230686772045764,0.0,1e-08
6016.0,1.0562276113956381,0.744457147,0.308363111,0.0,0.0,1.0562276113956381,0.0,0.0,0.0,0.0,0.0,0.0,0.0,0.0,0.0,0.40501900402222013,1.1880975968125689,0.0,1e-08
6017.0,1.0818424473672685,0.744636878,0.304552747,0.0,0.0,1.0818424473672685,0.0,0.0,0.0,0.0,0.0,0.0,0.0,0.0,0.0,0.379756950365185,1.1734165790452356,0.0,1e-08
6018.0,1.0993694020928826,0.736891063,0.298756109,0.0,0.0,1.0993694020928826,0.0,0.0,0.0,0.0,0.0,0.0,0.0,0.0,0.0,0.3470262381123388,1.1510826116161925,0.0,1e-08
6019.0,1.1128320733647135,0.727666991,0.298530901,0.0,0.0,1.1128320733647135,0.0,0.0,0.0,0.0,0.0,0.0,0.0,0.0,0.0,0.3154582345931294,1.1502149037936995,0.0,1e-08
6020.0,1.1217336678417296,0.729710079,0.300421134,0.0,0.0,1.1217336678417296,0.0,0.0,0.0,0.0,0.0,0.0,0.0,0.0,0.0,0.31056688494623086,1.1574978154151088,0.0,1e-08
6021.0,1.1258964534234759,0.726512059,0.304730842,0.0,0.0,1.1258964534234759,0.0,0.0,0.0,0.0,0.0,0.0,0.0,0.0,0.0,0.3001269134715556,1.1741027643701214,0.0,1e-08
6022.0,1.1191876019689433,0.699204874,0.313291725,0.0,0.0,1.1191876019689433,0.0,0.0,0.0,0.0,0.0,0.0,0.0,0.0,0.0,0.2532362638417909,1.2070871394657976,0.0,1e-08
6023.0,1.10719175586352,0.603917286,0.331672408,0.0,0.0,1.10719175586352,0.0,0.0,0.0,0.0,0.0,0.0,0.0,0.0,0.0,0.07819828803089202,1.2779063928753716,0.0,1e-08
6024.0,1.0947633569353021,0.39598044,0.389218361,0.0,0.0,0.7772443048648363,0.3175190520704658,0.0,0.0,0.0,0.0,0.0,0.0,0.0,0.0,0.0,1.1821071445903495,0.0,1.05e-08
6025.0,1.0633840051272205,0.055136645,0.45682312,0.0,0.0,0.10822414186823029,0.9551598632589903,0.0,0.0,0.0,0.0,0.0,0.0,0.0,0.0,0.0,0.8049418858779865,0.0,1.05e-08
6026.0,1.0158010532692034,2.7e-06,0.470245626,0.0,0.0,5.299654758540745e-06,1.0157957536144449,0.0,0.0,0.0,0.0,0.0,0.0,0.0,0.0,8.470329472543003e-22,0.7960218024816927,0.0,1.05e-08
6027.0,0.9647298412709269,0.0,0.462450395,0.0,0.0,0.0,0.9647298412709269,0.0,0.0,0.0,0.0,0.0,0.0,0.0,0.0,0.0,0.8170533336449701,0.0,1.05e-08
6028.0,0.9073823306409122,0.0,0.441443922,0.0,0.0,0.0,0.9073823306409122,0.0,0.0,0.0,0.0,0.0,0.0,0.0,0.0,0.0,0.7934646388778089,0.0,1.05e-08
6029.0,0.8592661824815295,0.0,0.415124261,0.0,0.0,0.0,0.8592661824815295,0.0,0.0,0.0,0.0,0.0,0.0,0.0,0.0,0.0,0.7401733071294492,0.0,1.05e-08
6030.0,0.823858950179999,0.0,0.392876968,0.0,0.0,0.0,0.823858950179999,0.0,0.0,0.0,0.0,0.0,0.0,0.0,0.0,0.0,0.6898635570618238,0.0,1.05e-08
6031.0,0.7968543776638451,0.0,0.374452744,0.0,0.0,0.0,0.7968543776638451,0.0,0.0,0.0,0.0,0.0,0.0,0.0,0.0,0.0,0.6458811162917598,0.0,1.05e-08
6032.0,0.7798756086938521,0.0,0.358762751,0.0,0.0,0.0,0.7798756086938521,0.0,0.0,0.0,0.0,0.0,0.0,0.0,0.0,0.0,0.6024076381792345,0.0,1.05e-08
6033.0,0.77323742180938,0.0,0.337596369,0.0,0.0,0.0,0.77323742180938,0.0,0.0,0.0,0.0,0.0,0.0,0.0,0.0,0.0,0.5274935034975359,0.0,1.05e-08
6034.0,0.7745436456801955,0.0,0.319530229,0.0,0.0,0.0,0.7745436456801955,0.0,0.0,0.0,0.0,0.0,0.0,0.0,0.0,0.0,0.45657993441583544,0.0,1.05e-08
6035.0,0.7833617274835039,0.0,0.30700424,0.0,0.0,0.0,0.7833617274835039,0.0,0.0,0.0,0.0,0.0,0.0,0.0,0.0,0.0,0.3995002516047441,0.0,1.05e-08
6036.0,0.8054133560435983,5.06e-05,0.265148057,0.0,0.0,9.931945584524506e-05,0.805314036587753,0.0,0.0,0.0,0.0,0.0,0.0,0.0,0.0,1.3552527156068805e-20,0.21627952659698868,0.0,1.05e-08
6037.0,0.8479170242596903,0.114880673,0.22048542,0.0,0.0,0.22549181678844937,0.622425207471241,0.0,0.0,0.0,0.0,0.0,0.0,0.0,0.0,0.0,0.22708690435269852,0.0,1.05e-08
6038.0,0.8925192160715186,0.518421877,0.233188521,0.0,0.0,0.8925192160715186,0.0,0.0,0.0,0.0,0.0,0.0,0.0,0.0,0.0,0.12505743851169437,0.8984561107388012,0.0,1e-08
6039.0,0.935926534244142,0.745770303,0.23239772,0.0,0.0,0.935926534244142,0.0,0.0,0.0,0.0,0.0,0.0,0.0,0.0,0.0,0.5278975898567185,0.8954092198035979,0.0,1e-08
6040.0,0.9746057502745349,0.785239066,0.218429551,0.0,0.0,0.9746057502745349,0.0,0.0,0.0,0.0,0.0,0.0,0.0,0.0,0.0,0.5666890470287949,0.8415910183755684,0.0,1e-08
6041.0,1.0043041418554195,0.777425308,0.208461309,0.0,0.0,1.0043041418554195,0.0,0.0,0.0,0.0,0.0,0.0,0.0,0.0,0.0,0.5216535370157673,0.8031842052965353,0.0,1e-08
6042.0,1.0257326373886169,0.764471718,0.203665679,0.0,0.0,1.0257326373886169,0.0,0.0,0.0,0.0,0.0,0.0,0.0,0.0,0.0,0.4747992804145382,0.7847070390112261,0.0,1e-08
6043.0,1.0416043280943286,0.753944793,0.200835019,0.0,0.0,1.0416043280943286,0.0,0.0,0.0,0.0,0.0,0.0,0.0,0.0,0.0,0.43826497186843705,0.7738007398352735,0.0,1e-08
6044.0,1.0581976539549007,0.755511599,0.197974555,0.0,0.0,1.168417507366188,0.0,0.0,0.11021985341128723,0.0,0.0,0.0,0.0,0.0,0.0,0.3145271744016185,0.7627796083090422,0.0,1e-08
6045.0,1.0721357050616842,0.750058908,0.195613565,0.0,0.0,1.4722419485066944,0.0,0.0,0.4001062434450101,0.0,0.09919786807015851,0.0,0.0,0.0,0.0,0.0,0.7536829088497528,0.0,1.0000136218855531e-08
6046.0,1.076189281762428,0.716933442,0.191827288,0.0,0.0,1.407222121278628,0.0,0.0,0.33103283951620005,0.0,0.4592921359270682,0.0,0.0,0.0,0.0,-2.220446049250313e-16,0.7390946963039056,0.0,1.000027243956662e-08
6047.0,1.0739901146881206,0.606048537,0.203714697,0.0,0.0,1.1895733381550766,0.0,0.0,0.11558322346695606,0.0,0.7572154351519603,0.0,0.0,0.0,0.0,2.220446049250313e-16,0.784895901316486,0.0,1.0000408662133296e-08
6048.0,1.0727695448416208,0.361913989,0.278402204,0.0,0.0,0.7103774792541899,0.3623920655874309,0.0,0.0,0.0,0.8612300217107278,0.0,0.0,0.0,0.0,0.0,0.7102686312354212,0.0,1.05e-08
6049.0,1.044878453173799,0.056398297,0.369324664,0.0,0.0,0.11070055669246083,0.9341778964813381,0.0,0.0,0.0,0.8612182902937411,0.0,0.0,0.0,0.0,0.0,0.4887995287983331,0.0,1.05e-08
6050.0,0.9944260915012036,2.74e-06,0.384630975,0.0,0.0,5.378168162370979e-06,0.9944207133330413,0.0,0.0,0.0,0.8612065590365563,0.0,0.0,0.0,0.0,-8.470329472543003e-22,0.48753066397413336,0.0,1.05e-08
6051.0,0.9341320824347266,0.0,0.366702279,0.0,0.0,0.0,0.9341320824347266,0.0,0.0,0.0,0.861194827939171,0.0,0.0,0.0,0.0,0.0,0.4787415100411001,0.0,1.05e-08
6052.0,0.878868105946193,0.0,0.33798122,0.0,0.0,0.0,0.878868105946193,0.0,0.0,0.0,0.8611830970015832,0.0,0.0,0.0,0.0,0.0,0.4233456184761816,0.0,1.05e-08
6053.0,0.8342059563173437,0.0,0.303429989,0.0,0.0,0.0,0.8342059563173437,0.0,0.0,0.0,0.8611713662237909,0.0,0.0,0.0,0.0,0.0,0.3348847288903437,0.0,1.05e-08
6054.0,0.803719547712754,0.0,0.272060029,0.0,0.0,0.0,0.803719547712754,0.0,0.0,0.0,0.8611596356057917,0.0,0.0,0.0,0.0,0.0,0.24450527267977906,0.0,1.05e-08
6055.0,0.7848157045462639,0.0,0.244015871,0.0,0.0,0.0,0.7848157045462639,0.0,0.0,0.0,0.8611479051475833,0.0,0.0,0.0,0.0,0.0,0.15535729143581967,0.0,1.05e-08
6056.0,0.7787085726125497,0.0,0.222950614,0.0,0.0,0.0,0.7787085726125497,0.0,0.0,0.0,0.8611361748491638,0.0,0.0,0.0,0.0,0.0,0.08030172807574065,0.0,1.05e-08
6057.0,0.7957216031922691,0.0,0.20750978,0.0,0.0,0.0,0.7957216031922691,0.0,0.0,0.0,0.8611244447105308,0.0,0.0,0.0,0.0,0.0,0.00379643946071484,0.0,1.05e-08
6058.0,0.8439940699460281,0.0,0.196922464,0.0,0.0,0.0,0.7587259885856112,0.0,0.0,0.08526808136041687,0.8611127147316824,0.0,0.0,0.0,0.0,0.0,0.0,0.0,1.1113230258713772e-08
6059.0,0.8938232985917262,0.0,0.189931789,0.0,0.0,0.0,0.7317914952194521,0.0,0.0,0.16203180337227416,0.7758329035521992,0.0,0.0,0.0,0.0,0.0,0.0,0.0,1.1113381641864482e-08
6060.0,0.9299029149841356,5.14e-05,0.160318898,0.0,0.0,0.00010088972392184974,0.6176954721326551,0.0,0.0,0.3121065531275587,0.6137905320168628,0.0,0.0,0.0,0.0,1.3552527156068805e-20,0.0,0.0,1.1113533027077317e-08
6061.0,0.9680489347131628,0.119583871,0.112033029,0.0,0.0,0.234723418885138,0.43165400714397656,0.0,0.0,0.3016715086840482,0.3016756180188141,0.0,0.0,0.0,0.0,0.0,0.0,0.0,1.1113684414352305e-08
6062.0,1.0031820741368829,0.544644793,0.078767562,0.0,0.0,1.0031820741368829,0.0,0.0,0.0,0.0,0.0,0.0,0.0,0.0,0.0,0.06586584028418718,0.3034849104210296,0.0,1e-08
6063.0,1.0374372598113666,0.693414733,0.078134866,0.0,0.0,1.0374372598113666,0.0,0.0,0.0,0.0,0.0,0.0,0.0,0.0,0.0,0.3236215140351928,0.30104718499182637,0.0,1e-08
6064.0,1.0683048288241614,0.774171147,0.07886954,0.0,0.0,1.0683048288241614,0.0,0.0,0.0,0.0,0.0,0.0,0.0,0.0,0.0,0.45126546862898564,0.3038778232319519,0.0,1e-08
6065.0,1.0936669854240604,0.772649943,0.078062969,0.0,0.0,1.0936669854240604,0.0,0.0,0.0,0.0,0.0,0.0,0.0,0.0,0.0,0.42291743943008253,0.30077017178930343,0.0,1e-08
6066.0,1.1139755545893288,0.759603307,0.081310284,0.0,0.0,1.1139755545893288,0.0,0.0,0.0,0.0,0.0,0.0,0.0,0.0,0.0,0.3770004752424625,0.31328180826579954,0.0,1e-08
6067.0,1.129251949826046,0.750718997,0.087791419,0.0,0.0,1.129251949826046,0.0,0.0,0.0,0.0,0.0,0.0,0.0,0.0,0.0,0.34428564453617083,0.3382530860984383,0.0,1e-08
6068.0,1.1425797160095796,0.753258234,0.095854145,0.0,0.0,1.1425797160095796,0.0,0.0,0.0,0.0,0.0,0.0,0.0,0.0,0.0,0.335941981852679,0.36931810341939214,0.0,1e-08
6069.0,1.152307871821243,0.753844407,0.105669501,0.0,0.0,1.152307871821243,0.0,0.0,0.0,0.0,0.0,0.0,0.0,0.0,0.0,0.3273643869776002,0.4071358593683514,0.0,1e-08
6070.0,1.1507018588653224,0.72705691,0.118191329,0.0,0.0,1.1507018588653226,0.0,0.0,0.0,0.0,0.0,0.0,0.0,0.0,0.0,0.27639096069446634,0.45538142838682044,0.0,1e-08
6071.0,1.1460379972413288,0.614440032,0.150577956,0.0,0.0,1.1460379972413288,0.0,0.0,0.0,0.0,0.0,0.0,0.0,0.0,0.0,0.060006461805607314,0.5801644271793222,0.0,1e-08
6072.0,1.1370999998039784,0.375384944,0.270089944,0.0,0.0,0.7368187425015374,0.4002812573024408,0.0,0.0,0.0,0.0,0.0,0.0,0.0,0.0,0.0,0.6403529883082195,0.0,1.05e-08
6073.0,1.1012537906278295,0.043261637,0.399896013,0.0,0.0,0.08491545940344902,1.0163383312243803,0.0,0.0,0.0,0.0,0.0,0.0,0.0,0.0,0.0,0.5244279766503244,0.0,1.05e-08
6074.0,1.0455122929537355,1.76e-06,0.444637795,0.0,0.0,3.4545897685302635e-06,1.045508838363967,0.0,0.0,0.0,0.0,0.0,0.0,0.0,0.0,4.235164736271502e-22,0.6676438600193997,0.0,1.05e-08
6075.0,0.9813295911833226,0.0,0.454772218,0.0,0.0,0.0,0.9813295911833226,0.0,0.0,0.0,0.0,0.0,0.0,0.0,0.0,0.0,0.7708702019460236,0.0,1.05e-08
6076.0,0.9170740834922414,0.0,0.450178934,0.0,0.0,0.0,0.9170740834922415,0.0,0.0,0.0,0.0,0.0,0.0,0.0,0.0,0.0,0.8174281657766211,0.0,1.05e-08
6077.0,0.8665275023928988,0.0,0.440905705,0.0,0.0,0.0,0.8665275023928988,0.0,0.0,0.0,0.0,0.0,0.0,0.0,0.0,0.0,0.8322457614799365,0.0,1.05e-08
6078.0,0.8308033502013998,0.0,0.43106402,0.0,0.0,0.0,0.8308033502013997,0.0,0.0,0.0,0.0,0.0,0.0,0.0,0.0,0.0,0.8300507142601729,0.0,1.05e-08
6079.0,0.8100900657712392,0.0,0.418469531,0.0,0.0,0.0,0.8100900657712392,0.0,0.0,0.0,0.0,0.0,0.0,0.0,0.0,0.0,0.8022384728404456,0.0,1.05e-08
6080.0,0.7990514033875447,0.0,0.40158815,0.0,0.0,0.0,0.7990514033875447,0.0,0.0,0.0,0.0,0.0,0.0,0.0,0.0,0.0,0.7482345685827063,0.0,1.05e-08
6081.0,0.816066575317872,0.0,0.377466828,0.0,0.0,0.0,0.816066575317872,0.0,0.0,0.0,0.0,0.0,0.0,0.0,0.0,0.0,0.6382819353354117,0.0,1.05e-08
6082.0,0.8589749587988559,0.0,0.356940872,0.0,0.0,0.0,0.8589749587988559,0.0,0.0,0.0,0.0,0.0,0.0,0.0,0.0,0.0,0.5162887387689855,0.0,1.05e-08
6083.0,0.9039133426561237,0.0,0.342560219,0.0,0.0,0.0,0.9039133426561237,0.0,0.0,0.0,0.0,0.0,0.0,0.0,0.0,0.0,0.4159428867016326,0.0,1.05e-08
6084.0,0.9379800894771124,5.69e-05,0.300165638,0.0,0.0,0.00011168531694850681,0.9378684041601639,0.0,0.0,0.0,0.0,0.0,0.0,0.0,0.0,0.0,0.21864500627015016,0.0,1.05e-08
6085.0,0.9744751278874533,0.139693659,0.201122158,0.0,0.0,0.27419561653974744,0.7002795113477058,0.0,0.0,0.0,0.0,0.0,0.0,0.0,0.0,5.551115123125783e-17,0.07462755133774535,0.0,1.05e-08
6086.0,1.0121029407693702,0.541149914,0.206360679,0.0,0.0,1.0121029407693702,0.0,0.0,0.0,0.0,0.0,0.0,0.0,0.0,0.0,0.050085102495079914,0.7950906514122887,0.0,1e-08
6087.0,1.0503324731721053,0.718291312,0.251217833,0.0,0.0,1.0503324731721053,0.0,0.0,0.0,0.0,0.0,0.0,0.0,0.0,0.0,0.3595549229979964,0.9679215607075686,0.0,1e-08
6088.0,1.084564103989902,0.793527771,0.266831529,0.0,0.0,1.084564103989902,0.0,0.0,0.0,0.0,0.0,0.0,0.0,0.0,0.0,0.4730000543857946,1.0280798417509909,0.0,1e-08
6089.0,1.1191062306458435,0.787974661,0.274637121,0.0,0.0,1.1191062306458435,0.0,0.0,0.0,0.0,0.0,0.0,0.0,0.0,0.0,0.4275580885312604,1.0581541430084438,0.0,1e-08
6090.0,1.1453013726322132,0.775774308,0.282113048,0.0,0.0,1.1453013726322132,0.0,0.0,0.0,0.0,0.0,0.0,0.0,0.0,0.0,0.3774156654958809,1.0869582722502396,0.0,1e-08
6091.0,1.1662823258883606,0.766492685,0.290427989,0.0,0.0,1.1662823258883606,0.0,0.0,0.0,0.0,0.0,0.0,0.0,0.0,0.0,0.338216416869759,1.118995053133989,0.0,1e-08
6092.0,1.1848521183600191,0.77095007,0.29717772,0.0,0.0,1.1848521183600191,0.0,0.0,0.0,0.0,0.0,0.0,0.0,0.0,0.0,0.32839573611139605,1.1450012091694017,0.0,1e-08
6093.0,1.195336170936269,0.775261928,0.302916291,0.0,0.0,1.195336170936269,0.0,0.0,0.0,0.0,0.0,0.0,0.0,0.0,0.0,0.32637514974546167,1.1671114492436054,0.0,1e-08
6094.0,1.1904945772118203,0.752079293,0.310342887,0.0,0.0,1.1904945772118203,0.0,0.0,0.0,0.0,0.0,0.0,0.0,0.0,0.0,0.2857130538798127,1.1957255102169941,0.0,1e-08
6095.0,1.1832675189101773,0.644214542,0.339655569,0.0,0.0,1.1832675189101773,0.0,0.0,0.0,0.0,0.0,0.0,0.0,0.0,0.0,0.08121939332369177,1.3086648528231564,0.0,1e-08
6096.0,1.1744130341465349,0.362169797,0.421914895,0.0,0.0,0.7108795881743651,0.4635334459721698,0.0,0.0,0.0,0.0,0.0,0.0,0.0,0.0,0.0,1.162069795554756,0.0,1.05e-08
6097.0,1.1374576053554968,0.043818262,0.536113931,0.0,0.0,0.08600802248862412,1.0514495828668726,0.0,0.0,0.0,0.0,0.0,0.0,0.0,0.0,0.0,1.014153111869332,0.0,1.05e-08
6098.0,1.0775468980478329,7.69e-07,0.57330332,0.0,0.0,1.5094201886362345e-06,1.0775453886276443,0.0,0.0,0.0,0.0,0.0,0.0,0.0,0.0,0.0,1.131344950193289,0.0,1.05e-08
6099.0,1.008563288214521,0.0,0.563230073,0.0,0.0,0.0,1.008563288214521,0.0,0.0,0.0,0.0,0.0,0.0,0.0,0.0,0.0,1.1615156619354783,0.0,1.05e-08
6100.0,0.9451450486111265,0.0,0.530578084,0.0,0.0,0.0,0.9451450486111265,0.0,0.0,0.0,0.0,0.0,0.0,0.0,0.0,0.0,1.0991284848784781,0.0,1.05e-08
6101.0,0.8911637411367216,0.0,0.492101219,0.0,0.0,0.0,0.8911637411367216,0.0,0.0,0.0,0.0,0.0,0.0,0.0,0.0,0.0,1.0048616095818201,0.0,1.05e-08
6102.0,0.8522018668260866,0.0,0.449729053,0.0,0.0,0.0,0.8522018668260866,0.0,0.0,0.0,0.0,0.0,0.0,0.0,0.0,0.0,0.8805670281086008,0.0,1.05e-08
6103.0,0.829079562962045,0.0,0.415293433,0.0,0.0,0.0,0.829079562962045,0.0,0.0,0.0,0.0,0.0,0.0,0.0,0.0,0.0,0.7710117323918325,0.0,1.05e-08
6104.0,0.8200195085400447,0.0,0.38499081,0.0,0.0,0.0,0.8200195085400447,0.0,0.0,0.0,0.0,0.0,0.0,0.0,0.0,0.0,0.6633182833008356,0.0,1.05e-08
6105.0,0.8375935729790324,0.0,0.359356497,0.0,0.0,0.0,0.8375935729790324,0.0,0.0,0.0,0.0,0.0,0.0,0.0,0.0,0.0,0.546977328190411,0.0,1.05e-08
6106.0,0.8842214824659286,0.0,0.33455405,0.0,0.0,0.0,0.8842214824659286,0.0,0.0,0.0,0.0,0.0,0.0,0.0,0.0,0.0,0.4047876390204349,0.0,1.05e-08
6107.0,0.92916629037502,0.0,0.317492124,0.0,0.0,0.0,0.92916629037502,0.0,0.0,0.0,0.0,0.0,0.0,0.0,0.0,0.0,0.2941046394973865,0.0,1.05e-08
6108.0,0.9633336806745798,4.95e-05,0.273171615,0.0,0.0,9.716033723991366e-05,0.96323652033734,0.0,0.0,0.0,0.0,0.0,0.0,0.0,0.0,0.0,0.08927114909951517,0.0,1.05e-08
6109.0,1.00308357200892,0.139716541,0.202848173,0.0,0.0,0.27424053013240857,0.7288430418765114,0.0,0.0,0.0,0.0,0.0,0.0,0.0,0.0,0.0,0.05271421404026455,0.0,1.05e-08
6110.0,1.044510140869241,0.536965261,0.199937493,0.0,0.0,1.044510140869241,0.0,0.0,0.0,0.0,0.0,0.0,0.0,0.0,0.0,0.00946411862324914,0.770342646290236,0.0,1e-08
6111.0,1.0856048003853387,0.767816201,0.236800295,0.0,0.0,1.0856048003853387,0.0,0.0,0.0,0.0,0.0,0.0,0.0,0.0,0.0,0.42149178602737525,0.9123719776390742,0.0,1e-08
6112.0,1.1254553351982497,0.792935473,0.254374378,0.0,0.0,1.1254553351982497,0.0,0.0,0.0,0.0,0.0,0.0,0.0,0.0,0.0,0.43094623987590097,0.9800834678713952,0.0,1e-08
6113.0,1.1638261967411059,0.789587622,0.268345701,0.0,0.0,1.1638261967411059,0.0,0.0,0.0,0.0,0.0,0.0,0.0,0.0,0.0,0.3860040988948834,1.0339138214009136,0.0,1e-08
6114.0,1.1988094416222734,0.770837222,0.285276114,0.0,0.0,1.1988094416222734,0.0,0.0,0.0,0.0,0.0,0.0,0.0,0.0,0.0,0.31421691083425585,1.0991453042884511,0.0,1e-08
6115.0,1.2276363035057452,0.757075643,0.304565635,0.0,0.0,1.2276363035057452,0.0,0.0,0.0,0.0,0.0,0.0,0.0,0.0,0.0,0.25837833871656746,1.1734662354447254,0.0,1e-08
6116.0,1.2498206958035292,0.75871877,0.322785055,0.0,0.0,1.249820695803529,0.0,0.0,0.0,0.0,0.0,0.0,0.0,0.0,0.0,0.23941913376116775,1.243664155835141,0.0,1e-08
6117.0,1.2620006980612313,0.756821406,0.342604613,0.0,0.0,1.2620006980612313,0.0,0.0,0.0,0.0,0.0,0.0,0.0,0.0,0.0,0.22351491885484198,1.3200272757729448,0.0,1e-08
6118.0,1.2526280064504784,0.726301967,0.362693908,0.0,0.0,1.2526280064504784,0.0,0.0,0.0,0.0,0.0,0.0,0.0,0.0,0.0,0.1729829844936155,1.3974296700922793,0.0,1e-08
6119.0,1.2336663468175753,0.611059559,0.403661913,0.0,0.0,1.1994091480022813,0.034257198815293946,0.0,0.0,0.0,0.0,0.0,0.0,0.0,0.0,0.0,1.5210188107073372,0.0,1.05e-08
6120.0,1.2140537165998724,0.334461144,0.511206212,0.0,0.0,0.656492071609845,0.5575616449900274,0.0,0.0,0.0,0.0,0.0,0.0,0.0,0.0,-1.1102230246251565e-16,1.4120736657422497,0.0,1.05e-08
6121.0,1.172265259486817,0.027857525,0.607529963,0.0,0.0,0.05467972775089547,1.1175855317359216,0.0,0.0,0.0,0.0,0.0,0.0,0.0,0.0,6.938893903907228e-18,1.2231772355456965,0.0,1.05e-08
6122.0,1.1068384330132175,0.0,0.615763217,0.0,0.0,0.0,1.1068384330132175,0.0,0.0,0.0,0.0,0.0,0.0,0.0,0.0,0.0,1.265646381888252,0.0,1.05e-08
6123.0,1.035381563227788,0.0,0.600292376,0.0,0.0,0.0,1.035381563227788,0.0,0.0,0.0,0.0,0.0,0.0,0.0,0.0,0.0,1.2774953791458632,0.0,1.05e-08
6124.0,0.966588533598579,0.0,0.578977084,0.0,0.0,0.0,0.966588533598579,0.0,0.0,0.0,0.0,0.0,0.0,0.0,0.0,0.0,1.2641623492784224,0.0,1.05e-08
6125.0,0.9101618037299589,0.0,0.549511911,0.0,0.0,0.0,0.9101618037299588,0.0,0.0,0.0,0.0,0.0,0.0,0.0,0.0,0.0,1.2070622013131806,0.0,1.05e-08
6126.0,0.8690928404211561,0.0,0.515439515,0.0,0.0,0.0,0.8690928404211561,0.0,0.0,0.0,0.0,0.0,0.0,0.0,0.0,0.0,1.1168530371119574,0.0,1.05e-08
6127.0,0.8440947134245992,0.0,0.483309746,0.0,0.0,0.0,0.8440947134245993,0.0,0.0,0.0,0.0,0.0,0.0,0.0,0.0,0.0,1.0180578179743105,0.0,1.05e-08
6128.0,0.8341053128387727,0.0,0.460113013,0.0,0.0,0.0,0.8341053128387727,0.0,0.0,0.0,0.0,0.0,0.0,0.0,0.0,0.0,0.9386721222918849,0.0,1.05e-08
6129.0,0.8502318242668239,0.0,0.43166756,0.0,0.0,0.0,0.8502318242668239,0.0,0.0,0.0,0.0,0.0,0.0,0.0,0.0,0.0,0.8129476299641505,0.0,1.05e-08
6130.0,0.8964742906442992,0.0,0.41198611,0.0,0.0,0.0,0.8964742906442992,0.0,0.0,0.0,0.0,0.0,0.0,0.0,0.0,0.0,0.6908741623655638,0.0,1.05e-08
6131.0,0.9439373268682741,0.0,0.395533646,0.0,0.0,0.0,0.9439373268682741,0.0,0.0,0.0,0.0,0.0,0.0,0.0,0.0,0.0,0.5800211412738939,0.0,1.05e-08
6132.0,0.9772331874704211,4.22e-05,0.344224948,0.0,0.0,8.28316410408961e-05,0.9771503558293803,0.0,0.0,0.0,0.0,0.0,0.0,0.0,0.0,0.0,0.3491199368637409,0.0,1.05e-08
6133.0,1.0191586910223815,0.106838198,0.276286205,0.0,0.0,0.20970576460171048,0.8094529264206711,0.0,0.0,0.0,0.0,0.0,0.0,0.0,0.0,0.0,0.25505500103036804,0.0,1.05e-08
6134.0,1.0644418323275202,0.527183814,0.265913768,0.0,0.0,1.0347748920336146,0.02966694029390576,0.0,0.0,0.0,0.0,0.0,0.0,0.0,0.0,0.0,0.994876844128398,0.0,1.05e-08
6135.0,1.1094166191451222,0.762981482,0.276091065,0.0,0.0,1.1094166191451222,0.0,0.0,0.0,0.0,0.0,0.0,0.0,0.0,0.0,0.38819021113627405,1.0637560691490193,0.0,1e-08
6136.0,1.1522650448090852,0.791708776,0.278275842,0.0,0.0,1.1522650448090852,0.0,0.0,0.0,0.0,0.0,0.0,0.0,0.0,0.0,0.40172872634160695,1.0721738344739753,0.0,1e-08
6137.0,1.1944004007206193,0.789813222,0.279852665,0.0,0.0,1.194400400720619,0.0,0.0,0.0,0.0,0.0,0.0,0.0,0.0,0.0,0.35587271051297287,1.078249203252113,0.0,1e-08
6138.0,1.2295549536504184,0.77836732,0.284394604,0.0,0.0,1.2295549536504184,0.0,0.0,0.0,0.0,0.0,0.0,0.0,0.0,0.0,0.2982517394349915,1.0957489190685399,0.0,1e-08
6139.0,1.2550070469758488,0.768557804,0.291362939,0.0,0.0,1.2550070469758485,0.0,0.0,0.0,0.0,0.0,0.0,0.0,0.0,0.0,0.253545183832383,1.1225973382599161,0.0,1e-08
6140.0,1.272773832969547,0.772541325,0.296162041,0.0,0.0,1.272773832969547,0.0,0.0,0.0,0.0,0.0,0.0,0.0,0.0,0.0,0.24359739266216485,1.1410878818744485,0.0,1e-08
6141.0,1.2815747839679923,0.776538485,0.301957086,0.0,0.0,1.4370608819292665,0.0,0.0,0.15548609796127455,0.0,0.0,0.0,0.0,0.0,0.0,0.08715610963379694,1.1634157116060686,0.0,1e-08
6142.0,1.2713498348152974,0.756764911,0.303658074,0.0,0.0,1.4854047265473385,0.0,0.0,0.214054891732041,0.0,0.1399374881651471,0.0,0.0,0.0,0.0,-2.220446049250313e-16,1.1699694778735488,0.0,1.0000136218855531e-08
6143.0,1.253910675464607,0.655059879,0.315438292,0.0,0.0,1.2857745203227684,0.0,0.0,0.03186384485816138,0.0,0.33258498453750146,0.0,0.0,0.0,0.0,0.0,1.215357684816785,0.0,1.000027243956662e-08
6144.0,1.2351374546851985,0.383907559,0.409417694,0.0,0.0,0.7535472303311526,0.4815902243540459,0.0,0.0,0.0,0.3612579145369628,0.0,0.0,0.0,0.0,0.0,1.0958623339512945,0.0,1.05e-08
6145.0,1.1914153579732147,0.042693463,0.500367503,0.0,0.0,0.08380022753575306,1.107615130437462,0.0,0.0,0.0,0.3612529935900284,0.0,0.0,0.0,0.0,0.0,0.8202595297627517,0.0,1.05e-08
6146.0,1.1258300715546312,1.96e-07,0.494745996,0.0,0.0,3.84715678768143e-07,1.1258296868389523,0.0,0.0,0.0,0.3612480727101256,0.0,0.0,0.0,0.0,0.0,0.7803857712099216,0.0,1.05e-08
6147.0,1.0523025157313681,0.0,0.474086363,0.0,0.0,0.0,1.0523025157313681,0.0,0.0,0.0,0.3612431518972536,0.0,0.0,0.0,0.0,0.0,0.7743130827923836,0.0,1.05e-08
6148.0,0.9819591482620436,0.0,0.446865315,0.0,0.0,0.0,0.9819591482620436,0.0,0.0,0.0,0.36123823115141146,0.0,0.0,0.0,0.0,0.0,0.7397760006948351,0.0,1.05e-08
6149.0,0.9211983247630456,0.0,0.416107389,0.0,0.0,0.0,0.9211983247630456,0.0,0.0,0.0,0.3612333104725982,0.0,0.0,0.0,0.0,0.0,0.6820290758285014,0.0,1.05e-08
6150.0,0.8791186439673166,0.0,0.379318714,0.0,0.0,0.0,0.8791186439673166,0.0,0.0,0.0,0.3612283898608129,0.0,0.0,0.0,0.0,0.0,0.582365030483724,0.0,1.05e-08
6151.0,0.8520926579450839,0.0,0.348631244,0.0,0.0,0.0,0.8520926579450839,0.0,0.0,0.0,0.36122346931605476,0.0,0.0,0.0,0.0,0.0,0.49115472928917014,0.0,1.05e-08
6152.0,0.8412874027776498,0.0,0.32409333,0.0,0.0,0.0,0.8412874027776498,0.0,0.0,0.0,0.3612185488383228,0.0,0.0,0.0,0.0,0.0,0.40741742857289,0.0,1.05e-08
6153.0,0.8535273628523731,0.0,0.296805563,0.0,0.0,0.0,0.8535273628523731,0.0,0.0,0.0,0.361213628427616,0.0,0.0,0.0,0.0,0.0,0.2900399561350834,0.0,1.05e-08
6154.0,0.8961059783397414,0.0,0.272659067,0.0,0.0,0.0,0.8961059783397414,0.0,0.0,0.0,0.36120870808393374,0.0,0.0,0.0,0.0,0.0,0.1544268859880451,0.0,1.05e-08
6155.0,0.9428174005003455,0.0,0.256879003,0.0,0.0,0.0,0.9428174005003455,0.0,0.0,0.0,0.36120378780727486,0.0,0.0,0.0,0.0,0.0,0.04691618062151781,0.0,1.05e-08
6156.0,0.9798306457577968,4.46e-05,0.216712525,0.0,0.0,8.754244527071008e-05,0.834975459018779,0.0,0.0,0.14476764429374697,0.3611988675976385,0.0,0.0,0.0,0.0,0.0,0.0,0.0,1.1113381641864482e-08
6157.0,1.0264949582050271,0.127299212,0.145397418,0.0,0.0,0.2498673609756619,0.5602042421622622,0.0,0.0,0.216423355067103,0.21642630316127676,0.0,0.0,0.0,0.0,0.0,0.0,0.0,1.1113533027077317e-08
6158.0,1.0766004210791436,0.53158069,0.123556667,0.0,0.0,1.0434052345581009,0.0331951865210426,0.0,0.0,0.0,0.0,0.0,0.0,0.0,0.0,0.0,0.44285844601891067,0.0,1.05e-08
6159.0,1.1254960208597997,0.767374517,0.12441646,0.0,0.0,1.1254960208597997,0.0,0.0,0.0,0.0,0.0,0.0,0.0,0.0,0.0,0.38073361269648043,0.47936634395262373,0.0,1e-08
6160.0,1.1717920210024724,0.788250644,0.13009489,0.0,0.0,1.1717920210024724,0.0,0.0,0.0,0.0,0.0,0.0,0.0,0.0,0.0,0.37541400729286356,0.501244865721294,0.0,1e-08
6161.0,1.213636153231333,0.783139222,0.138674881,0.0,0.0,1.2136361532313331,0.0,0.0,0.0,0.0,0.0,0.0,0.0,0.0,0.0,0.32353699657318424,0.5343028623627064,0.0,1e-08
6162.0,1.245490884874367,0.767901553,0.149935677,0.0,0.0,1.245490884874367,0.0,0.0,0.0,0.0,0.0,0.0,0.0,0.0,0.0,0.2617732334394396,0.577689779242646,0.0,1e-08
6163.0,1.2708187798645396,0.757007657,0.157681704,0.0,0.0,1.2708187798645396,0.0,0.0,0.0,0.0,0.0,0.0,0.0,0.0,0.0,0.21506241705095297,0.6075345814749897,0.0,1e-08
6164.0,1.289735471134677,0.761228329,0.160901897,0.0,0.0,1.289735471134677,0.0,0.0,0.0,0.0,0.0,0.0,0.0,0.0,0.0,0.20443020891008978,0.6199417191256819,0.0,1e-08
6165.0,1.2957355355379965,0.766886764,0.163680492,0.0,0.0,1.3045631341395738,0.0,0.0,0.008827598601577129,0.0,0.0,0.0,0.0,0.0,0.0,0.20070912071024605,0.6306474161570477,0.0,1e-08
6166.0,1.2769280531488618,0.747821428,0.170020007,0.0,0.0,1.4678501442366425,0.0,0.0,0.19092209108778077,0.0,0.007944838741419418,0.0,0.0,0.0,0.0,2.220446049250313e-16,0.6550730438270748,0.0,1.0000136218855531e-08
6167.0,1.2461439968097747,0.642742615,0.199900355,0.0,0.0,1.2615977622598784,0.0,0.0,0.01545376545010376,0.0,0.17977461249821222,0.0,0.0,0.0,0.0,2.220446049250313e-16,0.7701995566437237,0.0,1.000027243956662e-08
6168.0,1.2150751408398377,0.371357811,0.310238158,0.0,0.0,0.7289141445138609,0.4861609963259767,0.0,0.0,0.0,0.19368055256746655,0.0,0.0,0.0,0.0,0.0,0.7091610017043193,0.0,1.05e-08
6169.0,1.1713316306217751,0.038865337,0.435738089,0.0,0.0,0.07628624747197767,1.0950453831497975,0.0,0.0,0.0,0.19367791430908365,0.0,0.0,0.0,0.0,0.0,0.5838174831046592,0.0,1.05e-08
6170.0,1.1147571475612104,0.0,0.460011817,0.0,0.0,0.0,1.1147571475612104,0.0,0.0,0.0,0.19367527608663831,0.0,0.0,0.0,0.0,0.0,0.6576303877399339,0.0,1.05e-08
6171.0,1.0499042030505266,0.0,0.44701894,0.0,0.0,0.0,1.0499042030505266,0.0,0.0,0.0,0.19367263790013003,0.0,0.0,0.0,0.0,0.0,0.6724228503423868,0.0,1.05e-08
6172.0,0.9845865854579298,0.0,0.419122173,0.0,0.0,0.0,0.9845865854579298,0.0,0.0,0.0,0.19366999974955834,0.0,0.0,0.0,0.0,0.0,0.6302565288734784,0.0,1.05e-08
6173.0,0.9268814692763968,0.0,0.38535243,0.0,0.0,0.0,0.9268814692763968,0.0,0.0,0.0,0.19366736163492276,0.0,0.0,0.0,0.0,0.0,0.5578496145557535,0.0,1.05e-08
6174.0,0.8828060497141105,0.0,0.358401615,0.0,0.0,0.0,0.8828060497141105,0.0,0.0,0.0,0.19366472355622277,0.0,0.0,0.0,0.0,0.0,0.4980857699797293,0.0,1.05e-08
6175.0,0.8509149151107421,0.0,0.333351756,0.0,0.0,0.0,0.8509149151107422,0.0,0.0,0.0,0.19366208551345793,0.0,0.0,0.0,0.0,0.0,0.4334618668995087,0.0,1.05e-08
6176.0,0.8314800169934944,0.0,0.309623668,0.0,0.0,0.0,0.8314800169934944,0.0,0.0,0.0,0.1936594475066277,0.0,0.0,0.0,0.0,0.0,0.36147440182183743,0.0,1.05e-08
6177.0,0.8250495411179881,0.0,0.28316835,0.0,0.0,0.0,0.8250495411179881,0.0,0.0,0.0,0.1936568095357316,0.0,0.0,0.0,0.0,0.0,0.26597472257346344,0.0,1.05e-08
6178.0,0.8342980343934832,0.0,0.26417541,0.0,0.0,0.0,0.8342980343934832,0.0,0.0,0.0,0.19365417160076917,0.0,0.0,0.0,0.0,0.0,0.18354800023799078,0.0,1.05e-08
6179.0,0.8491804211183479,0.0,0.251639231,0.0,0.0,0.0,0.8491804211183479,0.0,0.0,0.0,0.19365153370173988,0.0,0.0,0.0,0.0,0.0,0.12036475127700674,0.0,1.05e-08
6180.0,0.8820415875470923,1.41e-05,0.21729655,0.0,0.0,2.7675974850157228e-05,0.8372256591050614,0.0,0.0,0.044788252467180725,0.19364889583864325,0.0,0.0,0.0,0.0,0.0,-1.1102230246251565e-16,0.0,1.1113381641864482e-08
6181.0,0.9399372839327278,0.088828467,0.160067193,0.0,0.0,0.1743556325297887,0.6167256735577351,0.0,0.0,0.148855977845204,0.1488580055442981,0.0,0.0,0.0,0.0,2.7755575615628914e-17,0.0,0.0,1.1113533027077317e-08
6182.0,1.0046317684984274,0.486019871,0.145017605,0.0,0.0,0.9539768600335219,0.050654908464905515,0.0,0.0,0.0,0.0,0.0,0.0,0.0,0.0,0.0,0.5080859455797742,0.0,1.05e-08
6183.0,1.070313415694366,0.718793154,0.162349261,0.0,0.0,1.070313415694366,0.0,0.0,0.0,0.0,0.0,0.0,0.0,0.0,0.0,0.34055901356586005,0.6255182930697456,0.0,1e-08
6184.0,1.1256245018962734,0.760664531,0.191450911,0.0,0.0,1.1256245018962734,0.0,0.0,0.0,0.0,0.0,0.0,0.0,0.0,0.0,0.3674345356471762,0.7376445468105197,0.0,1e-08
6185.0,1.170239541811749,0.751634825,0.215269295,0.0,0.0,1.170239541811749,0.0,0.0,0.0,0.0,0.0,0.0,0.0,0.0,0.0,0.30509567189054376,0.8294148130352593,0.0,1e-08
6186.0,1.2029593791003723,0.738594079,0.235189408,0.0,0.0,1.2029593791003723,0.0,0.0,0.0,0.0,0.0,0.0,0.0,0.0,0.0,0.24677900067828284,0.9061653630825209,0.0,1e-08
6187.0,1.226507811735385,0.725778158,0.249727577,0.0,0.0,1.226507811735385,0.0,0.0,0.0,0.0,0.0,0.0,0.0,0.0,0.0,0.1980750285200361,0.9621797274302558,0.0,1e-08
6188.0,1.243692150363736,0.726535542,0.259385475,0.0,0.0,1.243692150363736,0.0,0.0,0.0,0.0,0.0,0.0,0.0,0.0,0.0,0.18237730978784916,0.9993908107107747,0.0,1e-08
6189.0,1.2498935017241974,0.728361806,0.269486882,0.0,0.0,1.2498935017241974,0.0,0.0,0.0,0.0,0.0,0.0,0.0,0.0,0.0,0.17976061350070305,1.0383106975357772,0.0,1e-08
6190.0,1.2359426025137668,0.708722542,0.285416516,0.0,0.0,1.2359426025137668,0.0,0.0,0.0,0.0,0.0,0.0,0.0,0.0,0.0,0.15516287607711954,1.099686261597666,0.0,1e-08
6191.0,1.2079358779131186,0.610357835,0.320092849,0.0,0.0,1.1980317795075468,0.009904098405571778,0.0,0.0,0.0,0.0,0.0,0.0,0.0,0.0,2.220446049250313e-16,1.2233872100797303,0.0,1.05e-08
6192.0,1.1833039218705115,0.36293268,0.423423365,0.0,0.0,0.7123770017007206,0.4709269201697909,0.0,0.0,0.0,0.0,0.0,0.0,0.0,0.0,0.0,1.1604883316720258,0.0,1.05e-08
6193.0,1.1405989666972776,0.032868599,0.514341235,0.0,0.0,0.06451563966552502,1.0760833270317525,0.0,0.0,0.0,0.0,0.0,0.0,0.0,0.0,0.0,0.9056309683760035,0.0,1.05e-08
6194.0,1.0833863611555603,0.0,0.525891464,0.0,0.0,0.0,1.0833863611555603,0.0,0.0,0.0,0.0,0.0,0.0,0.0,0.0,0.0,0.9428300125748355,0.0,1.05e-08
6195.0,1.0201972460672104,0.0,0.516930173,0.0,0.0,0.0,1.0201972460672104,0.0,0.0,0.0,0.0,0.0,0.0,0.0,0.0,0.0,0.9714920136160123,0.0,1.05e-08
6196.0,0.9596227200710992,0.0,0.499050317,0.0,0.0,0.0,0.9596227200710992,0.0,0.0,0.0,0.0,0.0,0.0,0.0,0.0,0.0,0.9631769312667375,0.0,1.05e-08
6197.0,0.9064251469191835,0.0,0.480489186,0.0,0.0,0.0,0.9064251469191835,0.0,0.0,0.0,0.0,0.0,0.0,0.0,0.0,0.0,0.9448599997695439,0.0,1.05e-08
6198.0,0.8635231874900232,0.0,0.464138358,0.0,0.0,0.0,0.8635231874900232,0.0,0.0,0.0,0.0,0.0,0.0,0.0,0.0,0.0,0.9247635694441797,0.0,1.05e-08
6199.0,0.832865470836802,0.0,0.444785035,0.0,0.0,0.0,0.832865470836802,0.0,0.0,0.0,0.0,0.0,0.0,0.0,0.0,0.0,0.8808545311049811,0.0,1.05e-08
6200.0,0.8124798130496491,0.0,0.426929127,0.0,0.0,0.0,0.8124798130496492,0.0,0.0,0.0,0.0,0.0,0.0,0.0,0.0,0.0,0.8324428502127149,0.0,1.05e-08
6201.0,0.8034497375361593,0.0,0.401999328,0.0,0.0,0.0,0.8034497375361593,0.0,0.0,0.0,0.0,0.0,0.0,0.0,0.0,0.0,0.7454204693060189,0.0,1.05e-08
6202.0,0.8059229974882771,0.0,0.378062951,0.0,0.0,0.0,0.8059229974882771,0.0,0.0,0.0,0.0,0.0,0.0,0.0,0.0,0.0,0.6507223258460302,0.0,1.05e-08
6203.0,0.8172229046461348,0.0,0.359032528,0.0,0.0,0.0,0.8172229046461348,0.0,0.0,0.0,0.0,0.0,0.0,0.0,0.0,0.0,0.5660997707251787,0.0,1.05e-08
6204.0,0.8467649776326432,6.84e-06,0.30862973,0.0,0.0,1.3425792054969886e-05,0.8467515518405883,0.0,0.0,0.0,0.0,0.0,0.0,0.0,0.0,1.6940658945086007e-21,0.34237330595704873,0.0,1.05e-08
6205.0,0.9014293759509664,0.078255307,0.233656504,0.0,0.0,0.153602263008747,0.7478271129422195,0.0,0.0,0.0,0.0,0.0,0.0,0.0,0.0,0.0,0.15243209764158583,0.0,1.05e-08
6206.0,0.9652137865083109,0.475050126,0.236293425,0.0,0.0,0.9324450595560299,0.03276872695228101,0.0,0.0,0.0,0.0,0.0,0.0,0.0,0.0,0.0,0.8776503224427387,0.0,1.05e-08
6207.0,1.0309768050273498,0.713149063,0.265373244,0.0,0.0,1.0309768050273498,0.0,0.0,0.0,0.0,0.0,0.0,0.0,0.0,0.0,0.3688172043344369,1.0224611900959693,0.0,1e-08
6208.0,1.0949582198406205,0.743565899,0.274158128,0.0,0.0,1.0949582198406205,0.0,0.0,0.0,0.0,0.0,0.0,0.0,0.0,0.0,0.36453902272381566,1.0563086225428326,0.0,1e-08
6209.0,1.1495883565492173,0.737709683,0.267663088,0.0,0.0,1.2089459859718332,0.0,0.0,0.05935762942261592,0.0,0.0,0.0,0.0,0.0,0.0,0.23905647029947574,1.0312837698937054,0.0,1e-08
6210.0,1.1914581849853727,0.726872861,0.256906001,0.0,0.0,1.4267315617232503,0.0,0.0,0.23527337673787743,0.0,0.05342186648035433,0.0,0.0,0.0,0.0,0.0,0.9898376021859092,0.0,1.0000136218855531e-08
6211.0,1.2228760811043964,0.715799475,0.2472836,0.0,0.0,1.404996331053599,0.0,0.0,0.1821202499492024,0.0,0.2651671778478054,0.0,0.0,0.0,0.0,0.0,0.9527632859144443,0.0,1.000027243956662e-08
6212.0,1.2471440075436613,0.716409757,0.239796712,0.0,0.0,1.4061942139815071,0.0,0.0,0.1590502064378457,0.0,0.42907179077434104,0.0,0.0,0.0,0.0,-2.220446049250313e-16,0.9239169248449944,0.0,1.0000408662133296e-08
6213.0,1.261848662168071,0.716053634,0.236505681,0.0,0.0,1.4054952032587011,0.0,0.0,0.14364654109063038,0.0,0.5722111318811898,0.0,0.0,0.0,0.0,0.0,0.9112368542313092,0.0,1.0000544886555574e-08
6214.0,1.254923534302141,0.693154765,0.239609315,0.0,0.0,1.3605484995323858,0.0,0.0,0.10562496523024488,0.0,0.7014852243743821,0.0,0.0,0.0,0.0,0.0,0.923194899682426,0.0,1.0000681112833488e-08
6215.0,1.2388377085356397,0.589871864,0.26775746,0.0,0.0,1.157821196658111,0.08101651187752881,0.0,0.0,0.0,0.7965381376603216,0.0,0.0,0.0,0.0,0.0,0.9506308655373317,0.0,1.05e-08
6216.0,1.219987399134347,0.351095151,0.374141011,0.0,0.0,0.6891418843324931,0.530845514801854,0.0,0.0,0.0,0.7965272874567718,0.0,0.0,0.0,0.0,0.0,0.9106888976529641,0.0,1.05e-08
6217.0,1.1766378974281368,0.032541624,0.479604214,0.0,0.0,0.06387384166009026,1.1127640557680467,0.0,0.0,0.0,0.7965164374010204,0.0,0.0,0.0,0.0,0.0,0.7351113669007203,0.0,1.05e-08
6218.0,1.1146629281344629,0.0,0.49397726,0.0,0.0,0.0,1.1146629281344629,0.0,0.0,0.0,0.7965055874930651,0.0,0.0,0.0,0.0,0.0,0.7885906536017047,0.0,1.05e-08
6219.0,1.0421760687066364,0.0,0.471980201,0.0,0.0,0.0,1.0421760687066364,0.0,0.0,0.0,0.7964947377329039,0.0,0.0,0.0,0.0,0.0,0.7763246615937955,0.0,1.05e-08
6220.0,0.9724387034593459,0.0,0.435428964,0.0,0.0,0.0,0.9724387034593459,0.0,0.0,0.0,0.796483888120535,0.0,0.0,0.0,0.0,0.0,0.705233129702911,0.0,1.05e-08
6221.0,0.9154038300180839,0.0,0.394362507,0.0,0.0,0.0,0.9154038300180839,0.0,0.0,0.0,0.7964730386559563,0.0,0.0,0.0,0.0,0.0,0.6040423362896615,0.0,1.05e-08
6222.0,0.8746325144437783,0.0,0.355503055,0.0,0.0,0.0,0.8746325144437783,0.0,0.0,0.0,0.7964621893391657,0.0,0.0,0.0,0.0,0.0,0.49509139298244587,0.0,1.05e-08
6223.0,0.8502874993826292,0.0,0.318839734,0.0,0.0,0.0,0.8502874993826292,0.0,0.0,0.0,0.7964513401701612,0.0,0.0,0.0,0.0,0.0,0.37817566051122287,0.0,1.05e-08
6224.0,0.842882708980531,0.0,0.288749441,0.0,0.0,0.0,0.842882708980531,0.0,0.0,0.0,0.7964404911489408,0.0,0.0,0.0,0.0,0.0,0.2696450373525011,0.0,1.05e-08
6225.0,0.8605659823005213,0.0,0.260823875,0.0,0.0,0.0,0.8605659823005213,0.0,0.0,0.0,0.7964296422755026,0.0,0.0,0.0,0.0,0.0,0.14436686480271665,0.0,1.05e-08
6226.0,0.9106286181624799,0.0,0.238956656,0.0,0.0,0.0,0.9106286181624799,0.0,0.0,0.0,0.7964187935498444,0.0,0.0,0.0,0.0,0.0,0.010051640300626885,0.0,1.05e-08
6227.0,0.9598668340403991,0.0,0.222695545,0.0,0.0,0.0,0.8580275408992266,0.0,0.0,0.10183929314117249,0.7964079449719642,0.0,0.0,0.0,0.0,0.0,0.0,0.0,1.111383580368947e-08
6228.0,0.9968029906759661,9.57e-06,0.18943271,0.0,0.0,1.8784331866383307e-05,0.7298685850548844,0.0,0.0,0.26691562128921525,0.6945578034006877,0.0,0.0,0.0,0.0,0.0,0.0,0.0,1.1113987195088845e-08
6229.0,1.0454287802800277,0.084054312,0.117525782,0.0,0.0,0.16498475354321054,0.4528171307680115,0.0,0.0,0.42762689596880565,0.427632721053442,0.0,0.0,0.0,0.0,0.0,0.0,0.0,1.1114138588550456e-08
6230.0,1.1021552992337529,0.483013114,0.090676867,0.0,0.0,0.9480750918695124,0.15408020736424047,0.0,0.0,0.0,0.0,0.0,0.0,0.0,0.0,0.0,0.19529027154882547,0.0,1.05e-08
6231.0,1.16022230366802,0.747656775,0.091334239,0.0,0.0,1.4444131494648271,0.0,0.0,0.2841908457968071,0.0,0.0,0.0,0.0,0.0,0.0,0.02311380808479413,0.35190327893210543,0.0,1e-08
6232.0,1.2178867341880029,0.775724533,0.092030397,0.0,0.0,1.5226193380112025,0.0,0.0,0.3047326038231997,0.0,0.25577176121712636,0.0,0.0,0.0,0.0,2.220446049250313e-16,0.35458551820553735,0.0,1.0000136218855531e-08
6233.0,1.2675831990960116,0.765294077,0.094407731,0.0,0.0,1.5021460729096656,0.0,0.0,0.23456287381365407,0.0,0.5300276206118063,0.0,0.0,0.0,0.0,0.0,0.36374518974686126,0.0,1.000027243956662e-08
6234.0,1.3039797353783893,0.750813331,0.098832371,0.0,0.0,1.4737227564481399,0.0,0.0,0.16974302106975048,0.0,0.7411269871668553,0.0,0.0,0.0,0.0,0.0,0.3807929622048346,0.0,1.0000408662133296e-08
6235.0,1.33213635452159,0.739446674,0.102958328,0.0,0.0,1.451411883167121,0.0,0.0,0.11927552864553101,0.0,0.8938856107201496,0.0,0.0,0.0,0.0,2.220446049250313e-16,0.39668993373413014,0.0,1.0000544886555574e-08
6236.0,1.3517061577271352,0.74289224,0.104242714,0.0,0.0,1.458174961036664,0.0,0.0,0.1064688033095288,0.0,1.001221410259504,0.0,0.0,0.0,0.0,0.0,0.40163856690568905,0.0,1.0000681112833488e-08
6237.0,1.359036000857957,0.748665851,0.103273136,0.0,0.0,1.4695076073367064,0.0,0.0,0.11047160647874926,0.0,1.097029694900396,0.0,0.0,0.0,0.0,-2.220446049250313e-16,0.39790286295593114,0.0,1.000081734096706e-08
6238.0,1.3491365369976622,0.728229301,0.107330366,0.0,0.0,1.4293940297605374,0.0,0.0,0.08025749276287525,0.0,1.1964391973218753,0.0,0.0,0.0,0.0,0.0,0.41353503503087125,0.0,1.0000953570956317e-08
6239.0,1.3287530205611173,0.622650288,0.134341555,0.0,0.0,1.222159837668876,0.10659318289224146,0.0,0.0,0.0,1.2686546432726487,0.0,0.0,0.0,0.0,0.0,0.41101373231222843,0.0,1.05e-08
6240.0,1.3026970663642605,0.354453503,0.240796496,0.0,0.0,0.6957337755019949,0.6069632908622656,0.0,0.0,0.0,1.2686373620396942,0.0,0.0,0.0,0.0,1.1102230246251565e-16,0.32080571915556144,0.0,1.05e-08
6241.0,1.249377436227695,0.032732002,0.342871878,0.0,0.0,0.06424752227995008,1.1851299139477451,0.0,0.0,0.0,1.26862008104214,0.0,0.0,0.0,0.0,0.0,0.13592711179491013,0.0,1.05e-08
6242.0,1.1763702286021502,0.0,0.362668372,0.0,0.0,0.0,1.1763702286021502,0.0,0.0,0.0,1.2686028002799818,0.0,0.0,0.0,0.0,0.0,0.22096105339132643,0.0,1.05e-08
6243.0,1.094219453880897,0.0,0.3493698,0.0,0.0,0.0,1.094219453880897,0.0,0.0,0.0,1.2685855197532172,0.0,0.0,0.0,0.0,0.0,0.25187352861884116,0.0,1.05e-08
6244.0,1.0078073914499344,0.0,0.326895165,0.0,0.0,0.0,1.0078073914499344,0.0,0.0,0.0,1.268568239461843,0.0,0.0,0.0,0.0,0.0,0.25169267873241674,0.0,1.05e-08
6245.0,0.9555926982270423,0.0,0.303601928,0.0,0.0,0.0,0.9555926982270422,0.0,0.0,0.0,1.2685509594058555,0.0,0.0,0.0,0.0,0.0,0.21416045374599824,0.0,1.05e-08
6246.0,0.9115322681190112,0.0,0.279968389,0.0,0.0,0.0,0.9115322681190112,0.0,0.0,0.0,1.2685336795852518,0.0,0.0,0.0,0.0,0.0,0.16716281014664558,0.0,1.05e-08
6247.0,0.8830373155797631,0.0,0.25775677,0.0,0.0,0.0,0.8830373155797631,0.0,0.0,0.0,1.2685164000000286,0.0,0.0,0.0,0.0,0.0,0.11007822929217215,0.0,1.05e-08
6248.0,0.8736346450604996,0.0,0.242312412,0.0,0.0,0.0,0.8736346450604996,0.0,0.0,0.0,1.2684991206501826,0.0,0.0,0.0,0.0,0.0,0.05997506409520115,0.0,1.05e-08
6249.0,0.8881701329868855,0.0,0.224381675,0.0,0.0,0.0,0.8645240605199331,0.0,0.0,0.023646072466952394,1.2684818415357109,0.0,0.0,0.0,0.0,0.0,0.0,0.0,1.111383580368947e-08
6250.0,0.9358622937259051,0.0,0.206374935,0.0,0.0,0.0,0.7951455786027859,0.0,0.0,0.14071671512311926,1.2448184901896577,0.0,0.0,0.0,0.0,0.0,0.0,0.0,1.1113987195088845e-08
6251.0,0.984053389156564,0.0,0.190831397,0.0,0.0,0.0,0.7352576105385227,0.0,0.0,0.2487957786180414,1.1040848185225105,0.0,0.0,0.0,0.0,0.0,1.1102230246251565e-16,0.0,1.1114138588550456e-08
6252.0,1.0184049356084028,4.69e-06,0.170608535,0.0,0.0,9.20569659909485e-06,0.6573405936004227,0.0,0.0,0.361055136311381,0.8552740003922967,0.0,0.0,0.0,0.0,0.0,0.0,0.0,1.1114289984074332e-08
6253.0,1.0660628347376961,0.08601446,0.104603891,0.0,0.0,0.16883220083048614,0.4030301520545494,0.0,0.0,0.4942004818526606,0.4942072137950647,0.0,0.0,0.0,0.0,0.0,0.0,0.0,1.11144413816605e-08
6254.0,1.1220184674725795,0.498385115,0.088614122,0.0,0.0,0.9782477949243061,0.14377067254827344,0.0,0.0,0.0,0.0,0.0,0.0,0.0,0.0,0.0,0.1976522202563584,0.0,1.05e-08
6255.0,1.182061938517933,0.755701557,0.09334665,0.0,0.0,1.182061938517933,0.0,0.0,0.0,0.0,0.0,0.0,0.0,0.0,0.0,0.30125559947899294,0.35965693229597745,0.0,1e-08
6256.0,1.2358441003858036,0.776067501,0.098664777,0.0,0.0,1.2358441003858036,0.0,0.0,0.0,0.0,0.0,0.0,0.0,0.0,0.0,0.2874484272525204,0.38014723636559755,0.0,1e-08
6257.0,1.278765331970435,0.764855774,0.103645251,0.0,0.0,1.278765331970435,0.0,0.0,0.0,0.0,0.0,0.0,0.0,0.0,0.0,0.2225204244282557,0.3993365913153454,0.0,1e-08
6258.0,1.3117549794356531,0.751029666,0.109895569,0.0,0.0,1.4072022283894985,0.0,0.0,0.09544724895384536,0.0,0.0,0.0,0.0,0.0,0.0,0.06694515798908163,0.42341855031177783,0.0,1e-08
6259.0,1.3339136755261423,0.738880485,0.114927525,0.0,0.0,1.4503005475270903,0.0,0.0,0.116386872000948,0.0,0.08590252405846083,0.0,0.0,0.0,0.0,0.0,0.44280626115526645,0.0,1.0000136218855531e-08
6260.0,1.3495990687289672,0.740426601,0.117489564,0.0,0.0,1.453335318274,0.0,0.0,0.10373624954503272,0.0,0.19064953872090207,0.0,0.0,0.0,0.0,-2.220446049250313e-16,0.45267758580551,0.0,1.000027243956662e-08
6261.0,1.3529866853906558,0.742487785,0.11967135,0.0,0.0,1.4573810825680102,0.0,0.0,0.10439439717735449,0.0,0.2840095663406099,0.0,0.0,0.0,0.0,0.0,0.4610838270545137,0.0,1.0000408662133296e-08
6262.0,1.3359393932012102,0.715132575,0.128718416,0.0,0.0,1.4036873163282395,0.0,0.0,0.06774792312702929,0.0,0.3779606551071192,0.0,0.0,0.0,0.0,0.0,0.4959414250919284,0.0,1.0000544886555574e-08
6263.0,1.3096179115289746,0.612635686,0.16288145,0.0,0.0,1.2025028253932495,0.1071150861357251,0.0,0.0,0.0,0.43892863745478994,0.0,0.0,0.0,0.0,0.0,0.5204536871938014,0.0,1.05e-08
6264.0,1.285182959742294,0.326832366,0.28652145,0.0,0.0,0.641518038413715,0.643664921328579,0.0,0.0,0.0,0.4389226585005691,0.0,0.0,0.0,0.0,0.0,0.46027855970684417,0.0,1.05e-08
6265.0,1.2307798061981339,0.030564958,0.417410731,0.0,0.0,0.05999397226270297,1.170785833935431,0.0,0.0,0.0,0.4389166796277918,0.0,0.0,0.0,0.0,0.0,0.43746323572996615,0.0,1.05e-08
6266.0,1.1603165230947674,0.0,0.437237003,0.0,0.0,0.0,1.1603165230947674,0.0,0.0,0.0,0.4389107008364569,0.0,0.0,0.0,0.0,0.0,0.5243215349958774,0.0,1.05e-08
6267.0,1.0801379322833848,0.0,0.420537348,0.0,0.0,0.0,1.0801379322833848,0.0,0.0,0.0,0.43890472212656334,0.0,0.0,0.0,0.0,0.0,0.540157734433802,0.0,1.05e-08
6268.0,1.0014154598853702,0.0,0.396155265,0.0,0.0,0.0,1.0014154598853702,0.0,0.0,0.0,0.43889874349811,0.0,0.0,0.0,0.0,0.0,0.5249380549199281,0.0,1.05e-08
6269.0,0.9409180225111433,0.0,0.367524756,0.0,0.0,0.0,0.9409180225111433,0.0,0.0,0.0,0.4388927649510957,0.0,0.0,0.0,0.0,0.0,0.47512450591154387,0.0,1.05e-08
6270.0,0.8962280353243913,0.0,0.34114317,0.0,0.0,0.0,0.8962280353243913,0.0,0.0,0.0,0.43888678648551943,0.0,0.0,0.0,0.0,0.0,0.418168421280373,0.0,1.05e-08
6271.0,0.8661120803749673,0.0,0.319063809,0.0,0.0,0.0,0.8661120803749672,0.0,0.0,0.0,0.43888080810137997,0.0,0.0,0.0,0.0,0.0,0.3632144219859602,0.0,1.05e-08
6272.0,0.8548078905158938,0.0,0.301120332,0.0,0.0,0.0,0.8548078905158938,0.0,0.0,0.0,0.43887482979867626,0.0,0.0,0.0,0.0,0.0,0.305383877041552,0.0,1.05e-08
6273.0,0.8678658465228326,0.0,0.275829152,0.0,0.0,0.0,0.8678658465228326,0.0,0.0,0.0,0.43886885157740724,0.0,0.0,0.0,0.0,0.0,0.19488109347041704,0.0,1.05e-08
6274.0,0.9140355069796395,0.0,0.257468224,0.0,0.0,0.0,0.9140355069796395,0.0,0.0,0.0,0.43886287343757174,0.0,0.0,0.0,0.0,0.0,0.07796829398733207,0.0,1.05e-08
6275.0,0.9584000088739916,0.0,0.249227356,0.0,0.0,0.0,0.9584000088739916,0.0,0.0,0.0,0.43885689537916867,0.0,0.0,0.0,0.0,0.0,0.0018524083600223173,0.0,1.05e-08
6276.0,0.9946252371077378,2.11e-06,0.21966162,0.0,0.0,4.141582052044805e-06,0.846338078467355,0.0,0.0,0.14828301705833077,0.43885091740219684,0.0,0.0,0.0,0.0,0.0,0.0,0.0,1.111383580368947e-08
6277.0,1.0425422396605863,0.092658558,0.147968603,0.0,0.0,0.1818734695645273,0.5701108055950734,0.0,0.0,0.29055796450098553,0.2905619224483245,0.0,0.0,0.0,0.0,-2.7755575615628914e-17,0.0,0.0,1.1113987195088845e-08
6278.0,1.0981017225330092,0.393063336,0.16306863,0.0,0.0,0.7715185107556665,0.3265832117773427,0.0,0.0,0.0,0.0,0.0,0.0,0.0,0.0,1.1102230246251565e-16,0.3017067506316757,0.0,1.05e-08
6279.0,1.1556226825622633,0.622310423,0.178322187,0.0,0.0,1.155622682562263,0.0,0.0,0.0,0.0,0.0,0.0,0.0,0.0,0.0,0.06587005615679398,0.6870606576318445,0.0,1e-08
6280.0,1.2128010264942541,0.659283491,0.182275045,0.0,0.0,1.259152436906437,0.0,0.0,0.04635141041218293,0.0,0.0,0.0,0.0,0.0,0.0,0.03491233728078691,0.7022906930115996,0.0,1e-08
6281.0,1.2640199916844757,0.650673251,0.192450612,0.0,0.0,1.277164292932343,0.0,0.0,0.013144301247867432,0.0,0.04171626937096464,0.0,0.0,0.0,0.0,2.220446049250313e-16,0.7414963121912079,0.0,1.0000136218855531e-08
6282.0,1.3038876573022498,0.632040819,0.205132763,0.0,0.0,1.2405919014834592,0.06329575581879053,0.0,0.0,0.0,0.053545572247538836,0.0,0.0,0.0,0.0,0.0,0.7270638366676863,0.0,1.05e-08
6283.0,1.3292262590454618,0.611117324,0.220104322,0.0,0.0,1.1995225311715874,0.12970372787387427,0.0,0.0,0.0,0.05354484286581735,0.0,0.0,0.0,0.0,2.220446049250313e-16,0.7183400448336199,0.0,1.05e-08
6284.0,1.3435818735207845,0.5899485,0.235532538,0.0,0.0,1.1579716204885093,0.18561025303227516,0.0,0.0,0.0,0.053544113494031285,0.0,0.0,0.0,0.0,-2.220446049250313e-16,0.7218771615987345,0.0,1.05e-08
6285.0,1.342723191927019,0.559458882,0.255150496,0.0,0.0,1.0981255282219204,0.2445976637050985,0.0,0.0,0.0,0.05354338413218051,0.0,0.0,0.0,0.0,2.220446049250313e-16,0.7384761227152719,0.0,1.05e-08
6286.0,1.319183324694438,0.509821159,0.281013343,0.0,0.0,1.000694863444114,0.318488461250324,0.0,0.0,0.0,0.053542654780264876,0.0,0.0,0.0,0.0,2.220446049250313e-16,0.7642327384672587,0.0,1.05e-08
6287.0,1.2902579606830031,0.419189933,0.329309442,0.0,0.0,0.8228007122799357,0.4674572484030675,0.0,0.0,0.0,0.05354192543828425,0.0,0.0,0.0,0.0,0.0,0.8013448316482263,0.0,1.05e-08
6288.0,1.2621955609665496,0.236489312,0.41976624,0.0,0.0,0.4641895213647507,0.7980060396017988,0.0,0.0,0.0,0.05354119610623852,0.0,0.0,0.0,0.0,0.0,0.819318611682602,0.0,1.05e-08
6289.0,1.209546173570255,0.02630269,0.481578343,0.0,0.0,0.05162784304478595,1.1579183305254692,0.0,0.0,0.0,0.053540466784127515,0.0,0.0,0.0,0.0,0.0,0.6975632481231486,0.0,1.05e-08
6290.0,1.13986448343877,0.0,0.486396122,0.0,0.0,0.0,1.1398644834387697,0.0,0.0,0.0,0.05353973747195113,0.0,0.0,0.0,0.0,0.0,0.7341795997627161,0.0,1.05e-08
6291.0,1.0622255344483498,0.0,0.467573864,0.0,0.0,0.0,1.0622255344483498,0.0,0.0,0.0,0.053539008169709204,0.0,0.0,0.0,0.0,0.0,0.7392979433413358,0.0,1.05e-08
6292.0,0.9863360689045793,0.0,0.439063426,0.0,0.0,0.0,0.9863360689045793,0.0,0.0,0.0,0.05353827887740162,0.0,0.0,0.0,0.0,0.0,0.7053390461479898,0.0,1.05e-08
6293.0,0.9259606885150024,0.0,0.415354557,0.0,0.0,0.0,0.9259606885150024,0.0,0.0,0.0,0.05353754959502824,0.0,0.0,0.0,0.0,0.0,0.6743661125622157,0.0,1.05e-08
6294.0,0.883664731307876,0.0,0.390166599,0.0,0.0,0.0,0.8836647313078762,0.0,0.0,0.0,0.05353682032258892,0.0,0.0,0.0,0.0,0.0,0.6196149480453174,0.0,1.05e-08
6295.0,0.8572104858979511,0.0,0.369944614,0.0,0.0,0.0,0.8572104858979511,0.0,0.0,0.0,0.053536091060083536,0.0,0.0,0.0,0.0,0.0,0.5681555555257046,0.0,1.05e-08
6296.0,0.8462253572794539,0.0,0.36167753,0.0,0.0,0.0,0.8462253572794538,0.0,0.0,0.0,0.05353536180751194,0.0,0.0,0.0,0.0,0.0,0.5472882923286078,0.0,1.05e-08
6297.0,0.8611848326262027,0.0,0.351534147,0.0,0.0,0.0,0.8611848326262027,0.0,0.0,0.0,0.05353463256487401,0.0,0.0,0.0,0.0,0.0,0.49324720009594836,0.0,1.05e-08
6298.0,0.9108577426775245,0.0,0.338788922,0.0,0.0,0.0,0.9108577426775245,0.0,0.0,0.0,0.0535339033321696,0.0,0.0,0.0,0.0,0.0,0.3944679908370813,0.0,1.05e-08
6299.0,0.9560809261656421,0.0,0.324012633,0.0,0.0,0.0,0.9560809261656421,0.0,0.0,0.0,0.05353317410939858,0.0,0.0,0.0,0.0,0.0,0.29231298630922853,0.0,1.05e-08
6300.0,0.9892568711337469,1.1e-07,0.285914034,0.0,0.0,2.1591186053314147e-07,0.9892566552218864,0.0,0.0,0.0,0.053532444896560824,0.0,0.0,0.0,0.0,2.6469779601696886e-23,0.11234650213628106,0.0,1.05e-08
6301.0,1.0374244117077192,0.065409543,0.222040908,0.0,0.0,0.1283881465977502,0.8555052786092844,0.0,0.0,0.05353098650068451,0.053531715693656175,0.0,0.0,0.0,0.0,0.0,0.0,0.0,1.1114289984074332e-08
6302.0,1.092078103273003,0.377359183,0.262084003,0.0,0.0,0.7406938480981473,0.3513842551748556,0.0,0.0,0.0,0.0,0.0,0.0,0.0,0.0,0.0,0.6584037610295796,0.0,1.05e-08
6303.0,1.1495005611742937,0.641083994,0.309899244,0.0,0.0,1.1495005611742937,0.0,0.0,0.0,0.0,0.0,0.0,0.0,0.0,0.0,0.10884160157622746,1.1940161903815787,0.0,1e-08
6304.0,1.2023683663325937,0.69396556,0.343659887,0.0,0.0,1.2023683663325937,0.0,0.0,0.0,0.0,0.0,0.0,0.0,0.0,0.0,0.15977159008125552,1.3240931593324694,0.0,1e-08
6305.0,1.249657953157329,0.695158618,0.378439902,0.0,0.0,1.249657953157329,0.0,0.0,0.0,0.0,0.0,0.0,0.0,0.0,0.0,0.1148237793701925,1.4580976844022826,0.0,1e-08
6306.0,1.2860052383757252,0.686722939,0.416076141,0.0,0.0,1.2860052383757254,0.0,0.0,0.0,0.0,0.0,0.0,0.0,0.0,0.0,0.061918647354065826,1.6031070046285385,0.0,1e-08
6307.0,1.3098084917330772,0.673006465,0.446805277,0.0,0.0,1.3098084917330772,0.0,0.0,0.0,0.0,0.0,0.0,0.0,0.0,0.0,0.011192217439491614,1.721503827501838,0.0,1e-08
6308.0,1.324202650519342,0.666181453,0.464261296,0.0,0.0,1.3076043360900138,0.016598314429328125,0.0,0.0,0.0,0.0,0.0,0.0,0.0,0.0,2.220446049250313e-16,1.7721621124645641,0.0,1.05e-08
6309.0,1.3265966804989677,0.648823322,0.470729464,0.0,0.0,1.2735331873664868,0.05306349313248096,0.0,0.0,0.0,0.0,0.0,0.0,0.0,0.0,0.0,1.7606182508140853,0.0,1.05e-08
6310.0,1.3071682064335437,0.617696237,0.479856459,0.0,0.0,1.212435852499912,0.09473235393363183,0.0,0.0,0.0,0.0,0.0,0.0,0.0,0.0,-2.220446049250313e-16,1.754114947885453,0.0,1.05e-08
6311.0,1.2842236346699574,0.52907361,0.492896976,0.0,0.0,1.0384842499462335,0.24573938472372386,0.0,0.0,0.0,0.0,0.0,0.0,0.0,0.0,0.0,1.6533519519886701,0.0,1.05e-08
6312.0,1.261542449031142,0.334777721,0.510076016,0.0,0.0,0.657113460055954,0.6044289889751882,0.0,0.0,0.0,0.0,0.0,0.0,0.0,0.0,1.1102230246251565e-16,1.3608517699198968,0.0,1.05e-08
6313.0,1.2118845284340753,0.024567095,0.520744047,0.0,0.0,0.04822115626676761,1.1636633721673078,0.0,0.0,0.0,0.0,0.0,0.0,0.0,0.0,6.938893903907228e-18,0.8427204290233323,0.0,1.05e-08
6314.0,1.1446332712425502,0.0,0.491845483,0.0,0.0,0.0,1.1446332712425502,0.0,0.0,0.0,0.0,0.0,0.0,0.0,0.0,0.0,0.7504067497910201,0.0,1.05e-08
6315.0,1.0708102090353977,0.0,0.461901185,0.0,0.0,0.0,1.0708102090353977,0.0,0.0,0.0,0.0,0.0,0.0,0.0,0.0,0.0,0.7088569051136022,0.0,1.05e-08
6316.0,0.9995974532192681,0.0,0.443368388,0.0,0.0,0.0,0.9995974532192681,0.0,0.0,0.0,0.0,0.0,0.0,0.0,0.0,0.0,0.7086643248423191,0.0,1.05e-08
6317.0,0.9404876110389566,0.0,0.43636334,0.0,0.0,0.0,0.9404876110389566,0.0,0.0,0.0,0.0,0.0,0.0,0.0,0.0,0.0,0.740784295674638,0.0,1.05e-08
6318.0,0.8985385526303092,0.0,0.436552367,0.0,0.0,0.0,0.8985385526303092,0.0,0.0,0.0,0.0,0.0,0.0,0.0,0.0,0.0,0.7834616595012208,0.0,1.05e-08
6319.0,0.8716389062939423,0.0,0.441424987,0.0,0.0,0.0,0.8716389062939423,0.0,0.0,0.0,0.0,0.0,0.0,0.0,0.0,0.0,0.8291351082337532,0.0,1.05e-08
6320.0,0.8598529125480926,0.0,0.446118837,0.0,0.0,0.0,0.8598529125480926,0.0,0.0,0.0,0.0,0.0,0.0,0.0,0.0,0.0,0.8590061183316356,0.0,1.05e-08
6321.0,0.8761807109332859,0.0,0.446087249,0.0,0.0,0.0,0.8761807109332859,0.0,0.0,0.0,0.0,0.0,0.0,0.0,0.0,0.0,0.8425566139915167,0.0,1.05e-08
6322.0,0.9259521231125707,0.0,0.452397743,0.0,0.0,0.0,0.9259521231125707,0.0,0.0,0.0,0.0,0.0,0.0,0.0,0.0,0.0,0.8170990139663068,0.0,1.05e-08
6323.0,0.9705371841195359,0.0,0.459643098,0.0,0.0,0.0,0.9705371841195359,0.0,0.0,0.0,0.0,0.0,0.0,0.0,0.0,0.0,0.8004297073296948,0.0,1.05e-08
6324.0,1.005608224375627,0.0,0.448084661,0.0,0.0,0.0,1.005608224375627,0.0,0.0,0.0,0.0,0.0,0.0,0.0,0.0,0.0,0.72082496400492,0.0,1.05e-08
6325.0,1.0468463543824535,0.063446383,0.420207562,0.0,0.0,0.12453478725116615,0.9223115671312874,0.0,0.0,0.0,0.0,0.0,0.0,0.0,0.0,0.0,0.6967134613672366,0.0,1.05e-08
6326.0,1.090577016496869,0.438512823,0.431881125,0.0,0.0,0.860728358923365,0.2298486575735039,0.0,0.0,0.0,0.0,0.0,0.0,0.0,0.0,1.1102230246251565e-16,1.4341536449626402,0.0,1.05e-08
6327.0,1.1311920134767983,0.715670919,0.450978109,0.0,0.0,1.1311920134767983,0.0,0.0,0.0,0.0,0.0,0.0,0.0,0.0,0.0,0.2735519833482307,1.7375814045343987,0.0,1e-08
6328.0,1.1656185071999134,0.756324877,0.448445011,0.0,0.0,1.1656185071999132,0.0,0.0,0.0,0.0,0.0,0.0,0.0,0.0,0.0,0.3189225051688993,1.727821587166715,0.0,1e-08
6329.0,1.1964089875908241,0.75539187,0.430890332,0.0,0.0,1.1964089875908241,0.0,0.0,0.0,0.0,0.0,0.0,0.0,0.0,0.0,0.2863006858938024,1.6601848589436818,0.0,1e-08
6330.0,1.2181458376115581,0.741775906,0.408609526,0.0,0.0,1.2181458376115581,0.0,0.0,0.0,0.0,0.0,0.0,0.0,0.0,0.0,0.2378379438713205,1.5743387537535993,0.0,1e-08
6331.0,1.2272101747347743,0.731066051,0.386066799,0.0,0.0,1.2272101747347743,0.0,0.0,0.0,0.0,0.0,0.0,0.0,0.0,0.0,0.20775192748364835,1.487483488584408,0.0,1e-08
6332.0,1.2289211138704816,0.734019857,0.365573739,0.0,0.0,1.2289211138704816,0.0,0.0,0.0,0.0,0.0,0.0,0.0,0.0,0.0,0.21183882243079522,1.4085254210698543,0.0,1e-08
6333.0,1.2189252892328315,0.73637568,0.348170987,0.0,0.0,1.2189252892328315,0.0,0.0,0.0,0.0,0.0,0.0,0.0,0.0,0.0,0.22645873913223413,1.3414740550291053,0.0,1e-08
6334.0,1.191899303210599,0.713016343,0.335905869,0.0,0.0,1.191899303210599,0.0,0.0,0.0,0.0,0.0,0.0,0.0,0.0,0.0,0.20763419867727917,1.2942175684371584,0.0,1e-08
6335.0,1.1652908805569056,0.6102563,0.343975531,0.0,0.0,1.1652908805569056,0.0,0.0,0.0,0.0,0.0,0.0,0.0,0.0,0.0,0.0325416024891938,1.3253093095932194,0.0,1e-08
6336.0,1.143849536920061,0.355639825,0.414435996,0.0,0.0,0.6980623299584622,0.4457872069615989,0.0,0.0,0.0,0.0,0.0,0.0,0.0,0.0,0.0,1.1510004544530095,0.0,1.05e-08
6337.0,1.1024615123706818,0.026313297,0.474125711,0.0,0.0,0.05164866283664664,1.0508128495340352,0.0,0.0,0.0,0.0,0.0,0.0,0.0,0.0,-6.938893903907228e-18,0.7759543535836895,0.0,1.05e-08
6338.0,1.0509577475496106,0.0,0.475376385,0.0,0.0,0.0,1.0509577475496106,0.0,0.0,0.0,0.0,0.0,0.0,0.0,0.0,0.0,0.7806281991881834,0.0,1.05e-08
6339.0,0.9920663231313042,0.0,0.467459819,0.0,0.0,0.0,0.9920663231313042,0.0,0.0,0.0,0.0,0.0,0.0,0.0,0.0,0.0,0.8090177486931572,0.0,1.05e-08
6340.0,0.931877240244614,0.0,0.460138512,0.0,0.0,0.0,0.931877240244614,0.0,0.0,0.0,0.0,0.0,0.0,0.0,0.0,0.0,0.8409984404269022,0.0,1.05e-08
6341.0,0.8794783908694429,0.0,0.451909248,0.0,0.0,0.0,0.8794783908694429,0.0,0.0,0.0,0.0,0.0,0.0,0.0,0.0,0.0,0.8616906153226601,0.0,1.05e-08
6342.0,0.8409726242382894,0.0,0.444355605,0.0,0.0,0.0,0.8409726242382894,0.0,0.0,0.0,0.0,0.0,0.0,0.0,0.0,0.0,0.871092819383127,0.0,1.05e-08
6343.0,0.8136596972345989,0.0,0.437010304,0.0,0.0,0.0,0.8136596972345989,0.0,0.0,0.0,0.0,0.0,0.0,0.0,0.0,0.0,0.8701049083337051,0.0,1.05e-08
6344.0,0.7977109179070029,0.0,0.427424932,0.0,0.0,0.0,0.7977109179070029,0.0,0.0,0.0,0.0,0.0,0.0,0.0,0.0,0.0,0.8491220410683514,0.0,1.05e-08
6345.0,0.794289039635588,0.0,0.418496958,0.0,0.0,0.0,0.794289039635588,0.0,0.0,0.0,0.0,0.0,0.0,0.0,0.0,0.0,0.8181451729417086,0.0,1.05e-08
6346.0,0.8047281238490721,0.0,0.412357555,0.0,0.0,0.0,0.8047281238490721,0.0,0.0,0.0,0.0,0.0,0.0,0.0,0.0,0.0,0.7840514760655449,0.0,1.05e-08
6347.0,0.8208846141856339,0.0,0.404966132,0.0,0.0,0.0,0.820884614185634,0.0,0.0,0.0,0.0,0.0,0.0,0.0,0.0,0.0,0.7394164434194096,0.0,1.05e-08
6348.0,0.8493131848560374,0.0,0.380974709,0.0,0.0,0.0,0.8493131848560374,0.0,0.0,0.0,0.0,0.0,0.0,0.0,0.0,0.0,0.6185509015497705,0.0,1.05e-08
6349.0,0.8929774651016079,0.083394509,0.308985983,0.0,0.0,0.16368966905852558,0.7292877960430822,0.0,0.0,0.0,0.0,0.0,0.0,0.0,0.0,0.0,0.46120967513812283,0.0,1.05e-08
6350.0,0.9327616180456743,0.479931379,0.300264529,0.0,0.0,0.9327616180456744,0.0,0.0,0.0,0.0,0.0,0.0,0.0,0.0,0.0,0.009264536210018881,1.1568944292852132,0.0,1e-08
6351.0,0.9699397472999334,0.738801976,0.279521452,0.0,0.0,0.9699397472999334,0.0,0.0,0.0,0.0,0.0,0.0,0.0,0.0,0.0,0.48020670000662413,1.076973066920316,0.0,1e-08
6352.0,1.0011820526691098,0.774117257,0.260032135,0.0,0.0,1.0011820526691098,0.0,0.0,0.0,0.0,0.0,0.0,0.0,0.0,0.0,0.5182824676007269,1.0018823382785933,0.0,1e-08
6353.0,1.0242208438594436,0.767035475,0.246137378,0.0,0.0,1.0242208438594436,0.0,0.0,0.0,0.0,0.0,0.0,0.0,0.0,0.0,0.4813433061603012,0.9483469872229523,0.0,1e-08
6354.0,1.0402167329004133,0.754034119,0.235647668,0.0,0.0,1.0402167329004133,0.0,0.0,0.0,0.0,0.0,0.0,0.0,0.0,0.0,0.4398278992701157,0.9079310010116161,0.0,1e-08
6355.0,1.0501868613307686,0.742304735,0.226803208,0.0,0.0,1.0501868613307686,0.0,0.0,0.0,0.0,0.0,0.0,0.0,0.0,0.0,0.40683492427296364,0.8738540271575519,0.0,1e-08
6356.0,1.0549513664333332,0.747044623,0.216574049,0.0,0.0,1.0549513664333332,0.0,0.0,0.0,0.0,0.0,0.0,0.0,0.0,0.0,0.41137403768675074,0.8344419224284824,0.0,1e-08
6357.0,1.0563839299900144,0.75062074,0.20799409,0.0,0.0,1.0563839299900144,0.0,0.0,0.0,0.0,0.0,0.0,0.0,0.0,0.0,0.41696080208419883,0.8013840490804269,0.0,1e-08
6358.0,1.0485829897254557,0.727095286,0.198823487,0.0,0.0,1.0485829897254557,0.0,0.0,0.0,0.0,0.0,0.0,0.0,0.0,0.0,0.3785851555939679,0.7660504731857988,0.0,1e-08
6359.0,1.040364486092358,0.620951105,0.226132669,0.0,0.0,1.040364486092358,0.0,0.0,0.0,0.0,0.0,0.0,0.0,0.0,0.0,0.1784601355500064,0.8712704957750672,0.0,1e-08
6360.0,1.0297904967905762,0.335567597,0.330326961,0.0,0.0,0.6586638563900493,0.37112664040052684,0.0,0.0,0.0,0.0,0.0,0.0,0.0,0.0,0.0,0.9015958563137416,0.0,1.05e-08
6361.0,0.9999058077068048,0.023770747,0.411699991,0.0,0.0,0.04665805646393264,0.9532477512428722,0.0,0.0,0.0,0.0,0.0,0.0,0.0,0.0,6.938893903907228e-18,0.632998308892564,0.0,1.05e-08
6362.0,0.9593871715042308,0.0,0.435656727,0.0,0.0,0.0,0.9593871715042308,0.0,0.0,0.0,0.0,0.0,0.0,0.0,0.0,0.0,0.7191622136844837,0.0,1.05e-08
6363.0,0.9104701582174957,0.0,0.431094129,0.0,0.0,0.0,0.9104701582174956,0.0,0.0,0.0,0.0,0.0,0.0,0.0,0.0,0.0,0.7504999137341638,0.0,1.05e-08
6364.0,0.8589985136555428,0.0,0.412736566,0.0,0.0,0.0,0.8589985136555428,0.0,0.0,0.0,0.0,0.0,0.0,0.0,0.0,0.0,0.7312413843368996,0.0,1.05e-08
6365.0,0.8129187899242675,0.0,0.39184369,0.0,0.0,0.0,0.8129187899242675,0.0,0.0,0.0,0.0,0.0,0.0,0.0,0.0,0.0,0.6968225825292268,0.0,1.05e-08
6366.0,0.7793938048070759,0.0,0.372968978,0.0,0.0,0.0,0.7793938048070759,0.0,0.0,0.0,0.0,0.0,0.0,0.0,0.0,0.0,0.6576248613051616,0.0,1.05e-08
6367.0,0.7553078931694819,0.0,0.357218944,0.0,0.0,0.0,0.7553078931694819,0.0,0.0,0.0,0.0,0.0,0.0,0.0,0.0,0.0,0.6210271928464441,0.0,1.05e-08
6368.0,0.7408644833192355,0.0,0.34790535,0.0,0.0,0.0,0.7408644833192355,0.0,0.0,0.0,0.0,0.0,0.0,0.0,0.0,0.0,0.5995860942896913,0.0,1.05e-08
6369.0,0.7356288810829342,0.0,0.336019952,0.0,0.0,0.0,0.7356288810829342,0.0,0.0,0.0,0.0,0.0,0.0,0.0,0.0,0.0,0.5590282397303096,0.0,1.05e-08
6370.0,0.7418901902604168,0.0,0.32787727,0.0,0.0,0.0,0.7418901902604167,0.0,0.0,0.0,0.0,0.0,0.0,0.0,0.0,0.0,0.5213938493679997,0.0,1.05e-08
6371.0,0.754558420456719,0.0,0.324212975,0.0,0.0,0.0,0.754558420456719,0.0,0.0,0.0,0.0,0.0,0.0,0.0,0.0,0.0,0.49460739319650193,0.0,1.05e-08
6372.0,0.7804966003701413,0.0,0.301901817,0.0,0.0,0.0,0.7804966003701413,0.0,0.0,0.0,0.0,0.0,0.0,0.0,0.0,0.0,0.3827061643439814,0.0,1.05e-08
6373.0,0.8226041187237729,0.072601346,0.221228372,0.0,0.0,0.14250446992791227,0.6800996487958607,0.0,0.0,0.0,0.0,0.0,0.0,0.0,0.0,-2.7755575615628914e-17,0.17227499571846638,0.0,1.05e-08
6374.0,0.8636816474350074,0.456702149,0.130985568,0.0,0.0,0.8636816474350074,0.0,0.0,0.0,0.0,0.0,0.0,0.0,0.0,0.0,0.03274935892930164,0.5046765744879559,0.0,1e-08
6375.0,0.9028983424679817,0.686825522,0.127849414,0.0,0.0,0.9028983424679817,0.0,0.0,0.0,0.0,0.0,0.0,0.0,0.0,0.0,0.4452268967744373,0.49259323216289375,0.0,1e-08
6376.0,0.9372284754137415,0.739006004,0.145306785,0.0,0.0,0.9372284754137415,0.0,0.0,0.0,0.0,0.0,0.0,0.0,0.0,0.0,0.5133184452117331,0.5598550406992768,0.0,1e-08
6377.0,0.9648047885422031,0.738012881,0.161587826,0.0,0.0,0.9648047885422031,0.0,0.0,0.0,0.0,0.0,0.0,0.0,0.0,0.0,0.48379279540446896,0.6225845469069986,0.0,1e-08
6378.0,0.9880341599366395,0.726007,0.184481916,0.0,0.0,0.9880341599366395,0.0,0.0,0.0,0.0,0.0,0.0,0.0,0.0,0.0,0.4369978594277645,0.7107935846936574,0.0,1e-08
6379.0,1.0084647860865579,0.716299765,0.205365163,0.0,0.0,1.0084647860865579,0.0,0.0,0.0,0.0,0.0,0.0,0.0,0.0,0.0,0.3975135317370968,0.791255010490932,0.0,1e-08
6380.0,1.0273236608902823,0.719947044,0.220547059,0.0,0.0,1.0273236608902823,0.0,0.0,0.0,0.0,0.0,0.0,0.0,0.0,0.0,0.38581366415858565,0.8497496017997426,0.0,1e-08
6381.0,1.0430283262485782,0.720652049,0.23315696,0.0,0.0,1.0430283262485782,0.0,0.0,0.0,0.0,0.0,0.0,0.0,0.0,0.0,0.371492807356973,0.8983345088126453,0.0,1e-08
6382.0,1.047850647817556,0.69168313,0.247886195,0.0,0.0,1.047850647817556,0.0,0.0,0.0,0.0,0.0,0.0,0.0,0.0,0.0,0.30980927488868737,0.9550850346769001,0.0,1e-08
6383.0,1.049407409709495,0.561632804,0.303063804,0.0,0.0,1.049407409709495,0.0,0.0,0.0,0.0,0.0,0.0,0.0,0.0,0.0,0.052985168909461366,1.1676798046484729,0.0,1e-08
6384.0,1.046574402855251,0.270839728,0.399848279,0.0,0.0,0.5316137234433634,0.5149606794118877,0.0,0.0,0.0,0.0,0.0,0.0,0.0,0.0,0.0,1.0256217133035026,0.0,1.05e-08
6385.0,1.0160430258878956,0.019373479,0.457572837,0.0,0.0,0.03802694450808859,0.978016081379807,0.0,0.0,0.0,0.0,0.0,0.0,0.0,0.0,0.0,0.7849742654337885,0.0,1.05e-08
6386.0,0.9693872788430967,0.0,0.472354048,0.0,0.0,0.0,0.9693872788430967,0.0,0.0,0.0,0.0,0.0,0.0,0.0,0.0,0.0,0.8505538530696916,0.0,1.05e-08
6387.0,0.9117228483231138,0.0,0.463257347,0.0,0.0,0.0,0.9117228483231138,0.0,0.0,0.0,0.0,0.0,0.0,0.0,0.0,0.0,0.8731694459969622,0.0,1.05e-08
6388.0,0.8541033861658966,0.0,0.445965419,0.0,0.0,0.0,0.8541033861658966,0.0,0.0,0.0,0.0,0.0,0.0,0.0,0.0,0.0,0.8641645378316993,0.0,1.05e-08
6389.0,0.8114669542121152,0.0,0.425725211,0.0,0.0,0.0,0.8114669542121152,0.0,0.0,0.0,0.0,0.0,0.0,0.0,0.0,0.0,0.8288171201421085,0.0,1.05e-08
6390.0,0.7825822758622303,0.0,0.409591067,0.0,0.0,0.0,0.7825822758622302,0.0,0.0,0.0,0.0,0.0,0.0,0.0,0.0,0.0,0.7955382742920191,0.0,1.05e-08
6391.0,0.7649246987495347,0.0,0.397572486,0.0,0.0,0.0,0.7649246987495346,0.0,0.0,0.0,0.0,0.0,0.0,0.0,0.0,0.0,0.766889251510549,0.0,1.05e-08
6392.0,0.7626591498063827,0.0,0.388233197,0.0,0.0,0.0,0.7626591498063827,0.0,0.0,0.0,0.0,0.0,0.0,0.0,0.0,0.0,0.7331712913340317,0.0,1.05e-08
6393.0,0.7851154936313691,0.0,0.374143287,0.0,0.0,0.0,0.7851154936313691,0.0,0.0,0.0,0.0,0.0,0.0,0.0,0.0,0.0,0.6564276880634581,0.0,1.05e-08
6394.0,0.8393687526329766,0.0,0.359050119,0.0,0.0,0.0,0.8393687526329766,0.0,0.0,0.0,0.0,0.0,0.0,0.0,0.0,0.0,0.544021699408373,0.0,1.05e-08
6395.0,0.8918339838769924,0.0,0.343542107,0.0,0.0,0.0,0.8918339838769924,0.0,0.0,0.0,0.0,0.0,0.0,0.0,0.0,0.0,0.4318053788437526,0.0,1.05e-08
6396.0,0.92483433809525,0.0,0.298617607,0.0,0.0,0.0,0.92483433809525,0.0,0.0,0.0,0.0,0.0,0.0,0.0,0.0,0.0,0.2257146367547933,0.0,1.05e-08
6397.0,0.9554727825930002,0.066653358,0.216466036,0.0,0.0,0.13082955033237773,0.8246432322606224,0.0,0.0,0.0,0.0,0.0,0.0,0.0,0.0,0.0,0.009382525000410702,0.0,1.05e-08
6398.0,0.9965438872524109,0.440240732,0.16923126,0.0,0.0,0.8641199593508374,0.13242392790157348,0.0,0.0,0.0,0.0,0.0,0.0,0.0,0.0,0.0,0.5196101388826437,0.0,1.05e-08
6399.0,1.0256962344282825,0.704362543,0.189949023,0.0,0.0,1.0256962344282825,0.0,0.0,0.0,0.0,0.0,0.0,0.0,0.0,0.0,0.3568512851079435,0.7318578963979753,0.0,1e-08
6400.0,1.0529706171210311,0.74801775,0.205433058,0.0,0.0,1.0529706171210311,0.0,0.0,0.0,0.0,0.0,0.0,0.0,0.0,0.0,0.4152648748272807,0.7915166043180083,0.0,1e-08
6401.0,1.0765447459633384,0.739343643,0.203065532,0.0,0.0,1.0765447459633384,0.0,0.0,0.0,0.0,0.0,0.0,0.0,0.0,0.0,0.37466490434103195,0.7823947221905728,0.0,1e-08
6402.0,1.0958939900562703,0.722667641,0.201932653,0.0,0.0,1.0958939900562703,0.0,0.0,0.0,0.0,0.0,0.0,0.0,0.0,0.0,0.32258341826560577,0.7780298329759889,0.0,1e-08
6403.0,1.108891988246188,0.71146463,0.200608075,0.0,0.0,1.108891988246188,0.0,0.0,0.0,0.0,0.0,0.0,0.0,0.0,0.0,0.2875957569067493,0.772926343348169,0.0,1e-08
6404.0,1.1207272330560194,0.715497506,0.196434033,0.0,0.0,1.1207272330560192,0.0,0.0,0.0,0.0,0.0,0.0,0.0,0.0,0.0,0.2836763826465494,0.7568441042855507,0.0,1e-08
6405.0,1.1292498084754383,0.720121131,0.18894118,0.0,0.0,1.1292498084754383,0.0,0.0,0.0,0.0,0.0,0.0,0.0,0.0,0.0,0.2842292206467443,0.7279747605637918,0.0,1e-08
6406.0,1.1291341755426119,0.696978855,0.189477506,0.0,0.0,1.1291341755426119,0.0,0.0,0.0,0.0,0.0,0.0,0.0,0.0,0.0,0.238920382051103,0.7300411803428688,0.0,1e-08
6407.0,1.129740177764646,0.567432509,0.228237526,0.0,0.0,1.1137764431379866,0.015963734626659423,0.0,0.0,0.0,0.0,0.0,0.0,0.0,0.0,0.0,0.8634166013145167,0.0,1.05e-08
6408.0,1.1186651124206173,0.288578563,0.318149859,0.0,0.0,0.5664321313391854,0.5522329810814319,0.0,0.0,0.0,0.0,0.0,0.0,0.0,0.0,0.0,0.6735721474190313,0.0,1.05e-08
6409.0,1.0831422471862604,0.017199476,0.388693545,0.0,0.0,0.033759735121410124,1.0493825120648501,0.0,0.0,0.0,0.0,0.0,0.0,0.0,0.0,0.0,0.4482216118961966,0.0,1.05e-08
6410.0,1.0281116779139872,0.0,0.414381996,0.0,0.0,0.0,1.0281116779139872,0.0,0.0,0.0,0.0,0.0,0.0,0.0,0.0,0.0,0.5684679259608598,0.0,1.05e-08
6411.0,0.9641516766067953,0.0,0.421046684,0.0,0.0,0.0,0.9641516766067955,0.0,0.0,0.0,0.0,0.0,0.0,0.0,0.0,0.0,0.6581064196487616,0.0,1.05e-08
6412.0,0.9034743657815053,0.0,0.419069734,0.0,0.0,0.0,0.9034743657815052,0.0,0.0,0.0,0.0,0.0,0.0,0.0,0.0,0.0,0.7111667054142075,0.0,1.05e-08
6413.0,0.8551740614698438,0.0,0.41108463,0.0,0.0,0.0,0.8551740614698438,0.0,0.0,0.0,0.0,0.0,0.0,0.0,0.0,0.0,0.7287010635595701,0.0,1.05e-08
6414.0,0.82181396034946,0.0,0.405515642,0.0,0.0,0.0,0.82181396034946,0.0,0.0,0.0,0.0,0.0,0.0,0.0,0.0,0.0,0.7406043138977018,0.0,1.05e-08
6415.0,0.800259125130397,0.0,0.394916078,0.0,0.0,0.0,0.800259125130397,0.0,0.0,0.0,0.0,0.0,0.0,0.0,0.0,0.0,0.7213199045170402,0.0,1.05e-08
6416.0,0.795603828908835,0.0,0.384419596,0.0,0.0,0.0,0.795603828908835,0.0,0.0,0.0,0.0,0.0,0.0,0.0,0.0,0.0,0.6855331225706127,0.0,1.05e-08
6417.0,0.8165676513601192,0.0,0.369563178,0.0,0.0,0.0,0.8165676513601192,0.0,0.0,0.0,0.0,0.0,0.0,0.0,0.0,0.0,0.607328748661009,0.0,1.05e-08
6418.0,0.869317682234985,0.0,0.362097701,0.0,0.0,0.0,0.869317682234985,0.0,0.0,0.0,0.0,0.0,0.0,0.0,0.0,0.0,0.5258148515312088,0.0,1.05e-08
6419.0,0.9213781982141087,0.0,0.356781396,0.0,0.0,0.0,0.9213781982141087,0.0,0.0,0.0,0.0,0.0,0.0,0.0,0.0,0.0,0.4532710514979732,0.0,1.05e-08
6420.0,0.954080904697869,0.0,0.336330831,0.0,0.0,0.0,0.954080904697869,0.0,0.0,0.0,0.0,0.0,0.0,0.0,0.0,0.0,0.3417740072246994,0.0,1.05e-08
6421.0,0.9919528315490858,0.062976816,0.250704351,0.0,0.0,0.1236131046637574,0.8683397268853283,0.0,0.0,0.0,0.0,0.0,0.0,0.0,0.0,0.0,0.09760343008831729,0.0,1.05e-08
6422.0,1.0280624268500056,0.433563172,0.259132112,0.0,0.0,0.851013010228822,0.1770494166211836,0.0,0.0,0.0,0.0,0.0,0.0,0.0,0.0,0.0,0.8213652073776171,0.0,1.05e-08
6423.0,1.0612769161290527,0.719155805,0.311815455,0.0,0.0,1.0612769161290527,0.0,0.0,0.0,0.0,0.0,0.0,0.0,0.0,0.0,0.35030733724148444,1.2013991930912828,0.0,1e-08
6424.0,1.096403631500949,0.760260244,0.330054458,0.0,0.0,1.096403631500949,0.0,0.0,0.0,0.0,0.0,0.0,0.0,0.0,0.0,0.3958618573301429,1.271672565163201,0.0,1e-08
6425.0,1.1278450824766597,0.754905457,0.334265074,0.0,0.0,1.1278450824766597,0.0,0.0,0.0,0.0,0.0,0.0,0.0,0.0,0.0,0.35390984250053514,1.2878957208269164,0.0,1e-08
6426.0,1.1582415543557179,0.735483001,0.341780652,0.0,0.0,1.1582415543557179,0.0,0.0,0.0,0.0,0.0,0.0,0.0,0.0,0.0,0.28539029233890356,1.3168526220966583,0.0,1e-08
6427.0,1.1777621064972814,0.720335615,0.353060517,0.0,0.0,1.1777621064972814,0.0,0.0,0.0,0.0,0.0,0.0,0.0,0.0,0.0,0.23613791934757944,1.3603130102585554,0.0,1e-08
6428.0,1.1934046726879486,0.716181297,0.366873468,0.0,0.0,1.1934046726879486,0.0,0.0,0.0,0.0,0.0,0.0,0.0,0.0,0.0,0.212341111987582,1.4135331695531272,0.0,1e-08
6429.0,1.1989336399575312,0.704115666,0.372512828,0.0,0.0,1.1989336399575312,0.0,0.0,0.0,0.0,0.0,0.0,0.0,0.0,0.0,0.18312930073875977,1.435261157838863,0.0,1e-08
6430.0,1.1905845139373519,0.669867363,0.375626559,0.0,0.0,1.1905845139373519,0.0,0.0,0.0,0.0,0.0,0.0,0.0,0.0,0.0,0.12425465566045957,1.4472581061969978,0.0,1e-08
6431.0,1.1785351340667312,0.545059371,0.395413426,0.0,0.0,1.0698616626693984,0.10867347139733288,0.0,0.0,0.0,0.0,0.0,0.0,0.0,0.0,0.0,1.4148217990146474,0.0,1.05e-08
6432.0,1.1620681478920247,0.276484471,0.473443826,0.0,0.0,0.5426934231102855,0.6193747247817393,0.0,0.0,0.0,0.0,0.0,0.0,0.0,0.0,0.0,1.2047652317526465,0.0,1.05e-08
6433.0,1.1208792689491798,0.013626379,0.526527074,0.0,0.0,0.02674633492927025,1.0941329340199095,0.0,0.0,0.0,0.0,0.0,0.0,0.0,0.0,0.0,0.9345323925410018,0.0,1.05e-08
6434.0,1.0634311148405942,0.0,0.516290621,0.0,0.0,0.0,1.0634311148405942,0.0,0.0,0.0,0.0,0.0,0.0,0.0,0.0,0.0,0.9257940038117103,0.0,1.05e-08
6435.0,0.9962633703227768,0.0,0.498550486,0.0,0.0,0.0,0.9962633703227768,0.0,0.0,0.0,0.0,0.0,0.0,0.0,0.0,0.0,0.9246104734566052,0.0,1.05e-08
6436.0,0.9295774296917356,0.0,0.482060661,0.0,0.0,0.0,0.9295774296917356,0.0,0.0,0.0,0.0,0.0,0.0,0.0,0.0,0.0,0.9277624803728584,0.0,1.05e-08
6437.0,0.8786561122360115,0.0,0.46796405,0.0,0.0,0.0,0.8786561122360115,0.0,0.0,0.0,0.0,0.0,0.0,0.0,0.0,0.0,0.9243707199834779,0.0,1.05e-08
6438.0,0.8413023922319051,0.0,0.45343169,0.0,0.0,0.0,0.8413023922319051,0.0,0.0,0.0,0.0,0.0,0.0,0.0,0.0,0.0,0.9057324572370434,0.0,1.05e-08
6439.0,0.8191886645041817,0.0,0.449854944,0.0,0.0,0.0,0.8191886645041817,0.0,0.0,0.0,0.0,0.0,0.0,0.0,0.0,0.0,0.9140652780552858,0.0,1.05e-08
6440.0,0.8117817327514757,0.0,0.451865405,0.0,0.0,0.0,0.8117817327514757,0.0,0.0,0.0,0.0,0.0,0.0,0.0,0.0,0.0,0.929218349982928,0.0,1.05e-08
6441.0,0.8311930760120366,0.0,0.428854817,0.0,0.0,0.0,0.8311930760120366,0.0,0.0,0.0,0.0,0.0,0.0,0.0,0.0,0.0,0.8211491117640944,0.0,1.05e-08
6442.0,0.8834206173385761,0.0,0.404752609,0.0,0.0,0.0,0.8834206173385761,0.0,0.0,0.0,0.0,0.0,0.0,0.0,0.0,0.0,0.6760577537838286,0.0,1.05e-08
6443.0,0.9323740335856454,0.0,0.393474112,0.0,0.0,0.0,0.9323740335856454,0.0,0.0,0.0,0.0,0.0,0.0,0.0,0.0,0.0,0.5836492201658694,0.0,1.05e-08
6444.0,0.9633486701288351,0.0,0.371847753,0.0,0.0,0.0,0.9633486701288351,0.0,0.0,0.0,0.0,0.0,0.0,0.0,0.0,0.0,0.46935000866823307,0.0,1.05e-08
6445.0,0.9978201322147159,0.035540137,0.309809745,0.0,0.0,0.06975942821157037,0.9280607040031456,0.0,0.0,0.0,0.0,0.0,0.0,0.0,0.0,0.0,0.26561065412378293,0.0,1.05e-08
6446.0,1.0321759613677703,0.395414996,0.267131761,0.0,0.0,0.7761344315369518,0.2560415298308186,0.0,0.0,0.0,0.0,0.0,0.0,0.0,0.0,0.0,0.7731950810179075,0.0,1.05e-08
6447.0,1.0638765157670362,0.693672716,0.274933049,0.0,0.0,1.0638765157670362,0.0,0.0,0.0,0.0,0.0,0.0,0.0,0.0,0.0,0.2976886361660316,1.0592943291496764,0.0,1e-08
6448.0,1.0916626812550714,0.73720637,0.29406813,0.0,0.0,1.0916626812550714,0.0,0.0,0.0,0.0,0.0,0.0,0.0,0.0,0.0,0.35535185459568774,1.1330202157422327,0.0,1e-08
6449.0,1.1165494580200177,0.732153238,0.292400754,0.0,0.0,1.116549458020018,0.0,0.0,0.0,0.0,0.0,0.0,0.0,0.0,0.0,0.3205466129976542,1.1265959537345018,0.0,1e-08
6450.0,1.1356010543784525,0.71810887,0.286352637,0.0,0.0,1.1356010543784525,0.0,0.0,0.0,0.0,0.0,0.0,0.0,0.0,0.0,0.27392823823110946,1.103293058489872,0.0,1e-08
6451.0,1.1491643691288542,0.704173924,0.27976038,0.0,0.0,1.1491643691288542,0.0,0.0,0.0,0.0,0.0,0.0,0.0,0.0,0.0,0.2330129224144455,1.0778936367695777,0.0,1e-08
6452.0,1.1579182104139258,0.705065517,0.270231942,0.0,0.0,1.1579182104139258,0.0,0.0,0.0,0.0,0.0,0.0,0.0,0.0,0.0,0.22600913116090404,1.0411813521760502,0.0,1e-08
6453.0,1.1555884209525369,0.70205625,0.26596689,0.0,0.0,1.1555884209525369,0.0,0.0,0.0,0.0,0.0,0.0,0.0,0.0,0.0,0.22243222574219335,1.0247484591005855,0.0,1e-08
6454.0,1.1449373430288712,0.685563488,0.267898265,0.0,0.0,1.1449373430288712,0.0,0.0,0.0,0.0,0.0,0.0,0.0,0.0,0.0,0.2007107315863108,1.0321898874497888,0.0,1e-08
6455.0,1.1370164871302706,0.576504403,0.30378463,0.0,0.0,1.1315830750661635,0.005433412064106934,0.0,0.0,0.0,0.0,0.0,0.0,0.0,0.0,2.220446049250313e-16,1.1650236756242949,0.0,1.05e-08
6456.0,1.1233760837579845,0.282637353,0.372021733,0.0,0.0,0.5547705158399296,0.5686055679180547,0.0,0.0,0.0,0.0,0.0,0.0,0.0,0.0,1.1102230246251565e-16,0.864763441448786,0.0,1.05e-08
6457.0,1.0852835977941546,0.014292063,0.418746249,0.0,0.0,0.028052962847153376,1.0572306349470013,0.0,0.0,0.0,0.0,0.0,0.0,0.0,0.0,3.469446951953614e-18,0.5561640752626047,0.0,1.05e-08
6458.0,1.0268482810553297,0.0,0.418871644,0.0,0.0,0.0,1.0268482810553297,0.0,0.0,0.0,0.0,0.0,0.0,0.0,0.0,0.0,0.5870295657320244,0.0,1.05e-08
6459.0,0.9593700406993676,0.0,0.404970387,0.0,0.0,0.0,0.9593700406993676,0.0,0.0,0.0,0.0,0.0,0.0,0.0,0.0,0.0,0.6009474110692258,0.0,1.05e-08
6460.0,0.8956348812060047,0.0,0.394043594,0.0,0.0,0.0,0.8956348812060047,0.0,0.0,0.0,0.0,0.0,0.0,0.0,0.0,0.0,0.6225825396540006,0.0,1.05e-08
6461.0,0.8462788910446513,0.0,0.386715818,0.0,0.0,0.0,0.8462788910446513,0.0,0.0,0.0,0.0,0.0,0.0,0.0,0.0,0.0,0.643705214139729,0.0,1.05e-08
6462.0,0.8110643802978311,0.0,0.380702364,0.0,0.0,0.0,0.8110643802978311,0.0,0.0,0.0,0.0,0.0,0.0,0.0,0.0,0.0,0.655750383317859,0.0,1.05e-08
6463.0,0.7879399350831816,0.0,0.379822633,0.0,0.0,0.0,0.7879399350831816,0.0,0.0,0.0,0.0,0.0,0.0,0.0,0.0,0.0,0.6754852976526572,0.0,1.05e-08
6464.0,0.7802374969465862,0.0,0.381659538,0.0,0.0,0.0,0.7802374969465862,0.0,0.0,0.0,0.0,0.0,0.0,0.0,0.0,0.0,0.6902651790313952,0.0,1.05e-08
6465.0,0.7948222359369536,0.0,0.37116619,0.0,0.0,0.0,0.7948222359369536,0.0,0.0,0.0,0.0,0.0,0.0,0.0,0.0,0.0,0.6352504369161792,0.0,1.05e-08
6466.0,0.842559365038739,0.0,0.358424107,0.0,0.0,0.0,0.842559365038739,0.0,0.0,0.0,0.0,0.0,0.0,0.0,0.0,0.0,0.5384191144733289,0.0,1.05e-08
6467.0,0.8896305341014693,0.0,0.346027426,0.0,0.0,0.0,0.8896305341014693,0.0,0.0,0.0,0.0,0.0,0.0,0.0,0.0,0.0,0.4435845574463618,0.0,1.05e-08
6468.0,0.9191875965422329,0.0,0.316483896,0.0,0.0,0.0,0.9191875965422329,0.0,0.0,0.0,0.0,0.0,0.0,0.0,0.0,0.0,0.30019871412279,0.0,1.05e-08
6469.0,0.9479587833098995,0.05344688,0.229767904,0.0,0.0,0.10490741182265044,0.8430513714872491,0.0,0.0,0.0,0.0,0.0,0.0,0.0,0.0,0.0,0.042225384483282724,0.0,1.05e-08
6470.0,0.9721324903224171,0.455630105,0.174276185,0.0,0.0,0.8943267607769145,0.07780572954550256,0.0,0.0,0.0,0.0,0.0,0.0,0.0,0.0,1.1102230246251565e-16,0.5936660165680027,0.0,1.05e-08
6471.0,0.9947944038057613,0.73953051,0.203657101,0.0,0.0,0.9947944038057613,0.0,0.0,0.0,0.0,0.0,0.0,0.0,0.0,0.0,0.45678203560444774,0.7846739886857433,0.0,1e-08
6472.0,1.016762519692148,0.769339714,0.21143191,0.0,0.0,1.016762519692148,0.0,0.0,0.0,0.0,0.0,0.0,0.0,0.0,0.0,0.4933244715058063,0.81462968558678,0.0,1e-08
6473.0,1.039227428919566,0.759653319,0.205993423,0.0,0.0,1.039227428919566,0.0,0.0,0.0,0.0,0.0,0.0,0.0,0.0,0.0,0.45184676622103437,0.7936756443785358,0.0,1e-08
6474.0,1.058394658210827,0.743215622,0.199539159,0.0,0.0,1.058394658210827,0.0,0.0,0.0,0.0,0.0,0.0,0.0,0.0,0.0,0.40041504836477304,0.7688078982894327,0.0,1e-08
6475.0,1.0723027304091,0.731045096,0.196379407,0.0,0.0,1.0723027304091,0.0,0.0,0.0,0.0,0.0,0.0,0.0,0.0,0.0,0.36261824059989123,0.7566336348194949,0.0,1e-08
6476.0,1.0834977113871707,0.736162867,0.199751158,0.0,0.0,1.0834977113871707,0.0,0.0,0.0,0.0,0.0,0.0,0.0,0.0,0.0,0.3614686001526619,0.7696247129259496,0.0,1e-08
6477.0,1.09079971696009,0.741889096,0.204016216,0.0,0.0,1.09079971696009,0.0,0.0,0.0,0.0,0.0,0.0,0.0,0.0,0.0,0.3654062378272773,0.7860576291189186,0.0,1e-08
6478.0,1.088347870514051,0.723629287,0.205510182,0.0,0.0,1.088347870514051,0.0,0.0,0.0,0.0,0.0,0.0,0.0,0.0,0.0,0.332017090326318,0.7918137567197966,0.0,1e-08
6479.0,1.0893971323119194,0.593476969,0.216739627,0.0,0.0,1.159604663267226,0.0,0.0,0.07020753095530667,0.0,0.0,0.0,0.0,0.0,0.0,0.005292760008769548,0.835079880786235,0.0,1e-08
6480.0,1.0813328059225897,0.255668533,0.288194105,0.0,0.0,0.5018351694528079,0.5794976364697817,0.0,0.0,0.0,0.06318677785977601,0.0,0.0,0.0,0.0,0.0,0.5308904461243424,0.0,1.05e-08
6481.0,1.0450904468839803,0.012790621,0.372019923,0.0,0.0,0.02510587979531155,1.019984567088669,0.0,0.0,0.0,0.06318591714844404,0.0,0.0,0.0,0.0,0.0,0.4133774684976721,0.0,1.05e-08
6482.0,0.9934196567154934,0.0,0.402668061,0.0,0.0,0.0,0.9934196567154934,0.0,0.0,0.0,0.06318505644883642,0.0,0.0,0.0,0.0,0.0,0.55802712314034,0.0,1.05e-08
6483.0,0.9322005841864061,0.0,0.409233914,0.0,0.0,0.0,0.9322005841864061,0.0,0.0,0.0,0.063184195760953,0.0,0.0,0.0,0.0,0.0,0.6445438849586125,0.0,1.05e-08
6484.0,0.872431206018863,0.0,0.405984453,0.0,0.0,0.0,0.872431206018863,0.0,0.0,0.0,0.0631833350847936,0.0,0.0,0.0,0.0,0.0,0.6917933582889126,0.0,1.05e-08
6485.0,0.8262251426017221,0.0,0.388032055,0.0,0.0,0.0,0.8262251426017221,0.0,0.0,0.0,0.06318247442035807,0.0,0.0,0.0,0.0,0.0,0.6688303150264198,0.0,1.05e-08
6486.0,0.7927215709906094,0.0,0.364440632,0.0,0.0,0.0,0.7927215709906094,0.0,0.0,0.0,0.06318161376764626,0.0,0.0,0.0,0.0,0.0,0.6114380823994933,0.0,1.05e-08
6487.0,0.7729547635291381,0.0,0.346786088,0.0,0.0,0.0,0.7729547635291381,0.0,0.0,0.0,0.06318075312665801,0.0,0.0,0.0,0.0,0.0,0.5631833900414813,0.0,1.05e-08
6488.0,0.7672759017170026,0.0,0.334843256,0.0,0.0,0.0,0.7672759017170026,0.0,0.0,0.0,0.06317989249739314,0.0,0.0,0.0,0.0,0.0,0.5228475065998104,0.0,1.05e-08
6489.0,0.7852354092654112,0.0,0.316797319,0.0,0.0,0.0,0.7852354092654112,0.0,0.0,0.0,0.06317903187985152,0.0,0.0,0.0,0.0,0.0,0.43535849433080953,0.0,1.05e-08
6490.0,0.832520713388931,0.0,0.303109375,0.0,0.0,0.0,0.8325207133889309,0.0,0.0,0.0,0.06317817127403295,0.0,0.0,0.0,0.0,0.0,0.3353346725585139,0.0,1.05e-08
6491.0,0.8799237917958849,0.0,0.294179836,0.0,0.0,0.0,0.8799237917958849,0.0,0.0,0.0,0.06317731067993732,0.0,0.0,0.0,0.0,0.0,0.2535268179377663,0.0,1.05e-08
6492.0,0.9114316246404401,0.0,0.270593148,0.0,0.0,0.0,0.9114316246404401,0.0,0.0,0.0,0.06317645009756442,0.0,0.0,0.0,0.0,0.0,0.13114142441907517,0.0,1.05e-08
6493.0,0.9431321790397059,0.050462415,0.202679676,0.0,0.0,0.09904939917859551,0.7809080508931241,0.0,0.0,0.06317472896798629,0.06317558952691414,0.0,0.0,0.0,0.0,0.0,0.0,0.0,1.1113230258713772e-08
6494.0,0.9702052747753123,0.428930244,0.195983135,0.0,0.0,0.8419193365543123,0.128285938221,0.0,0.0,0.0,0.0,0.0,0.0,0.0,0.0,0.0,0.6268208933133765,0.0,1.05e-08
6495.0,0.993002093346954,0.682549003,0.196961783,0.0,0.0,0.993002093346954,0.0,0.0,0.0,0.0,0.0,0.0,0.0,0.0,0.0,0.3467290443145984,0.7588774814449796,0.0,1e-08
6496.0,1.013321369265262,0.727168132,0.186388772,0.0,0.0,1.013321369265262,0.0,0.0,0.0,0.0,0.0,0.0,0.0,0.0,0.0,0.4139897607395471,0.7181405433610566,0.0,1e-08
6497.0,1.0365293271536193,0.725344232,0.177347333,0.0,0.0,1.0365293271536193,0.0,0.0,0.0,0.0,0.0,0.0,0.0,0.0,0.0,0.3872017879200407,0.6833046256898685,0.0,1e-08
6498.0,1.05578863452102,0.7123171,0.175928744,0.0,0.0,1.05578863452102,0.0,0.0,0.0,0.0,0.0,0.0,0.0,0.0,0.0,0.3423723686659965,0.6778389194440758,0.0,1e-08
6499.0,1.0687523711012112,0.699139582,0.181352679,0.0,0.0,1.0687523711012112,0.0,0.0,0.0,0.0,0.0,0.0,0.0,0.0,0.0,0.3035433372804508,0.6987368929982718,0.0,1e-08
6500.0,1.0817161076814028,0.700288774,0.190323842,0.0,0.0,1.0817161076814028,0.0,0.0,0.0,0.0,0.0,0.0,0.0,0.0,0.0,0.29283527508962104,0.7333020430460472,0.0,1e-08
6501.0,1.085840348952207,0.703567654,0.197948884,0.0,0.0,1.085840348952207,0.0,0.0,0.0,0.0,0.0,0.0,0.0,0.0,0.0,0.2951469345575888,0.76268070006639,0.0,1e-08
6502.0,1.073373405713047,0.676807158,0.198186076,0.0,0.0,1.2278467312608543,0.0,0.0,0.1544733255478072,0.0,0.0,0.0,0.0,0.0,0.0,0.10061411152030808,0.7635945812510404,0.0,1e-08
6503.0,1.0629643004080733,0.553154627,0.207786224,0.0,0.0,1.0857513152553262,0.0,0.0,0.022787014847252807,0.0,0.13902599299302648,0.0,0.0,0.0,0.0,0.0,0.8005831585515366,0.0,1.0000136218855531e-08
6504.0,1.0470305105347326,0.221866396,0.265796543,0.0,0.0,0.43548714863766125,0.6115433618970714,0.0,0.0,0.0,0.15953241258518527,0.0,0.0,0.0,0.0,0.0,0.41254876428266685,0.0,1.05e-08
6505.0,1.0144498610356223,0.014803815,0.293189925,0.0,0.0,0.029057447633076616,0.9853924134025457,0.0,0.0,0.0,0.15953023948252076,0.0,0.0,0.0,0.0,0.0,0.14424415101179278,0.0,1.05e-08
6506.0,0.9719568995725697,0.0,0.275986446,0.0,0.0,0.0,0.9719568995725697,0.0,0.0,0.0,0.1595280664094576,0.0,0.0,0.0,0.0,0.0,0.09139608121066589,0.0,1.05e-08
6507.0,0.9178364043086518,0.0,0.259827844,0.0,0.0,0.0,0.9178364043086518,0.0,0.0,0.0,0.1595258933659954,0.0,0.0,0.0,0.0,0.0,0.08325881762076692,0.0,1.05e-08
6508.0,0.8628251071918497,0.0,0.253921764,0.0,0.0,0.0,0.8628251071918497,0.0,0.0,0.0,0.15952372035213372,0.0,0.0,0.0,0.0,0.0,0.11551447632210776,0.0,1.05e-08
6509.0,0.8167753623690849,0.0,0.250741338,0.0,0.0,0.0,0.8167753623690849,0.0,0.0,0.0,0.15952154736787222,0.0,0.0,0.0,0.0,0.0,0.1493103024605451,0.0,1.05e-08
6510.0,0.7842718014918588,0.0,0.249128921,0.0,0.0,0.0,0.7842718014918587,0.0,0.0,0.0,0.15951937441321046,0.0,0.0,0.0,0.0,0.0,0.17560135381759168,0.0,1.05e-08
6511.0,0.7607726199208279,0.0,0.247092203,0.0,0.0,0.0,0.7607726199208279,0.0,0.0,0.0,0.15951720148814802,0.0,0.0,0.0,0.0,0.0,0.19125322916143606,0.0,1.05e-08
6512.0,0.7494512992568912,0.0,0.242089273,0.0,0.0,0.0,0.7494512992568912,0.0,0.0,0.0,0.15951502859268452,0.0,0.0,0.0,0.0,0.0,0.18329867376242326,0.0,1.05e-08
6513.0,0.7500016263631201,0.0,0.234317235,0.0,0.0,0.0,0.7500016263631201,0.0,0.0,0.0,0.15951285572681953,0.0,0.0,0.0,0.0,0.0,0.1528033261892815,0.0,1.05e-08
6514.0,0.7625135379650458,0.0,0.224391326,0.0,0.0,0.0,0.762513537965046,0.0,0.0,0.0,0.15951068289055267,0.0,0.0,0.0,0.0,0.0,0.1020477070607434,0.0,1.05e-08
6515.0,0.7838007043581221,0.0,0.217384122,0.0,0.0,0.0,0.7838007043581221,0.0,0.0,0.0,0.15950851008388353,0.0,0.0,0.0,0.0,0.0,0.053762362429754074,0.0,1.05e-08
6516.0,0.812280667443115,0.0,0.203871659,0.0,0.0,0.0,0.7855006629378944,0.0,0.0,0.02678000450522058,0.15950633730681174,0.0,0.0,0.0,0.0,0.0,0.0,0.0,1.1113230258713772e-08
6517.0,0.8495080477613557,0.037386585,0.166990861,0.0,0.0,0.07338370114845855,0.6434019944874719,0.0,0.0,0.13272235212542524,0.13272416005411625,0.0,0.0,0.0,0.0,-1.3877787807814457e-17,0.0,0.0,1.1113381641864482e-08
6518.0,0.8847054277033126,0.368342083,0.143514574,0.0,0.0,0.7229947677562074,0.16171065994710523,0.0,0.0,0.0,0.0,0.0,0.0,0.0,0.0,0.0,0.39123913980043845,0.0,1.05e-08
6519.0,0.9166179758127599,0.631657051,0.151837833,0.0,0.0,0.9166179758127598,0.0,0.0,0.0,0.0,0.0,0.0,0.0,0.0,0.0,0.3232206523716715,0.5850186291982511,0.0,1e-08
6520.0,0.9441600273314952,0.705009263,0.17236732,0.0,0.0,0.9441600273314951,0.0,0.0,0.0,0.0,0.0,0.0,0.0,0.0,0.0,0.43965689691785814,0.6641170469350435,0.0,1e-08
6521.0,0.9652780270265477,0.703356112,0.174832201,0.0,0.0,0.9652780270265477,0.0,0.0,0.0,0.0,0.0,0.0,0.0,0.0,0.0,0.41529403442142176,0.6736140298362471,0.0,1e-08
6522.0,0.9828884944258697,0.69119833,0.172958892,0.0,0.0,0.9828884944258697,0.0,0.0,0.0,0.0,0.0,0.0,0.0,0.0,0.0,0.37381984582595107,0.6663963249889661,0.0,1e-08
6523.0,0.9987130754182078,0.683346494,0.170872407,0.0,0.0,0.9987130754182078,0.0,0.0,0.0,0.0,0.0,0.0,0.0,0.0,0.0,0.3425834055666942,0.6583572706213849,0.0,1e-08
6524.0,1.011559037714965,0.690452325,0.167780974,0.0,0.0,1.011559037714965,0.0,0.0,0.0,0.0,0.0,0.0,0.0,0.0,0.0,0.3436850177412465,0.646446234615502,0.0,1e-08
6525.0,1.0184327731663054,0.698452716,0.16641326,0.0,0.0,1.0184327731663054,0.0,0.0,0.0,0.0,0.0,0.0,0.0,0.0,0.0,0.35251473052447535,0.6411765455425866,0.0,1e-08
6526.0,1.0124005885038676,0.680624688,0.168292364,0.0,0.0,1.0124005885038676,0.0,0.0,0.0,0.0,0.0,0.0,0.0,0.0,0.0,0.32355343614039533,0.6484165780462179,0.0,1e-08
6527.0,1.008000113004645,0.564582271,0.196675786,0.0,0.0,1.0250946807348644,0.0,0.0,0.017094567730219404,0.0,0.0,0.0,0.0,0.0,0.0,0.08308721522546558,0.757775558626476,0.0,1e-08
6528.0,0.9986723897566578,0.236250254,0.307827572,0.0,0.0,0.46372028993242953,0.5349520998242283,0.0,0.0,0.0,0.015385110957197464,0.0,0.0,0.0,0.0,0.0,0.6510821094552597,0.0,1.05e-08
6529.0,0.9705029225098096,0.014051886,0.374711021,0.0,0.0,0.027581535002360026,0.9429213875074496,0.0,0.0,0.0,0.01538490138583154,0.0,0.0,0.0,0.0,3.469446951953614e-18,0.5008092263962478,0.0,1.05e-08
6530.0,0.9330035906643663,0.0,0.379392083,0.0,0.0,0.0,0.9330035906643663,0.0,0.0,0.0,0.015384691817320332,0.0,0.0,0.0,0.0,0.0,0.5287627684836143,0.0,1.05e-08
6531.0,0.8867225799759489,0.0,0.376032284,0.0,0.0,0.0,0.8867225799759489,0.0,0.0,0.0,0.015384482251663806,0.0,0.0,0.0,0.0,0.0,0.5620987511343775,0.0,1.05e-08
6532.0,0.8378312628965086,0.0,0.370435833,0.0,0.0,0.0,0.8378312628965086,0.0,0.0,0.0,0.015384272688861918,0.0,0.0,0.0,0.0,0.0,0.5894274047609274,0.0,1.05e-08
6533.0,0.794672341394401,0.0,0.361866371,0.0,0.0,0.0,0.794672341394401,0.0,0.0,0.0,0.015384063128914632,0.0,0.0,0.0,0.0,0.0,0.5995688969889588,0.0,1.05e-08
6534.0,0.7632137596138273,0.0,0.355063108,0.0,0.0,0.0,0.7632137596138273,0.0,0.0,0.0,0.01538385357182191,0.0,0.0,0.0,0.0,0.0,0.6048150683597029,0.0,1.05e-08
6535.0,0.7413441458554039,0.0,0.342312234,0.0,0.0,0.0,0.7413441458554038,0.0,0.0,0.0,0.015383644017583712,0.0,0.0,0.0,0.0,0.0,0.5775566177801716,0.0,1.05e-08
6536.0,0.7287615696834175,0.0,0.327269385,0.0,0.0,0.0,0.7287615696834177,0.0,0.0,0.0,0.015383434466199997,0.0,0.0,0.0,0.0,0.0,0.5321803392494812,0.0,1.05e-08
6537.0,0.7254895859545551,0.0,0.306033233,0.0,0.0,0.0,0.7254895859545551,0.0,0.0,0.0,0.015383224917670728,0.0,0.0,0.0,0.0,0.0,0.4536311833649662,0.0,1.05e-08
6538.0,0.732637414283706,0.0,0.284072068,0.0,0.0,0.0,0.7326374142837059,0.0,0.0,0.0,0.015383015371995868,0.0,0.0,0.0,0.0,0.0,0.3618688002173426,0.0,1.05e-08
6539.0,0.7468174380091814,0.0,0.267376796,0.0,0.0,0.0,0.7468174380091814,0.0,0.0,0.0,0.015382805829175377,0.0,0.0,0.0,0.0,0.0,0.2833632724553867,0.0,1.05e-08
6540.0,0.775969785185053,0.0,0.245728735,0.0,0.0,0.0,0.775969785185053,0.0,0.0,0.0,0.015382596289209214,0.0,0.0,0.0,0.0,0.0,0.17080273431158866,0.0,1.05e-08
6541.0,0.8169766493262269,0.043814645,0.185727716,0.0,0.0,0.08600092291408276,0.7155935491943044,0.0,0.0,0.015382177217839722,0.015382386752097342,0.0,0.0,0.0,0.0,0.0,0.0,0.0,1.1113230258713772e-08
6542.0,0.851687942680192,0.400909927,0.171214466,0.0,0.0,0.7869200749525084,0.0647678677276836,0.0,0.0,0.0,0.0,0.0,0.0,0.0,0.0,1.1102230246251565e-16,0.5949073279676512,0.0,1.05e-08
6543.0,0.8907547431706138,0.637235533,0.173998317,0.0,0.0,0.8907547431706138,0.0,0.0,0.0,0.0,0.0,0.0,0.0,0.0,0.0,0.36003352526445975,0.6704011436605708,0.0,1e-08
6544.0,0.9288258156283647,0.696099741,0.170644692,0.0,0.0,0.9288258156283647,0.0,0.0,0.0,0.0,0.0,0.0,0.0,0.0,0.0,0.43750318615298,0.6574799035349626,0.0,1e-08
6545.0,0.9610360114723093,0.692277914,0.165205151,0.0,0.0,0.9610360114723093,0.0,0.0,0.0,0.0,0.0,0.0,0.0,0.0,0.0,0.39779137414352816,0.6365218013517756,0.0,1e-08
6546.0,0.9887750672469708,0.675312087,0.163173077,0.0,0.0,0.9887750672469708,0.0,0.0,0.0,0.0,0.0,0.0,0.0,0.0,0.0,0.3367511977047446,0.6286923880730086,0.0,1e-08
6547.0,1.0117688900745387,0.659110301,0.16351878,0.0,0.0,1.1455680535739248,0.0,0.0,0.13379916349938611,0.0,0.0,0.0,0.0,0.0,0.0,0.1481567772030652,0.6300243531779751,0.0,1e-08
6548.0,1.0322937356512045,0.651060441,0.165318209,0.0,0.0,1.277924283053069,0.0,0.0,0.24563054740186463,0.0,0.1204192471494475,0.0,0.0,0.0,0.0,0.0,0.636957404487523,0.0,1.0000136218855531e-08
6549.0,1.047120447260264,0.635308144,0.171731596,0.0,0.0,1.2470051216626996,0.0,0.0,0.19988467440243568,0.0,0.34148509949626676,0.0,0.0,0.0,0.0,0.0,0.6616676548719439,0.0,1.000027243956662e-08
6550.0,1.0481868398629954,0.587262047,0.187130085,0.0,0.0,1.1526985562570105,0.0,0.0,0.10451171639401502,0.0,0.5213766548508791,0.0,0.0,0.0,0.0,2.220446049250313e-16,0.7209967611198206,0.0,1.0000408662133296e-08
6551.0,1.0473410063728772,0.434098963,0.221698062,0.0,0.0,0.8520646796076122,0.19527632676526502,0.0,0.0,0.0,0.6154300975691133,0.0,0.0,0.0,0.0,0.0,0.6589079945240732,0.0,1.05e-08
6552.0,1.0404458574154578,0.149872832,0.312220506,0.0,0.0,0.2941756545499177,0.74627020286554,0.0,0.0,0.0,0.6154217143649533,0.0,0.0,0.0,0.0,0.0,0.4566896182727421,0.0,1.05e-08
6553.0,1.0069380031031294,0.005427417,0.346187744,0.0,0.0,0.01065312456690183,0.9962848785362275,0.0,0.0,0.0,0.6154133312749867,0.0,0.0,0.0,0.0,0.0,0.3375479050238164,0.0,1.05e-08
6554.0,0.9591965913001282,0.0,0.327523416,0.0,0.0,0.0,0.9591965913001282,0.0,0.0,0.0,0.615404948299212,0.0,0.0,0.0,0.0,0.0,0.30272407809356994,0.0,1.05e-08
6555.0,0.9017227409842479,0.0,0.313145886,0.0,0.0,0.0,0.9017227409842479,0.0,0.0,0.0,0.6153965654376278,0.0,0.0,0.0,0.0,0.0,0.3048024928604145,0.0,1.05e-08
6556.0,0.8472253680133405,0.0,0.306078321,0.0,0.0,0.0,0.8472253680133405,0.0,0.0,0.0,0.6153881826902324,0.0,0.0,0.0,0.0,0.0,0.33206912164604685,0.0,1.05e-08
6557.0,0.8047345479008958,0.0,0.30201141,0.0,0.0,0.0,0.8047345479008958,0.0,0.0,0.0,0.6153798000570243,0.0,0.0,0.0,0.0,0.0,0.3588904695901729,0.0,1.05e-08
6558.0,0.7745714832380981,0.0,0.298375133,0.0,0.0,0.0,0.7745714832380981,0.0,0.0,0.0,0.6153714175380018,0.0,0.0,0.0,0.0,0.0,0.3750432593175723,0.0,1.05e-08
6559.0,0.7574599505304156,0.0,0.292501948,0.0,0.0,0.0,0.7574599505304157,0.0,0.0,0.0,0.6153630351331636,0.0,0.0,0.0,0.0,0.0,0.3695258953277646,0.0,1.05e-08
6560.0,0.7552158150933425,0.0,0.281678033,0.0,0.0,0.0,0.7552158150933425,0.0,0.0,0.0,0.6153546528425079,0.0,0.0,0.0,0.0,0.0,0.33006638029283464,0.0,1.05e-08
6561.0,0.7784173489298761,0.0,0.259973709,0.0,0.0,0.0,0.7784173489298761,0.0,0.0,0.0,0.6153462706660333,0.0,0.0,0.0,0.0,0.0,0.22323987879653007,0.0,1.05e-08
6562.0,0.8329746797178046,0.0,0.237581277,0.0,0.0,0.0,0.8329746797178046,0.0,0.0,0.0,0.6153378886037382,0.0,0.0,0.0,0.0,0.0,0.08240635706049293,0.0,1.05e-08
6563.0,0.8869217255824832,0.0,0.224824361,0.0,0.0,0.0,0.8662296931133939,0.0,0.0,0.020692032469089232,0.6153295066556209,0.0,0.0,0.0,0.0,0.0,-1.1102230246251565e-16,0.0,1.1113533027077317e-08
6564.0,0.9193589045908644,0.0,0.213811096,0.0,0.0,0.0,0.8237964927311343,0.0,0.0,0.09556241185973023,0.594629092352591,0.0,0.0,0.0,0.0,0.0,-1.1102230246251565e-16,0.0,1.1113684414352305e-08
6565.0,0.9551965483645818,0.03592776,0.160736182,0.0,0.0,0.07052026823989255,0.6193032329182451,0.0,0.0,0.2653730472064441,0.49905858063375336,0.0,0.0,0.0,0.0,0.0,1.1102230246251565e-16,0.0,1.111383580368947e-08
6566.0,0.9925695405241594,0.222499876,0.141287284,0.0,0.0,0.43673056541412064,0.5443682353450342,0.0,0.0,0.011470739765004394,0.23367873540104142,0.0,0.0,0.0,0.0,5.551115123125783e-17,0.0,0.0,1.1113987195088845e-08
6567.0,1.0279981863317689,0.422744252,0.137740306,0.0,0.0,0.8297772543546473,0.1982209319771216,0.0,0.0,0.0,0.22220481253440702,0.0,0.0,0.0,0.0,0.0,0.3324810901036838,0.0,1.05e-08
6568.0,1.063336895413847,0.516937897,0.136017077,0.0,0.0,1.0146638465578133,0.04867304885603369,0.0,0.0,0.0,0.22220178572711213,0.0,0.0,0.0,0.0,0.0,0.47538951422133163,0.0,1.05e-08
6569.0,1.0997419970986562,0.546340155,0.143071173,0.0,0.0,1.0723756304546808,0.027366366643975463,0.0,0.0,0.0,0.2221987589610475,0.0,0.0,0.0,0.0,0.0,0.5238750456741641,0.0,1.05e-08
6570.0,1.1292819287345566,0.545490373,0.154081899,0.0,0.0,1.0707076485213394,0.058574280213217284,0.0,0.0,0.0,0.22219573223621256,0.0,0.0,0.0,0.0,0.0,0.5350905499298958,0.0,1.05e-08
6571.0,1.15006373638417,0.536083417,0.165149964,0.0,0.0,1.0522433451403082,0.0978203912438617,0.0,0.0,0.0,0.22219270555260676,0.0,0.0,0.0,0.0,2.220446049250313e-16,0.5384887791551951,0.0,1.05e-08
6572.0,1.1658561971173895,0.523622679,0.173784201,0.0,0.0,1.02778497127489,0.13807122584249926,0.0,0.0,0.0,0.22218967891022953,0.0,0.0,0.0,0.0,0.0,0.5315049465554125,0.0,1.05e-08
6573.0,1.1688690774226969,0.495936015,0.179808272,0.0,0.0,0.9734406154912906,0.19542846193140626,0.0,0.0,0.0,0.22218665230908033,0.0,0.0,0.0,0.0,0.0,0.4973579584592632,0.0,1.05e-08
6574.0,1.1580616809046547,0.443473993,0.189302966,0.0,0.0,0.870466317515376,0.2875953633892788,0.0,0.0,0.0,0.22218362574915856,0.0,0.0,0.0,0.0,1.1102230246251565e-16,0.4417733287500718,0.0,1.05e-08
6575.0,1.1503271225089409,0.324312217,0.223490794,0.0,0.0,0.636571401509981,0.5137557209989598,0.0,0.0,0.0,0.2221805992304637,0.0,0.0,0.0,0.0,0.0,0.34733584861207856,0.0,1.05e-08
6576.0,1.1335710540021688,0.132039603,0.323096398,0.0,0.0,0.259171966798067,0.874399087204102,0.0,0.0,0.0,0.22217757275299518,0.0,0.0,0.0,0.0,0.0,0.3704646474940386,0.0,1.05e-08
6577.0,1.090658387819969,0.006198726,0.376074133,0.0,0.0,0.012167076941774163,1.0784913108781946,0.0,0.0,0.0,0.2221745463167524,0.0,0.0,0.0,0.0,0.0,0.3704912609725295,0.0,1.05e-08
6578.0,1.0331395691413228,0.0,0.368803674,0.0,0.0,0.0,1.0331395691413228,0.0,0.0,0.0,0.22217151992173487,0.0,0.0,0.0,0.0,0.0,0.3878305247005638,0.0,1.05e-08
6579.0,0.9684450845756233,0.0,0.363490019,0.0,0.0,0.0,0.9684450845756233,0.0,0.0,0.0,0.22216849356794197,0.0,0.0,0.0,0.0,0.0,0.43205193544326914,0.0,1.05e-08
6580.0,0.9046670980701024,0.0,0.35676777,0.0,0.0,0.0,0.9046670980701024,0.0,0.0,0.0,0.22216546725537314,0.0,0.0,0.0,0.0,0.0,0.46992965178944623,0.0,1.05e-08
6581.0,0.8528849576700048,0.0,0.346630696,0.0,0.0,0.0,0.8528849576700048,0.0,0.0,0.0,0.22216244098402782,0.0,0.0,0.0,0.0,0.0,0.482654483359529,0.0,1.05e-08
6582.0,0.8166104783722771,0.0,0.336868902,0.0,0.0,0.0,0.8166104783722771,0.0,0.0,0.0,0.2221594147539055,0.0,0.0,0.0,0.0,0.0,0.48131757667023656,0.0,1.05e-08
6583.0,0.7952119617475903,0.0,0.330592608,0.0,0.0,0.0,0.7952119617475903,0.0,0.0,0.0,0.22215638856500555,0.0,0.0,0.0,0.0,0.0,0.47853405091603074,0.0,1.05e-08
6584.0,0.789023458490776,0.0,0.323268178,0.0,0.0,0.0,0.789023458490776,0.0,0.0,0.0,0.22215336241732744,0.0,0.0,0.0,0.0,0.0,0.45650213035885034,0.0,1.05e-08
6585.0,0.8084283776995134,0.0,0.311847241,0.0,0.0,0.0,0.8084283776995135,0.0,0.0,0.0,0.22215033631087064,0.0,0.0,0.0,0.0,0.0,0.39309328422434076,0.0,1.05e-08
6586.0,0.8597565517707373,0.0,0.297893327,0.0,0.0,0.0,0.8597565517707373,0.0,0.0,0.0,0.22214731024563453,0.0,0.0,0.0,0.0,0.0,0.28800183206266716,0.0,1.05e-08
6587.0,0.9121554011459084,0.0,0.280081472,0.0,0.0,0.0,0.9121554011459084,0.0,0.0,0.0,0.22214428422161855,0.0,0.0,0.0,0.0,0.0,0.16697537657843087,0.0,1.05e-08
6588.0,0.9426353856986744,0.0,0.248997485,0.0,0.0,0.0,0.9426353856986744,0.0,0.0,0.0,0.22214125823882216,0.0,0.0,0.0,0.0,0.0,0.01673135755899635,0.0,1.05e-08
6589.0,0.9798327871084046,0.028609759,0.185824236,0.0,0.0,0.05615623904631626,0.7159654327820413,0.0,0.0,0.20771111528004702,0.22213823229724483,0.0,0.0,0.0,0.0,0.0,0.0,0.0,1.1117469766508558e-08
6590.0,1.0197090181286104,0.216627507,0.150556316,0.0,0.0,0.42520407344569205,0.5800810500467213,0.0,0.0,0.014423894636196961,0.014424091116838926,0.0,0.0,0.0,0.0,0.0,1.1102230246251565e-16,0.0,1.1117621207409359e-08
6591.0,1.0587458397105216,0.401478358,0.149799321,0.0,0.0,0.7880358112688239,0.2707100284416976,0.0,0.0,0.0,0.0,0.0,0.0,0.0,0.0,1.1102230246251565e-16,0.30645438239554607,0.0,1.05e-08
6592.0,1.0973329776647751,0.500297904,0.177247784,0.0,0.0,0.9820022843042817,0.11533069336049341,0.0,0.0,0.0,0.0,0.0,0.0,0.0,0.0,0.0,0.5675903782548246,0.0,1.05e-08
6593.0,1.132273395533785,0.536694845,0.200347894,0.0,0.0,1.053443477477236,0.07882991805654883,0.0,0.0,0.0,0.0,0.0,0.0,0.0,0.0,0.0,0.6930939693887924,0.0,1.05e-08
6594.0,1.1601623458509989,0.544223194,0.225430516,0.0,0.0,1.0682203851075345,0.09194196074346435,0.0,0.0,0.0,0.0,0.0,0.0,0.0,0.0,0.0,0.77662319751834,0.0,1.05e-08
6595.0,1.177383087439684,0.542573991,0.24900406,0.0,0.0,1.0649832715791088,0.11239981586057532,0.0,0.0,0.0,0.0,0.0,0.0,0.0,0.0,0.0,0.8469922603290201,0.0,1.05e-08
6596.0,1.1865395026390397,0.539165591,0.2696306,0.0,0.0,1.0582931444387347,0.12824635820030517,0.0,0.0,0.0,0.0,0.0,0.0,0.0,0.0,0.0,0.9106180729187953,0.0,1.05e-08
6597.0,1.1852675403779505,0.517114587,0.288409215,0.0,0.0,1.0150106598908823,0.1702568804870681,0.0,0.0,0.0,0.0,0.0,0.0,0.0,0.0,0.0,0.9409600031696137,0.0,1.05e-08
6598.0,1.17264856124563,0.475656284,0.313214587,0.0,0.0,0.9336348477520029,0.23901371349362718,0.0,0.0,0.0,0.0,0.0,0.0,0.0,0.0,1.1102230246251565e-16,0.9677762196295381,0.0,1.05e-08
6599.0,1.1621816394742432,0.375638949,0.36245203,0.0,0.0,0.737317312430035,0.42486432704420823,0.0,0.0,0.0,0.0,0.0,0.0,0.0,0.0,0.0,0.9716334070924701,0.0,1.05e-08
6600.0,1.144494083453037,0.168767212,0.449420356,0.0,0.0,0.3312622067264647,0.8132318767265724,0.0,0.0,0.0,0.0,0.0,0.0,0.0,0.0,0.0,0.9183476341645639,0.0,1.05e-08
6601.0,1.1031403205133843,0.005638488,0.4866931,0.0,0.0,0.011067422133398105,1.0920728983799861,0.0,0.0,0.0,0.0,0.0,0.0,0.0,0.0,1.734723475976807e-18,0.7831154165260052,0.0,1.05e-08
6602.0,1.0437670922083018,0.0,0.489245158,0.0,0.0,0.0,1.0437670922083018,0.0,0.0,0.0,0.0,0.0,0.0,0.0,0.0,0.0,0.841254091379334,0.0,1.05e-08
6603.0,0.9760811408433739,0.0,0.494738772,0.0,0.0,0.0,0.9760811408433739,0.0,0.0,0.0,0.0,0.0,0.0,0.0,0.0,0.0,0.9301064837301808,0.0,1.05e-08
6604.0,0.9136543465714343,0.0,0.499529938,0.0,0.0,0.0,0.9136543465714343,0.0,0.0,0.0,0.0,0.0,0.0,0.0,0.0,0.0,1.0109932448641428,0.0,1.05e-08
6605.0,0.8627737147772603,0.0,0.505131936,0.0,0.0,0.0,0.8627737147772603,0.0,0.0,0.0,0.0,0.0,0.0,0.0,0.0,0.0,1.0834579122440413,0.0,1.05e-08
6606.0,0.82586111299838,0.0,0.509531633,0.0,0.0,0.0,0.82586111299838,0.0,0.0,0.0,0.0,0.0,0.0,0.0,0.0,0.0,1.1373221831621123,0.0,1.05e-08
6607.0,0.8046617419802274,0.0,0.506581207,0.0,0.0,0.0,0.8046617419802274,0.0,0.0,0.0,0.0,0.0,0.0,0.0,0.0,0.0,1.1471538064986255,0.0,1.05e-08
6608.0,0.7959164660975875,0.0,0.502825907,0.0,0.0,0.0,0.7959164660975875,0.0,0.0,0.0,0.0,0.0,0.0,0.0,0.0,0.0,1.1414302216578105,0.0,1.05e-08
6609.0,0.8151372291540459,0.0,0.499999209,0.0,0.0,0.0,0.8151372291540459,0.0,0.0,0.0,0.0,0.0,0.0,0.0,0.0,0.0,1.1113184246841503,0.0,1.05e-08
6610.0,0.8666409939751172,0.0,0.495836718,0.0,0.0,0.0,0.8666409939751172,0.0,0.0,0.0,0.0,0.0,0.0,0.0,0.0,0.0,1.0437769258493828,0.0,1.05e-08
6611.0,0.917405992836465,0.0,0.499025693,0.0,0.0,0.0,0.917405992836465,0.0,0.0,0.0,0.0,0.0,0.0,0.0,0.0,0.0,1.0052987842632404,0.0,1.05e-08
6612.0,0.9498110515857279,0.0,0.490061307,0.0,0.0,0.0,0.9498110515857279,0.0,0.0,0.0,0.0,0.0,0.0,0.0,0.0,0.0,0.9383546866874422,0.0,1.05e-08
6613.0,0.990916417854865,0.032850093,0.426540783,0.0,0.0,0.06447931543924297,0.926437102415622,0.0,0.0,0.0,0.0,0.0,0.0,0.0,0.0,0.0,0.7169893034907945,0.0,1.05e-08
6614.0,1.0390711103251897,0.34013207,0.435123185,0.0,0.0,0.6676231641880792,0.37144794613711046,0.0,0.0,0.0,0.0,0.0,0.0,0.0,0.0,0.0,1.3050457457945772,0.0,1.05e-08
6615.0,1.0832321839117918,0.593143338,0.514329021,0.0,0.0,1.0832321839117918,0.0,0.0,0.0,0.0,0.0,0.0,0.0,0.0,0.0,0.08101037672837164,1.981667235874596,0.0,1e-08
6616.0,1.125027065076671,0.680622888,0.562379069,0.0,0.0,1.125027065076671,0.0,0.0,0.0,0.0,0.0,0.0,0.0,0.0,0.0,0.21092342646441975,2.166800102028384,0.0,1e-08
6617.0,1.1643829478991583,0.679744241,0.583456745,0.0,0.0,1.1643829478991583,0.0,0.0,0.0,0.0,0.0,0.0,0.0,0.0,0.0,0.16984290447355166,2.2480106467034044,0.0,1e-08
6618.0,1.1980000110924895,0.657034774,0.593839057,0.0,0.0,1.1980000110924895,0.0,0.0,0.0,0.0,0.0,0.0,0.0,0.0,0.0,0.09165090244671159,2.288012837291494,0.0,1e-08
6619.0,1.2232829377198964,0.64421123,0.59476966,0.0,0.0,1.2232829377198964,0.0,0.0,0.0,0.0,0.0,0.0,0.0,0.0,0.0,0.041197473604135615,2.2915983737854706,0.0,1e-08
6620.0,1.2386599764351844,0.644726677,0.588741219,0.0,0.0,1.2386599764351842,0.0,0.0,0.0,0.0,0.0,0.0,0.0,0.0,0.0,0.02683217235044988,2.268371288543662,0.0,1e-08
6621.0,1.2416771394417074,0.636071001,0.58045488,0.0,0.0,1.2416771394417074,0.0,0.0,0.0,0.0,0.0,0.0,0.0,0.0,0.0,0.006825344713635273,2.236444708803473,0.0,1e-08
6622.0,1.224625564551046,0.589357326,0.573968273,0.0,0.0,1.1568112434136109,0.06781432113743506,0.0,0.0,0.0,0.0,0.0,0.0,0.0,0.0,0.0,2.1436380266693695,0.0,1.05e-08
6623.0,1.2052527656014271,0.443680914,0.596877563,0.0,0.0,0.8708724693162249,0.3343802962852024,0.0,0.0,0.0,0.0,0.0,0.0,0.0,0.0,0.0,1.9653396536527867,0.0,1.05e-08
6624.0,1.1817428772773566,0.139621654,0.669726074,0.0,0.0,0.2740542825986776,0.9076885946786791,0.0,0.0,0.0,0.0,0.0,0.0,0.0,0.0,0.0,1.6727106510732441,0.0,1.05e-08
6625.0,1.1385132912051885,0.002159065,0.691694911,0.0,0.0,0.0042378885560180645,1.1342754026491704,0.0,0.0,0.0,0.0,0.0,0.0,0.0,0.0,0.0,1.5307679575035416,0.0,1.05e-08
6626.0,1.0772085646517855,0.0,0.671821387,0.0,0.0,0.0,1.0772085646517855,0.0,0.0,0.0,0.0,0.0,0.0,0.0,0.0,0.0,1.511263749022553,0.0,1.05e-08
6627.0,1.0061564101312481,0.0,0.641570362,0.0,0.0,0.0,1.0061564101312481,0.0,0.0,0.0,0.0,0.0,0.0,0.0,0.0,0.0,1.4657612028622522,0.0,1.05e-08
6628.0,0.9401792565514198,0.0,0.612164027,0.0,0.0,0.0,0.9401792565514198,0.0,0.0,0.0,0.0,0.0,0.0,0.0,0.0,0.0,1.4184381765623764,0.0,1.05e-08
6629.0,0.8845983601729179,0.0,0.588881801,0.0,0.0,0.0,0.8845983601729179,0.0,0.0,0.0,0.0,0.0,0.0,0.0,0.0,0.0,1.3843145792050915,0.0,1.05e-08
6630.0,0.8463773931726144,0.0,0.566953312,0.0,0.0,0.0,0.8463773931726144,0.0,0.0,0.0,0.0,0.0,0.0,0.0,0.0,0.0,1.3380468893159825,0.0,1.05e-08
6631.0,0.8208953209386733,0.0,0.54092806,0.0,0.0,0.0,0.8208953209386733,0.0,0.0,0.0,0.0,0.0,0.0,0.0,0.0,0.0,1.2632558152018782,0.0,1.05e-08
6632.0,0.8126811000067912,0.0,0.514752956,0.0,0.0,0.0,0.8126811000067912,0.0,0.0,0.0,0.0,0.0,0.0,0.0,0.0,0.0,1.1706195224070424,0.0,1.05e-08
6633.0,0.8286705649959372,0.0,0.476499218,0.0,0.0,0.0,0.8286705649959372,0.0,0.0,0.0,0.0,0.0,0.0,0.0,0.0,0.0,1.0072415645482102,0.0,1.05e-08
6634.0,0.8797546250978613,0.0,0.432539424,0.0,0.0,0.0,0.8797546250978613,0.0,0.0,0.0,0.0,0.0,0.0,0.0,0.0,0.0,0.7867840491117549,0.0,1.05e-08
6635.0,0.9262925978592259,0.0,0.395773298,0.0,0.0,0.0,0.9262925978592259,0.0,0.0,0.0,0.0,0.0,0.0,0.0,0.0,0.0,0.5985892296444039,0.0,1.05e-08
6636.0,0.9560273924004448,0.0,0.353149334,0.0,0.0,0.0,0.9560273924004449,0.0,0.0,0.0,0.0,0.0,0.0,0.0,0.0,0.0,0.40462782242309203,0.0,1.05e-08
6637.0,0.9937451420078932,0.0316732,0.302216191,0.0,0.0,0.0621692685548936,0.9315758734529996,0.0,0.0,0.0,0.0,0.0,0.0,0.0,0.0,0.0,0.2328381483167713,0.0,1.05e-08
6638.0,1.0368226921869008,0.282190446,0.272139593,0.0,0.0,0.5538933110957908,0.4829293810911101,0.0,0.0,0.0,0.0,0.0,0.0,0.0,0.0,0.0,0.5656019928216747,0.0,1.05e-08
6639.0,1.0760565180247383,0.512789939,0.255271549,0.0,0.0,1.006522089019692,0.06953442900504626,0.0,0.0,0.0,0.0,0.0,0.0,0.0,0.0,2.220446049250313e-16,0.9140057646257084,0.0,1.05e-08
6640.0,1.113121155696779,0.604278245,0.238979577,0.0,0.0,1.113121155696779,0.0,0.0,0.0,0.0,0.0,0.0,0.0,0.0,0.0,0.07297739119096192,0.9207685711829008,0.0,1e-08
6641.0,1.1469887569112338,0.625238411,0.229742615,0.0,0.0,1.1469887569112338,0.0,0.0,0.0,0.0,0.0,0.0,0.0,0.0,0.0,0.08025113941417517,0.8851793195423275,0.0,1e-08
6642.0,1.1724151540293695,0.625432455,0.231109127,0.0,0.0,1.191361275670056,0.0,0.0,0.01894612164068657,0.0,0.0,0.0,0.0,0.0,0.0,0.036259497028673815,0.8904443774085246,0.0,1e-08
6643.0,1.1881476569455682,0.623824024,0.241766934,0.0,0.0,1.2244636878828281,0.0,0.0,0.03631603093726001,0.0,0.017051509476617915,0.0,0.0,0.0,0.0,2.220446049250313e-16,0.9315080274765515,0.0,1.0000136218855531e-08
6644.0,1.1953404536374848,0.629381081,0.258984565,0.0,0.0,1.2353712743915437,0.0,0.0,0.04003082075405884,0.0,0.04973570504960528,0.0,0.0,0.0,0.0,2.220446049250313e-16,0.9978461375947414,0.0,1.000027243956662e-08
6645.0,1.1903425413186597,0.626215132,0.278927284,0.0,0.0,1.2291570385829707,0.0,0.0,0.038814497264311035,0.0,0.08576276624340477,0.0,0.0,0.0,0.0,0.0,1.0746837866928152,0.0,1.0000408662133296e-08
6646.0,1.1735779074094561,0.594810453,0.297779897,0.0,0.0,1.1675148324708244,0.006063074938631592,0.0,0.0,0.0,0.12069464554661179,0.0,0.0,0.0,0.0,2.220446049250313e-16,1.1412582724737514,0.0,1.05e-08
6647.0,1.1589760376142255,0.46946857,0.327962202,0.0,0.0,0.9214893855503032,0.23748665206392236,0.0,0.0,0.0,0.12069300148035855,0.0,0.0,0.0,0.0,0.0,1.026124623545365,0.0,1.05e-08
6648.0,1.1401300109141488,0.160939744,0.384436887,0.0,0.0,0.315898177825159,0.8242318330889897,0.0,0.0,0.0,0.1206913574365003,0.0,0.0,0.0,0.0,0.0,0.6569717391852732,0.0,1.05e-08
6649.0,1.0998148030193247,0.0038685,0.405859149,0.0,0.0,0.007593227567931435,1.0922215754513933,0.0,0.0,0.0,0.1206897134150367,0.0,0.0,0.0,0.0,0.0,0.4715202028941179,0.0,1.05e-08
6650.0,1.042325963249189,0.0,0.388124204,0.0,0.0,0.0,1.042325963249189,0.0,0.0,0.0,0.12068806941596746,0.0,0.0,0.0,0.0,0.0,0.45308453686472094,0.0,1.05e-08
6651.0,0.9773680925587184,0.0,0.372507838,0.0,0.0,0.0,0.9773680925587184,0.0,0.0,0.0,0.12068642543929231,0.0,0.0,0.0,0.0,0.0,0.4578738392223035,0.0,1.05e-08
6652.0,0.9142346525861736,0.0,0.355275557,0.0,0.0,0.0,0.9142346525861738,0.0,0.0,0.0,0.12068478148501091,0.0,0.0,0.0,0.0,0.0,0.4546127238367046,0.0,1.05e-08
6653.0,0.8596494842403426,0.0,0.335706725,0.0,0.0,0.0,0.8596494842403426,0.0,0.0,0.0,0.12068313755312296,0.0,0.0,0.0,0.0,0.0,0.4338007988135142,0.0,1.05e-08
6654.0,0.8220109646053863,0.0,0.317162687,0.0,0.0,0.0,0.8220109646053863,0.0,0.0,0.0,0.12068149364362817,0.0,0.0,0.0,0.0,0.0,0.3999906717165308,0.0,1.05e-08
6655.0,0.799387595432984,0.0,0.304316485,0.0,0.0,0.0,0.799387595432984,0.0,0.0,0.0,0.1206798497565262,0.0,0.0,0.0,0.0,0.0,0.3731186856407861,0.0,1.05e-08
6656.0,0.7923618240884831,0.0,0.297824094,0.0,0.0,0.0,0.7923618240884831,0.0,0.0,0.0,0.12067820589181677,0.0,0.0,0.0,0.0,0.0,0.3551298107143599,0.0,1.05e-08
6657.0,0.8082185253399397,0.0,0.288457343,0.0,0.0,0.0,0.8082185253399397,0.0,0.0,0.0,0.12067656204949957,0.0,0.0,0.0,0.0,0.0,0.30318379152551334,0.0,1.05e-08
6658.0,0.8529170779291232,0.0,0.281939077,0.0,0.0,0.0,0.8529170779291232,0.0,0.0,0.0,0.12067491822957431,0.0,0.0,0.0,0.0,0.0,0.2333708984276005,0.0,1.05e-08
6659.0,0.8999518440315194,0.0,0.275755043,0.0,0.0,0.0,0.8999518440315194,0.0,0.0,0.0,0.12067327443204066,0.0,0.0,0.0,0.0,0.0,0.16250956010591178,0.0,1.05e-08
6660.0,0.9333312173073741,0.0,0.260255335,0.0,0.0,0.0,0.9333312173073741,0.0,0.0,0.0,0.12067163065689833,0.0,0.0,0.0,0.0,0.0,0.06941109213556695,0.0,1.05e-08
6661.0,0.9703765828239438,0.032006398,0.204230944,0.0,0.0,0.06282328128312925,0.7868849583670282,0.0,0.0,0.12066834317378641,0.12066998690414701,0.0,0.0,0.0,0.0,0.0,0.0,0.0,1.1113987195088845e-08
6662.0,1.0127367805493068,0.343400496,0.181697978,0.0,0.0,0.67403854544876,0.33869823510054686,0.0,0.0,0.0,0.0,0.0,0.0,0.0,0.0,1.1102230246251565e-16,0.36136906642406064,0.0,1.05e-08
6663.0,1.0523025157313681,0.655832213,0.214719527,0.0,0.0,1.0523025157313681,0.0,0.0,0.0,0.0,0.0,0.0,0.0,0.0,0.0,0.23498796887224582,0.8272966023404513,0.0,1e-08
6664.0,1.087482764868462,0.724348234,0.233361752,0.0,0.0,1.087482764868462,0.0,0.0,0.0,0.0,0.0,0.0,0.0,0.0,0.0,0.33429337037549556,0.8991235554734388,0.0,1e-08
6665.0,1.1172796585773097,0.721313502,0.239948904,0.0,0.0,1.1172796585773097,0.0,0.0,0.0,0.0,0.0,0.0,0.0,0.0,0.0,0.2985397981908344,0.9245033080503905,0.0,1e-08
6666.0,1.1422349585617086,0.701793311,0.252867143,0.0,0.0,1.1422349585617086,0.0,0.0,0.0,0.0,0.0,0.0,0.0,0.0,0.0,0.23526958223577843,0.974276215909497,0.0,1e-08
6667.0,1.156436395793263,0.687941994,0.271721212,0.0,0.0,1.1564363957932633,0.0,0.0,0.0,0.0,0.0,0.0,0.0,0.0,0.0,0.19388029387418437,1.0469193864768036,0.0,1e-08
6668.0,1.1658005220015843,0.688563795,0.291855875,0.0,0.0,1.1658005220015841,0.0,0.0,0.0,0.0,0.0,0.0,0.0,0.0,0.0,0.1857366604912396,1.1244965799528772,0.0,1e-08
6669.0,1.16236793697713,0.683724078,0.303393906,0.0,0.0,1.16236793697713,0.0,0.0,0.0,0.0,0.0,0.0,0.0,0.0,0.0,0.17966967913456755,1.1689516603890353,0.0,1e-08
6670.0,1.143806709907903,0.651824392,0.311419652,0.0,0.0,1.243722487286046,0.0,0.0,0.0999157773781427,0.0,0.0,0.0,0.0,0.0,0.0,0.035701305601260724,1.1998741968244264,0.0,1e-08
6671.0,1.1224660097496295,0.505426096,0.339256925,0.0,0.0,0.9920680795396561,0.13039793020997326,0.0,0.0,0.0,0.08992419964032843,0.0,0.0,0.0,0.0,0.0,1.1767309802079846,0.0,1.05e-08
6672.0,1.0984464799808802,0.17175428,0.402310758,0.0,0.0,0.33712532863027395,0.7613211513506062,0.0,0.0,0.0,0.0899229747198582,0.0,0.0,0.0,0.0,0.0,0.7887489695583858,0.0,1.05e-08
6673.0,1.063416125386339,0.003194317,0.41399626,0.0,0.0,0.00626991751456948,1.0571462078717695,0.0,0.0,0.0,0.08992174981607345,0.0,0.0,0.0,0.0,8.673617379884035e-19,0.5379471870557171,0.0,1.05e-08
6674.0,1.01696380664929,0.0,0.39991359,0.0,0.0,0.0,1.01696380664929,0.0,0.0,0.0,0.08992052492897398,0.0,0.0,0.0,0.0,0.0,0.5238702239546069,0.0,1.05e-08
6675.0,0.9590766756660861,0.0,0.390810151,0.0,0.0,0.0,0.959076675666086,0.0,0.0,0.0,0.08991930005855955,0.0,0.0,0.0,0.0,0.0,0.5466825563876376,0.0,1.05e-08
6676.0,0.9019518654992925,0.0,0.389925816,0.0,0.0,0.0,0.9019518654992925,0.0,0.0,0.0,0.08991807520482996,0.0,0.0,0.0,0.0,0.0,0.6004000968428563,0.0,1.05e-08
6677.0,0.8547051056867149,0.0,0.389022855,0.0,0.0,0.0,0.8547051056867149,0.0,0.0,0.0,0.08991685036778495,0.0,0.0,0.0,0.0,0.0,0.6441678225043111,0.0,1.05e-08
6678.0,0.819850341842021,0.0,0.387228568,0.0,0.0,0.0,0.819850341842021,0.0,0.0,0.0,0.08991562554742429,0.0,0.0,0.0,0.0,0.0,0.6721093467407432,0.0,1.05e-08
6679.0,0.7946659173425773,0.0,0.383767168,0.0,0.0,0.0,0.7946659173425773,0.0,0.0,0.0,0.08991440074374778,0.0,0.0,0.0,0.0,0.0,0.6839572829414714,0.0,1.05e-08
6680.0,0.7815137419088911,0.0,0.372896577,0.0,0.0,0.0,0.7815137419088911,0.0,0.0,0.0,0.08991317595675516,0.0,0.0,0.0,0.0,0.0,0.6552259691304525,0.0,1.05e-08
6681.0,0.7804516320073756,0.0,0.345367909,0.0,0.0,0.0,0.7804516320073757,0.0,0.0,0.0,0.08991195118644622,0.0,0.0,0.0,0.0,0.0,0.5502223950135864,0.0,1.05e-08
6682.0,0.7944046725684142,0.0,0.317322102,0.0,0.0,0.0,0.7944046725684142,0.0,0.0,0.0,0.08991072643282076,0.0,0.0,0.0,0.0,0.0,0.4282111765813008,0.0,1.05e-08
6683.0,0.8155462271201537,0.0,0.293716398,0.0,0.0,0.0,0.8155462271201537,0.0,0.0,0.0,0.08990950169587851,0.0,0.0,0.0,0.0,0.0,0.31611879427808987,0.0,1.05e-08
6684.0,0.8464202201847723,0.0,0.261558179,0.0,0.0,0.0,0.8464202201847723,0.0,0.0,0.0,0.08990827697561926,0.0,0.0,0.0,0.0,0.0,0.16134183957915227,0.0,1.05e-08
6685.0,0.8929303553882343,0.022537218,0.196938477,0.0,0.0,0.04423684245110005,0.7587876853519854,0.0,0.0,0.08990582758514885,0.08990705227204279,0.0,0.0,0.0,0.0,0.0,0.0,0.0,1.1113381641864482e-08
6686.0,0.9416824846781615,0.272281109,0.178054649,0.0,0.0,0.534442916656519,0.40723956802164246,0.0,0.0,0.0,0.0,0.0,0.0,0.0,0.0,1.1102230246251565e-16,0.2787902877940405,0.0,1.05e-08
6687.0,0.9866529887945477,0.499232781,0.171788129,0.0,0.0,0.9799116234985851,0.0067413652959625245,0.0,0.0,0.0,0.0,0.0,0.0,0.0,0.0,1.1102230246251565e-16,0.6551441065555249,0.0,1.05e-08
6688.0,1.0227625840954675,0.584244932,0.163483136,0.0,0.0,1.0227625840954675,0.0,0.0,0.0,0.0,0.0,0.0,0.0,0.0,0.0,0.12401387295161181,0.6298870197900629,0.0,1e-08
6689.0,1.0484716394938454,0.597616664,0.159729282,0.0,0.0,1.0484716394938454,0.0,0.0,0.0,0.0,0.0,0.0,0.0,0.0,0.0,0.12455132241387523,0.6154237303851727,0.0,1e-08
6690.0,1.06574377349712,0.583147393,0.164162457,0.0,0.0,1.06574377349712,0.0,0.0,0.0,0.0,0.0,0.0,0.0,0.0,0.0,0.07887839548179842,0.6325043874931806,0.0,1e-08
6691.0,1.0750993343030097,0.563947494,0.171842808,0.0,0.0,1.104405057551339,0.0,0.0,0.02930572324832946,0.0,0.0,0.0,0.0,0.0,0.0,0.0025308758354121164,0.6620961455221656,0.0,1e-08
6692.0,1.0814548629072398,0.542433692,0.17995456,0.0,0.0,1.0647078877780092,0.016746975129230467,0.0,0.0,0.0,0.026375150923496512,0.0,0.0,0.0,0.0,2.220446049250313e-16,0.676603080842488,0.0,1.05e-08
6693.0,1.078172172425338,0.503842579,0.186852992,0.0,0.0,0.9889598967973301,0.0892122756280078,0.0,0.0,0.0,0.02637479164910318,0.0,0.0,0.0,0.0,0.0,0.6307168690498656,0.0,1.05e-08
6694.0,1.065217001247578,0.443573232,0.206443244,0.0,0.0,0.8706611073074436,0.19455589394013428,0.0,0.0,0.0,0.026374432379603775,0.0,0.0,0.0,0.0,1.1102230246251565e-16,0.6008528735975326,0.0,1.05e-08
6695.0,1.0512168509731656,0.331415245,0.258387829,0.0,0.0,0.6505134741545174,0.4007033768186482,0.0,0.0,0.0,0.02637407311499823,0.0,0.0,0.0,0.0,0.0,0.5948435862567015,0.0,1.05e-08
6696.0,1.0348847698867567,0.128834453,0.359587528,0.0,0.0,0.2528807858909051,0.7820039839958516,0.0,0.0,0.0,0.02637371385528648,0.0,0.0,0.0,0.0,5.551115123125783e-17,0.6034570605341222,0.0,1.05e-08
6697.0,1.006057908003285,0.003564717,0.393778681,0.0,0.0,0.00699695163403744,0.9990609563692475,0.0,0.0,0.0,0.02637335460046846,0.0,0.0,0.0,0.0,0.0,0.5181357765827791,0.0,1.05e-08
6698.0,0.9663444196292791,0.0,0.366632824,0.0,0.0,0.0,0.9663444196292791,0.0,0.0,0.0,0.026372995350544097,0.0,0.0,0.0,0.0,0.0,0.446261568468323,0.0,1.05e-08
6699.0,0.9148042518478735,0.0,0.335988819,0.0,0.0,0.0,0.9148042518478735,0.0,0.0,0.0,0.026372636105513332,0.0,0.0,0.0,0.0,0.0,0.37973291608786297,0.0,1.05e-08
6700.0,0.8660542639085541,0.0,0.312499505,0.0,0.0,0.0,0.8660542639085541,0.0,0.0,0.0,0.026372276865376094,0.0,0.0,0.0,0.0,0.0,0.3379805173322453,0.0,1.05e-08
6701.0,0.8250431170661644,0.0,0.295360552,0.0,0.0,0.0,0.8250431170661644,0.0,0.0,0.0,0.02637191763013232,0.0,0.0,0.0,0.0,0.0,0.31295669389187764,0.0,1.05e-08
6702.0,0.7944967506445536,0.0,0.277343535,0.0,0.0,0.0,0.7944967506445536,0.0,0.0,0.0,0.02637155839978194,0.0,0.0,0.0,0.0,0.0,0.27408498196419073,0.0,1.05e-08
6703.0,0.7715757337376541,0.0,0.266333824,0.0,0.0,0.0,0.7715757337376541,0.0,0.0,0.0,0.026371199174324886,0.0,0.0,0.0,0.0,0.0,0.2545864917572809,0.0,1.05e-08
6704.0,0.7584535372124784,0.0,0.262623151,0.0,0.0,0.0,0.7584535372124784,0.0,0.0,0.0,0.026370839953761094,0.0,0.0,0.0,0.0,0.0,0.2534117717039449,0.0,1.05e-08
6705.0,0.7545070280421294,0.0,0.258712729,0.0,0.0,0.0,0.7545070280421294,0.0,0.0,0.0,0.026370480738090497,0.0,0.0,0.0,0.0,0.0,0.24229174789745223,0.0,1.05e-08
6706.0,0.7634000571167141,0.0,0.260265989,0.0,0.0,0.0,0.7634000571167141,0.0,0.0,0.0,0.026370121527313026,0.0,0.0,0.0,0.0,0.0,0.23938330130823848,0.0,1.05e-08
6707.0,0.7784152075792682,0.0,0.260377671,0.0,0.0,0.0,0.7784152075792682,0.0,0.0,0.0,0.026369762321428618,0.0,0.0,0.0,0.0,0.0,0.2247984523670853,0.0,1.05e-08
6708.0,0.8097067640124261,0.0,0.253428996,0.0,0.0,0.0,0.8097067640124261,0.0,0.0,0.0,0.026369403120437205,0.0,0.0,0.0,0.0,0.0,0.16673422509869396,0.0,1.05e-08
6709.0,0.8588164988538718,0.005307711,0.213352524,0.0,0.0,0.01041816142892928,0.8220296526918095,0.0,0.0,0.0263686847331331,0.026369043924338722,0.0,0.0,0.0,0.0,0.0,0.0,0.0,1.111383580368947e-08
6710.0,0.9068876786504887,0.165156806,0.184050709,0.0,0.0,0.32417557511973727,0.5827121035307514,0.0,0.0,0.0,0.0,0.0,0.0,0.0,0.0,0.0,0.1264200762083142,0.0,1.05e-08
6711.0,0.9549759892519687,0.402883919,0.220618075,0.0,0.0,0.7907946957288496,0.16418129352311914,0.0,0.0,0.0,0.0,0.0,0.0,0.0,0.0,0.0,0.6858419270589142,0.0,1.05e-08
6712.0,0.998869394012584,0.515955489,0.239393807,0.0,0.0,0.998869394012584,0.0,0.0,0.0,0.0,0.0,0.0,0.0,0.0,0.0,0.0138661476444778,0.922364565158742,0.0,1e-08
6713.0,1.0366513841382694,0.546910248,0.250078452,0.0,0.0,1.0366513841382694,0.0,0.0,0.0,0.0,0.0,0.0,0.0,0.0,0.0,0.036843244864656066,0.9635316198240306,0.0,1e-08
6714.0,1.0631184776518416,0.547616175,0.259999067,0.0,0.0,1.0631184776518416,0.0,0.0,0.0,0.0,0.0,0.0,0.0,0.0,0.0,0.011761769641725595,1.0017549300059112,0.0,1e-08
6715.0,1.0796304321893138,0.528223183,0.272294957,0.0,0.0,1.0368150019842552,0.04281543020505847,0.0,0.0,0.0,0.0,0.0,0.0,0.0,0.0,0.0,1.0063145483671248,0.0,1.05e-08
6716.0,1.0900973539607006,0.503372854,0.283475,0.0,0.0,0.9880379040819762,0.10205944987872437,0.0,0.0,0.0,0.0,0.0,0.0,0.0,0.0,0.0,0.9901463109343545,0.0,1.05e-08
6717.0,1.0929603397234553,0.469187351,0.283959143,0.0,0.0,0.9209373990275099,0.17202294069594543,0.0,0.0,0.0,0.0,0.0,0.0,0.0,0.0,0.0,0.9220481831073701,0.0,1.05e-08
6718.0,1.0827182597658973,0.418709582,0.284944861,0.0,0.0,0.8218578624788543,0.2608603972870431,0.0,0.0,0.0,0.0,0.0,0.0,0.0,0.0,0.0,0.8370086165529147,0.0,1.05e-08
6719.0,1.0775961491118144,0.322847818,0.309562964,0.0,0.0,0.6336970277585913,0.4438991213532231,0.0,0.0,0.0,0.0,0.0,0.0,0.0,0.0,0.0,0.7488214099640775,0.0,1.05e-08
6720.0,1.0641099229832967,0.159634794,0.340283276,0.0,0.0,0.31333677616695244,0.7507731468163442,0.0,0.0,0.0,0.0,0.0,0.0,0.0,0.0,0.0,0.560310209231092,0.0,1.05e-08
6721.0,1.0301331128878395,0.002155486,0.349274065,0.0,0.0,0.004230863569210354,1.0259022493186292,0.0,0.0,0.0,0.0,0.0,0.0,0.0,0.0,0.0,0.31982187413353347,0.0,1.05e-08
6722.0,0.9855480518808742,0.0,0.348949007,0.0,0.0,0.0,0.9855480518808742,0.0,0.0,0.0,0.0,0.0,0.0,0.0,0.0,0.0,0.3589236499461067,0.0,1.05e-08
6723.0,0.9295324613289698,0.0,0.346159056,0.0,0.0,0.0,0.9295324613289698,0.0,0.0,0.0,0.0,0.0,0.0,0.0,0.0,0.0,0.404189789736617,0.0,1.05e-08
6724.0,0.8785511860562247,0.0,0.349240904,0.0,0.0,0.0,0.8785511860562247,0.0,0.0,0.0,0.0,0.0,0.0,0.0,0.0,0.0,0.4670451708019374,0.0,1.05e-08
6725.0,0.834201673616128,0.0,0.355508757,0.0,0.0,0.0,0.834201673616128,0.0,0.0,0.0,0.0,0.0,0.0,0.0,0.0,0.0,0.5355442031451281,0.0,1.05e-08
6726.0,0.8040514570569776,0.0,0.356855858,0.0,0.0,0.0,0.8040514570569776,0.0,0.0,0.0,0.0,0.0,0.0,0.0,0.0,0.0,0.570884688590766,0.0,1.05e-08
6727.0,0.7875502092725448,0.0,0.351751629,0.0,0.0,0.0,0.7875502092725448,0.0,0.0,0.0,0.0,0.0,0.0,0.0,0.0,0.0,0.5677197636322437,0.0,1.05e-08
6728.0,0.7859720338745269,0.0,0.347220198,0.0,0.0,0.0,0.7859720338745269,0.0,0.0,0.0,0.0,0.0,0.0,0.0,0.0,0.0,0.5518387096699053,0.0,1.05e-08
6729.0,0.8068887466124374,0.0,0.344410354,0.0,0.0,0.0,0.8068887466124374,0.0,0.0,0.0,0.0,0.0,0.0,0.0,0.0,0.0,0.5200959000847029,0.0,1.05e-08
6730.0,0.8532018775599731,0.0,0.336140777,0.0,0.0,0.0,0.8532018775599731,0.0,0.0,0.0,0.0,0.0,0.0,0.0,0.0,0.0,0.4419207719984871,0.0,1.05e-08
6731.0,0.9026927728096239,0.0,0.328324028,0.0,0.0,0.0,0.9026927728096239,0.0,0.0,0.0,0.0,0.0,0.0,0.0,0.0,0.0,0.3623125884919183,0.0,1.05e-08
6732.0,0.9398687607132752,0.0,0.30798135,0.0,0.0,0.0,0.9398687607132752,0.0,0.0,0.0,0.0,0.0,0.0,0.0,0.0,0.0,0.24675794249860994,0.0,1.05e-08
6733.0,0.9848071445705429,0.010361436,0.255013532,0.0,0.0,0.02033779022322792,0.964469354347315,0.0,0.0,0.0,0.0,0.0,0.0,0.0,0.0,0.0,0.018076721093871928,0.0,1.05e-08
6734.0,1.0288290303676317,0.238413971,0.228494147,0.0,0.0,0.46796730959731303,0.5608617207703186,0.0,0.0,0.0,0.0,0.0,0.0,0.0,0.0,5.551115123125783e-17,0.3195073546877307,0.0,1.05e-08
6735.0,1.0687545124518192,0.536476329,0.257902956,0.0,0.0,1.0530145666034518,0.01573994584836731,0.0,0.0,0.0,0.0,0.0,0.0,0.0,0.0,2.220446049250313e-16,0.9779388416070416,0.0,1.05e-08
6736.0,1.1042045717655076,0.624431426,0.285766691,0.0,0.0,1.1042045717655076,0.0,0.0,0.0,0.0,0.0,0.0,0.0,0.0,0.0,0.12145134608015296,1.1010354569492586,0.0,1e-08
6737.0,1.1329950306886452,0.633160628,0.293453045,0.0,0.0,1.1329950306886452,0.0,0.0,0.0,0.0,0.0,0.0,0.0,0.0,0.0,0.1097948712005572,1.1306503440414137,0.0,1e-08
6738.0,1.1523999498973825,0.619001265,0.290384019,0.0,0.0,1.208213986912769,0.0,0.0,0.05581403701538657,0.0,0.0,0.0,0.0,0.0,0.0,0.006783420346486713,1.1188256403557795,0.0,1e-08
6739.0,1.1645842348563005,0.601318937,0.280317477,0.0,0.0,1.18028991328619,0.0,0.0,0.015705678429889406,0.0,0.05023263331384792,0.0,0.0,0.0,0.0,0.0,1.0800400854960324,0.0,1.0000136218855531e-08
6740.0,1.168254509798231,0.590020815,0.263151327,0.0,0.0,1.1581135629084587,0.01014094688977246,0.0,0.0,0.0,0.06436705964688717,0.0,0.0,0.0,0.0,2.220446049250313e-16,1.0037593805288936,0.0,1.05e-08
6741.0,1.1650467665876056,0.570051786,0.236909974,0.0,0.0,1.1189176519590929,0.04612911462851294,0.0,0.0,0.0,0.06436618285811078,0.0,0.0,0.0,0.0,-2.220446049250313e-16,0.8666654471384039,0.0,1.05e-08
6742.0,1.1508902977188171,0.52507403,0.231504612,0.0,0.0,1.0306337339539504,0.12025656376486682,0.0,0.0,0.0,0.06436530608127775,0.0,0.0,0.0,0.0,0.0,0.7717115846827799,0.0,1.05e-08
6743.0,1.1423227539366323,0.399850301,0.271100102,0.0,0.0,0.7848402038513331,0.35748255008529917,0.0,0.0,0.0,0.0643644293163879,0.0,0.0,0.0,0.0,0.0,0.6870437508633325,0.0,1.05e-08
6744.0,1.1275410106903387,0.174798674,0.31020664,0.0,0.0,0.34310097201878237,0.7844400386715563,0.0,0.0,0.0,0.06436355256344109,0.0,0.0,0.0,0.0,0.0,0.41076052310803235,0.0,1.05e-08
6745.0,1.0869195896585857,0.001516158,0.319225495,0.0,0.0,0.00297596813311097,1.0839436215254747,0.0,0.0,0.0,0.06436267582243714,0.0,0.0,0.0,0.0,4.336808689942018e-19,0.14600584363867308,0.0,1.05e-08
6746.0,1.0312830181642785,0.0,0.312691158,0.0,0.0,0.0,1.0312830181642785,0.0,0.0,0.0,0.06436179909337589,0.0,0.0,0.0,0.0,0.0,0.17349018625555646,0.0,1.05e-08
6747.0,0.9699868570133071,0.0,0.302307725,0.0,0.0,0.0,0.9699868570133071,0.0,0.0,0.0,0.06436092237625718,0.0,0.0,0.0,0.0,0.0,0.1947798376980293,0.0,1.05e-08
6748.0,0.9106778692264614,0.0,0.286017834,0.0,0.0,0.0,0.9106778692264614,0.0,0.0,0.0,0.06436004567108085,0.0,0.0,0.0,0.0,0.0,0.19132522095813664,0.0,1.05e-08
6749.0,0.8644675231081046,0.0,0.277682627,0.0,0.0,0.0,0.8644675231081046,0.0,0.0,0.0,0.06435916897784673,0.0,0.0,0.0,0.0,0.0,0.2054207029686551,0.0,1.05e-08
6750.0,0.8315378334599075,0.0,0.280239527,0.0,0.0,0.0,0.8315378334599075,0.0,0.0,0.0,0.06435829229655467,0.0,0.0,0.0,0.0,0.0,0.24820191712456152,0.0,1.05e-08
6751.0,0.8111821545812653,0.0,0.283143487,0.0,0.0,0.0,0.8111821545812653,0.0,0.0,0.0,0.0643574156272045,0.0,0.0,0.0,0.0,0.0,0.2797463140247959,0.0,1.05e-08
6752.0,0.8074540631729215,0.0,0.289451257,0.0,0.0,0.0,0.8074540631729215,0.0,0.0,0.0,0.06435653896979605,0.0,0.0,0.0,0.0,0.0,0.3077777222402087,0.0,1.05e-08
6753.0,0.828959647328003,0.0,0.292502403,0.0,0.0,0.0,0.828959647328003,0.0,0.0,0.0,0.06435566232432917,0.0,0.0,0.0,0.0,0.0,0.2980279516075959,0.0,1.05e-08
6754.0,0.882208612894508,0.0,0.294799571,0.0,0.0,0.0,0.882208612894508,0.0,0.0,0.0,0.06435478569080369,0.0,0.0,0.0,0.0,0.0,0.25362978460588625,0.0,1.05e-08
6755.0,0.9337016709625399,0.0,0.290896192,0.0,0.0,0.0,0.9337016709625399,0.0,0.0,0.0,0.06435390906921945,0.0,0.0,0.0,0.0,0.0,0.18709732965828207,0.0,1.05e-08
6756.0,0.9653015818832346,0.0,0.275373904,0.0,0.0,0.0,0.9653015818832347,0.0,0.0,0.0,0.06435303245957628,0.0,0.0,0.0,0.0,0.0,0.09569132516813772,0.0,1.05e-08
6757.0,0.999963624173218,0.007774361,0.238871603,0.0,0.0,0.0152597886178754,0.9203525562792301,0.0,0.0,0.06435127927611252,0.06435215586187402,0.0,0.0,0.0,0.0,1.734723475976807e-18,0.0,0.0,1.1113987195088845e-08
6758.0,1.037852681829298,0.267644856,0.259799982,0.0,0.0,0.5253427165553157,0.5125099652739821,0.0,0.0,0.0,0.0,0.0,0.0,0.0,0.0,0.0,0.48847790667075464,0.0,1.05e-08
6759.0,1.0719001564948158,0.567272272,0.306617592,0.0,0.0,1.0719001564948158,0.0,0.0,0.0,0.0,0.0,0.0,0.0,0.0,0.0,0.04156176783593213,1.181372256280216,0.0,1e-08
6760.0,1.100412239838927,0.659162082,0.340153741,0.0,0.0,1.100412239838927,0.0,0.0,0.0,0.0,0.0,0.0,0.0,0.0,0.0,0.19341422850215628,1.3105842683916396,0.0,1e-08
6761.0,1.125146980710713,0.657629132,0.353903273,0.0,0.0,1.125146980710713,0.0,0.0,0.0,0.0,0.0,0.0,0.0,0.0,0.0,0.16567055957033117,1.3635600795174312,0.0,1e-08
6762.0,1.1423720050006139,0.643183347,0.365478158,0.0,0.0,1.1423720050006139,0.0,0.0,0.0,0.0,0.0,0.0,0.0,0.0,0.0,0.12009084149668747,1.408157155371559,0.0,1e-08
6763.0,1.1509031458224643,0.63318131,0.378457239,0.0,0.0,1.1509031458224643,0.0,0.0,0.0,0.0,0.0,0.0,0.0,0.0,0.0,0.09192735142218855,1.4581644824312983,0.0,1e-08
6764.0,1.1551387373248792,0.634856908,0.398219658,0.0,0.0,1.1551387373248792,0.0,0.0,0.0,0.0,0.0,0.0,0.0,0.0,0.0,0.09098068248055213,1.5343074505216125,0.0,1e-08
6765.0,1.150689010761675,0.632961118,0.424214067,0.0,0.0,1.150689010761675,0.0,0.0,0.0,0.0,0.0,0.0,0.0,0.0,0.0,0.09170928589757321,1.634461761338197,0.0,1e-08
6766.0,1.1399544201643013,0.604999046,0.45135101,0.0,0.0,1.1399544201643013,0.0,0.0,0.0,0.0,0.0,0.0,0.0,0.0,0.0,0.04755894022329543,1.7390181612868918,0.0,1e-08
6767.0,1.140425517298038,0.471395346,0.477531318,0.0,0.0,0.9252713291047633,0.21515418819327478,0.0,0.0,0.0,0.0,0.0,0.0,0.0,0.0,1.1102230246251565e-16,1.6247345374025004,0.0,1.05e-08
6768.0,1.1262069492616207,0.173079787,0.481642689,0.0,0.0,0.33972708028954396,0.7864798689720767,0.0,0.0,0.0,0.0,0.0,0.0,0.0,0.0,0.0,1.069249629499754,0.0,1.05e-08
6769.0,1.0876155286061513,0.001143914,0.480185721,0.0,0.0,0.0022453145457264363,1.0853702140604249,0.0,0.0,0.0,0.0,0.0,0.0,0.0,0.0,0.0,0.7647457070486037,0.0,1.05e-08
6770.0,1.034368704390254,0.0,0.467593501,0.0,0.0,0.0,1.034368704390254,0.0,0.0,0.0,0.0,0.0,0.0,0.0,0.0,0.0,0.7672304331384743,0.0,1.05e-08
6771.0,0.9719804544292566,0.0,0.459765235,0.0,0.0,0.0,0.9719804544292566,0.0,0.0,0.0,0.0,0.0,0.0,0.0,0.0,0.0,0.7994570207928232,0.0,1.05e-08
6772.0,0.9119284179814716,0.0,0.45132986,0.0,0.0,0.0,0.9119284179814715,0.0,0.0,0.0,0.0,0.0,0.0,0.0,0.0,0.0,0.8270082541023471,0.0,1.05e-08
6773.0,0.8641655926723915,0.0,0.444198007,0.0,0.0,0.0,0.8641655926723915,0.0,0.0,0.0,0.0,0.0,0.0,0.0,0.0,0.0,0.8472926388721482,0.0,1.05e-08
6774.0,0.8307712299422814,0.0,0.442992962,0.0,0.0,0.0,0.8307712299422814,0.0,0.0,0.0,0.0,0.0,0.0,0.0,0.0,0.0,0.8760440627503701,0.0,1.05e-08
6775.0,0.8113063529165231,0.0,0.440101988,0.0,0.0,0.0,0.8113063529165231,0.0,0.0,0.0,0.0,0.0,0.0,0.0,0.0,0.0,0.8843702557399319,0.0,1.05e-08
6776.0,0.807402670758332,0.0,0.439281342,0.0,0.0,0.0,0.807402670758332,0.0,0.0,0.0,0.0,0.0,0.0,0.0,0.0,0.0,0.8851120566430274,0.0,1.05e-08
6777.0,0.828392189416911,0.0,0.432279819,0.0,0.0,0.0,0.8283921894169111,0.0,0.0,0.0,0.0,0.0,0.0,0.0,0.0,0.0,0.8371462481703016,0.0,1.05e-08
6778.0,0.8826368830160869,0.0,0.427406936,0.0,0.0,0.0,0.8826368830160869,0.0,0.0,0.0,0.0,0.0,0.0,0.0,0.0,0.0,0.7641267388576831,0.0,1.05e-08
6779.0,0.9318815229458298,0.0,0.426791199,0.0,0.0,0.0,0.9318815229458298,0.0,0.0,0.0,0.0,0.0,0.0,0.0,0.0,0.0,0.7125097151249743,0.0,1.05e-08
6780.0,0.960982477707112,0.0,0.418124609,0.0,0.0,0.0,0.960982477707112,0.0,0.0,0.0,0.0,0.0,0.0,0.0,0.0,0.0,0.6500171049280979,0.0,1.05e-08
6781.0,0.9919464074972622,0.018247747,0.380255836,0.0,0.0,0.03581731823007319,0.956129089267189,0.0,0.0,0.0,0.0,0.0,0.0,0.0,0.0,0.0,0.5089652388463781,0.0,1.05e-08
6782.0,1.0220623624466862,0.362721915,0.400587827,0.0,0.0,0.7119633047617635,0.31009905768492274,0.0,0.0,0.0,0.0,0.0,0.0,0.0,0.0,1.1102230246251565e-16,1.2333327523900153,0.0,1.05e-08
6783.0,1.0468035273702958,0.61732978,0.416330704,0.0,0.0,1.0468035273702958,0.0,0.0,0.0,0.0,0.0,0.0,0.0,0.0,0.0,0.1649130304689308,1.6040878148413962,0.0,1e-08
6784.0,1.0688358837749192,0.690962394,0.414158268,0.0,0.0,1.0688358837749192,0.0,0.0,0.0,0.0,0.0,0.0,0.0,0.0,0.0,0.28740935301574955,1.5957175983701104,0.0,1e-08
6785.0,1.0889731448915563,0.694846903,0.407086029,0.0,0.0,1.0889731448915563,0.0,0.0,0.0,0.0,0.0,0.0,0.0,0.0,0.0,0.2748967424940916,1.5684688456488938,0.0,1e-08
6786.0,1.1051103630726469,0.676979138,0.400143205,0.0,0.0,1.1051103630726469,0.0,0.0,0.0,0.0,0.0,0.0,0.0,0.0,0.0,0.22368804808828346,1.5417187182333851,0.0,1e-08
6787.0,1.1121082968592453,0.664167494,0.396482429,0.0,0.0,1.1121082968592453,0.0,0.0,0.0,0.0,0.0,0.0,0.0,0.0,0.0,0.1915429698241553,1.5276140506745308,0.0,1e-08
6788.0,1.1143545736469262,0.66655298,0.391519354,0.0,0.0,1.1143545736469262,0.0,0.0,0.0,0.0,0.0,0.0,0.0,0.0,0.0,0.19397900867770868,1.5084917326346774,0.0,1e-08
6789.0,1.1116521891797637,0.666919931,0.383860724,0.0,0.0,1.1116521891797637,0.0,0.0,0.0,0.0,0.0,0.0,0.0,0.0,0.0,0.19740165744609395,1.478983663824603,0.0,1e-08
6790.0,1.1040975042351129,0.633483241,0.378366047,0.0,0.0,1.1040975042351129,0.0,0.0,0.0,0.0,0.0,0.0,0.0,0.0,0.0,0.13932563377283658,1.4578131271874846,0.0,1e-08
6791.0,1.103204561031621,0.478291728,0.382751263,0.0,0.0,0.9388077897281022,0.16439677130351893,0.0,0.0,0.0,0.0,0.0,0.0,0.0,0.0,0.0,1.3103122309262436,0.0,1.05e-08
6792.0,1.0892622272236219,0.139180915,0.430451925,0.0,0.0,0.27318918462140923,0.8160730426022127,0.0,0.0,0.0,0.0,0.0,0.0,0.0,0.0,0.0,0.8424226703815758,0.0,1.05e-08
6793.0,1.056675153672688,0.000824932,0.464394531,0.0,0.0,0.0016192054812120497,1.0550559481914759,0.0,0.0,0.0,0.0,0.0,0.0,0.0,0.0,0.0,0.7342178221526039,0.0,1.05e-08
6794.0,1.0059015894089085,0.0,0.470245644,0.0,0.0,0.0,1.0059015894089085,0.0,0.0,0.0,0.0,0.0,0.0,0.0,0.0,0.0,0.8059160360397424,0.0,1.05e-08
6795.0,0.9464191522228235,0.0,0.467106054,0.0,0.0,0.0,0.9464191522228235,0.0,0.0,0.0,0.0,0.0,0.0,0.0,0.0,0.0,0.8533018922765686,0.0,1.05e-08
6796.0,0.8881508608314144,0.0,0.463424957,0.0,0.0,0.0,0.8881508608314145,0.0,0.0,0.0,0.0,0.0,0.0,0.0,0.0,0.0,0.8973872209745771,0.0,1.05e-08
6797.0,0.8438912851168492,0.0,0.452928446,0.0,0.0,0.0,0.8438912851168492,0.0,0.0,0.0,0.0,0.0,0.0,0.0,0.0,0.0,0.901204606786548,0.0,1.05e-08
6798.0,0.8125590430221412,0.0,0.442060295,0.0,0.0,0.0,0.8125590430221412,0.0,0.0,0.0,0.0,0.0,0.0,0.0,0.0,0.0,0.8906627607550142,0.0,1.05e-08
6799.0,0.7932312124352882,0.0,0.427749171,0.0,0.0,0.0,0.7932312124352882,0.0,0.0,0.0,0.0,0.0,0.0,0.0,0.0,0.0,0.8548510126258947,0.0,1.05e-08
6800.0,0.7891583635790734,0.0,0.415208244,0.0,0.0,0.0,0.7891583635790735,0.0,0.0,0.0,0.0,0.0,0.0,0.0,0.0,0.0,0.8106047055941605,0.0,1.05e-08
6801.0,0.8087303081352264,0.0,0.403298028,0.0,0.0,0.0,0.8087303081352264,0.0,0.0,0.0,0.0,0.0,0.0,0.0,0.0,0.0,0.7451436825382172,0.0,1.05e-08
6802.0,0.8537543460168099,0.0,0.396244111,0.0,0.0,0.0,0.8537543460168099,0.0,0.0,0.0,0.0,0.0,0.0,0.0,0.0,0.0,0.6729414850880747,0.0,1.05e-08
6803.0,0.9060075835506441,0.0,0.390701944,0.0,0.0,0.0,0.9060075835506441,0.0,0.0,0.0,0.0,0.0,0.0,0.0,0.0,0.0,0.599334735869654,0.0,1.05e-08
6804.0,0.9376438974316731,0.0,0.376683533,0.0,0.0,0.0,0.9376438974316731,0.0,0.0,0.0,0.0,0.0,0.0,0.0,0.0,0.0,0.5136866422844343,0.0,1.05e-08
6805.0,0.9667876792051131,0.015285238,0.335397513,0.0,0.0,0.030002401593380672,0.9367852776117326,0.0,0.0,0.0,0.0,0.0,0.0,0.0,0.0,3.469446951953614e-18,0.35547363714611036,0.0,1.05e-08
6806.0,0.9921840974147383,0.241023712,0.338786725,0.0,0.0,0.473089800822946,0.5190942965917923,0.0,0.0,0.0,0.0,0.0,0.0,0.0,0.0,0.0,0.7862229720632791,0.0,1.05e-08
6807.0,1.00729346730404,0.475595006,0.341749657,0.0,0.0,0.9335145691430052,0.07377889816103467,0.0,0.0,0.0,0.0,0.0,0.0,0.0,0.0,0.0,1.242954302760718,0.0,1.05e-08
6808.0,1.0178396190479189,0.588961029,0.325321837,0.0,0.0,1.0178396190479189,0.0,0.0,0.0,0.0,0.0,0.0,0.0,0.0,0.0,0.13819375870574935,1.253438167350537,0.0,1e-08
6809.0,1.0269253696772138,0.608598511,0.313518778,0.0,0.0,1.0269253696772138,0.0,0.0,0.0,0.0,0.0,0.0,0.0,0.0,0.0,0.16765314693832756,1.207961955920899,0.0,1e-08
6810.0,1.0323965204803836,0.601579604,0.309250182,0.0,0.0,1.0323965204803836,0.0,0.0,0.0,0.0,0.0,0.0,0.0,0.0,0.0,0.14840503914171177,1.191515408106158,0.0,1e-08
6811.0,1.0327434192788625,0.592507687,0.309884197,0.0,0.0,1.0327434192788625,0.0,0.0,0.0,0.0,0.0,0.0,0.0,0.0,0.0,0.13025146326984882,1.1939582155334156,0.0,1e-08
6812.0,1.0325100120626018,0.588323098,0.308249488,0.0,0.0,1.0325100120626018,0.0,0.0,0.0,0.0,0.0,0.0,0.0,0.0,0.0,0.12227121233559579,1.1876598167784886,0.0,1e-08
6813.0,1.030056024265955,0.565408061,0.30299991,0.0,0.0,1.030056024265955,0.0,0.0,0.0,0.0,0.0,0.0,0.0,0.0,0.0,0.07974676128809888,1.167433626343926,0.0,1e-08
6814.0,1.0210773411670548,0.511181784,0.28877681,0.0,0.0,1.003365545946277,0.017711795220777954,0.0,0.0,0.0,0.0,0.0,0.0,0.0,0.0,0.0,1.0949214016086566,0.0,1.05e-08
6815.0,1.018203648651261,0.37587219,0.282934985,0.0,0.0,0.7377751260506041,0.28042852260065676,0.0,0.0,0.0,0.0,0.0,0.0,0.0,0.0,0.0,0.8096966050210458,0.0,1.05e-08
6816.0,1.0122549766625306,0.14039226,0.299083303,0.0,0.0,0.2755668551004776,0.736688121562053,0.0,0.0,0.0,0.0,0.0,0.0,0.0,0.0,-5.551115123125783e-17,0.4156551415108941,0.0,1.05e-08
6817.0,0.9848735264393875,0.000541583,0.30783069,0.0,0.0,0.0010630381196647305,0.983810488319723,0.0,0.0,0.0,0.0,0.0,0.0,0.0,0.0,0.0,0.20223573435622755,0.0,1.05e-08
6818.0,0.9426054067901639,0.0,0.296161567,0.0,0.0,0.0,0.9426054067901639,0.0,0.0,0.0,0.0,0.0,0.0,0.0,0.0,0.0,0.19848064880143568,0.0,1.05e-08
6819.0,0.8872729070821778,0.0,0.288443668,0.0,0.0,0.0,0.8872729070821778,0.0,0.0,0.0,0.0,0.0,0.0,0.0,0.0,0.0,0.22407672113778931,0.0,1.05e-08
6820.0,0.833148129117044,0.0,0.288788997,0.0,0.0,0.0,0.833148129117044,0.0,0.0,0.0,0.0,0.0,0.0,0.0,0.0,0.0,0.27953202321678083,0.0,1.05e-08
6821.0,0.7900213278740548,0.0,0.290810991,0.0,0.0,0.0,0.7900213278740548,0.0,0.0,0.0,0.0,0.0,0.0,0.0,0.0,0.0,0.33044940033111503,0.0,1.05e-08
6822.0,0.7596077251901334,0.0,0.288859605,0.0,0.0,0.0,0.7596077251901334,0.0,0.0,0.0,0.0,0.0,0.0,0.0,0.0,0.0,0.3533444739356819,0.0,1.05e-08
6823.0,0.74174457841908,0.0,0.288270436,0.0,0.0,0.0,0.74174457841908,0.0,0.0,0.0,0.0,0.0,0.0,0.0,0.0,0.0,0.36893760121333197,0.0,1.05e-08
6824.0,0.7373869299320154,0.0,0.287686661,0.0,0.0,0.0,0.7373869299320154,0.0,0.0,0.0,0.0,0.0,0.0,0.0,0.0,0.0,0.3710460128434653,0.0,1.05e-08
6825.0,0.7532928822474535,0.0,0.2811312,0.0,0.0,0.0,0.7532928822474535,0.0,0.0,0.0,0.0,0.0,0.0,0.0,0.0,0.0,0.3298824107564936,0.0,1.05e-08
6826.0,0.7951948309427271,0.0,0.272240124,0.0,0.0,0.0,0.7951948309427271,0.0,0.0,0.0,0.0,0.0,0.0,0.0,0.0,0.0,0.2537238806094978,0.0,1.05e-08
6827.0,0.8455294183318882,0.0,0.267272127,0.0,0.0,0.0,0.8455294183318882,0.0,0.0,0.0,0.0,0.0,0.0,0.0,0.0,0.0,0.18424801112102607,0.0,1.05e-08
6828.0,0.8757224619031965,0.0,0.259757916,0.0,0.0,0.0,0.8757224619031964,0.0,0.0,0.0,0.0,0.0,0.0,0.0,0.0,0.0,0.12510333321806588,0.0,1.05e-08
6829.0,0.9007377197046166,0.007712026,0.230871145,0.0,0.0,0.015137435292181462,0.8856002844124351,0.0,0.0,0.0,0.0,0.0,0.0,0.0,0.0,1.734723475976807e-18,0.0039271680066906844,0.0,1.05e-08
6830.0,0.9198535565812881,0.197743197,0.171067505,0.0,0.0,0.38813728701855926,0.5317162695627288,0.0,0.0,0.0,0.0,0.0,0.0,0.0,0.0,0.0,0.12739269753814508,0.0,1.05e-08
6831.0,0.9300378200724329,0.53071714,0.168180352,0.0,0.0,0.9300378200724329,0.0,0.0,0.0,0.0,0.0,0.0,0.0,0.0,0.0,0.11167240823872837,0.647985005062074,0.0,1e-08
6832.0,0.9379758067758966,0.62390479,0.199545576,0.0,0.0,0.9379758067758966,0.0,0.0,0.0,0.0,0.0,0.0,0.0,0.0,0.0,0.28664641144627534,0.7688326224604077,0.0,1e-08
6833.0,0.946650418088476,0.640925985,0.206994824,0.0,0.0,0.946650418088476,0.0,0.0,0.0,0.0,0.0,0.0,0.0,0.0,0.0,0.3113815990513995,0.797533959718809,0.0,1e-08
6834.0,0.9531965268968087,0.641442582,0.21063617,0.0,0.0,0.9531965268968087,0.0,0.0,0.0,0.0,0.0,0.0,0.0,0.0,0.0,0.3058494849650292,0.8115637650925234,0.0,1e-08
6835.0,0.9581430468010442,0.637183303,0.217814953,0.0,0.0,0.9581430468010442,0.0,0.0,0.0,0.0,0.0,0.0,0.0,0.0,0.0,0.2925427027569779,0.8392230230455244,0.0,1e-08
6836.0,0.9631109802113588,0.64308017,0.220950915,0.0,0.0,0.9631109802113588,0.0,0.0,0.0,0.0,0.0,0.0,0.0,0.0,0.0,0.29914934684926753,0.8513056256104452,0.0,1e-08
6837.0,0.9625927733642484,0.640432567,0.210180853,0.0,0.0,0.9625927733642484,0.0,0.0,0.0,0.0,0.0,0.0,0.0,0.0,0.0,0.2944707456083496,0.8098094662993454,0.0,1e-08
6838.0,0.9575948610454234,0.605211171,0.189972968,0.0,0.0,0.9575948610454234,0.0,0.0,0.0,0.0,0.0,0.0,0.0,0.0,0.0,0.23033486573686057,0.7319501545051899,0.0,1e-08
6839.0,0.956894639396642,0.453401216,0.212421503,0.0,0.0,0.8899518192231705,0.06694282017347156,0.0,0.0,0.0,0.0,0.0,0.0,0.0,0.0,0.0,0.7514996855048872,0.0,1.05e-08
6840.0,0.948230734837102,0.14371847,0.281260929,0.0,0.0,0.28209565682433163,0.6661350780127703,0.0,0.0,0.0,0.0,0.0,0.0,0.0,0.0,-5.551115123125783e-17,0.4175400501129495,0.0,1.05e-08
6841.0,0.925219781204671,0.000384834,0.331810097,0.0,0.0,0.0007553656812400996,0.924464415523431,0.0,0.0,0.0,0.0,0.0,0.0,0.0,0.0,1.0842021724855044e-19,0.3539724816962413,0.0,1.05e-08
6842.0,0.8904977810976664,0.0,0.366326235,0.0,0.0,0.0,0.8904977810976664,0.0,0.0,0.0,0.0,0.0,0.0,0.0,0.0,0.0,0.5209269449062697,0.0,1.05e-08
6843.0,0.8458506209230724,0.0,0.401053103,0.0,0.0,0.0,0.8458506209230724,0.0,0.0,0.0,0.0,0.0,0.0,0.0,0.0,0.0,0.6993738591494602,0.0,1.05e-08
6844.0,0.8037431025694408,0.0,0.420610537,0.0,0.0,0.0,0.8037431025694408,0.0,0.0,0.0,0.0,0.0,0.0,0.0,0.0,0.0,0.8168345553195537,0.0,1.05e-08
6845.0,0.769290912639031,0.0,0.428448934,0.0,0.0,0.0,0.769290912639031,0.0,0.0,0.0,0.0,0.0,0.0,0.0,0.0,0.0,0.8814874414628215,0.0,1.05e-08
6846.0,0.7437531652892848,0.0,0.434889599,0.0,0.0,0.0,0.7437531652892848,0.0,0.0,0.0,0.0,0.0,0.0,0.0,0.0,0.0,0.9318405390779076,0.0,1.05e-08
6847.0,0.725472455149692,0.0,0.43831698,0.0,0.0,0.0,0.725472455149692,0.0,0.0,0.0,0.0,0.0,0.0,0.0,0.0,0.0,0.9633266651190835,0.0,1.05e-08
6848.0,0.7179862934244938,0.0,0.435517249,0.0,0.0,0.0,0.7179862934244938,0.0,0.0,0.0,0.0,0.0,0.0,0.0,0.0,0.0,0.9600256945506862,0.0,1.05e-08
6849.0,0.7216437202627771,0.0,0.424215698,0.0,0.0,0.0,0.7216437202627771,0.0,0.0,0.0,0.0,0.0,0.0,0.0,0.0,0.0,0.9128243251837044,0.0,1.05e-08
6850.0,0.7351791974552764,0.0,0.413512834,0.0,0.0,0.0,0.7351791974552764,0.0,0.0,0.0,0.0,0.0,0.0,0.0,0.0,0.0,0.8580515970237514,0.0,1.05e-08
6851.0,0.7597490543302544,0.0,0.410358486,0.0,0.0,0.0,0.7597490543302544,0.0,0.0,0.0,0.0,0.0,0.0,0.0,0.0,0.0,0.8213282978444815,0.0,1.05e-08
6852.0,0.7897472349962443,0.0,0.409595213,0.0,0.0,0.0,0.7897472349962443,0.0,0.0,0.0,0.0,0.0,0.0,0.0,0.0,0.0,0.7883892893535579,0.0,1.05e-08
6853.0,0.825255110776346,0.006708279,0.371869789,0.0,0.0,0.013167245453321834,0.8120878653230241,0.0,0.0,0.0,0.0,0.0,0.0,0.0,0.0,0.0,0.6206957163619362,0.0,1.05e-08
6854.0,0.8518613920794313,0.249779978,0.318694834,0.0,0.0,0.4902769070355195,0.3615844850439119,0.0,0.0,0.0,0.0,0.0,0.0,0.0,0.0,0.0,0.8663203871182468,0.0,1.05e-08
6855.0,0.8687609310769324,0.618824273,0.372188477,0.0,0.0,0.8687609310769324,0.0,0.0,0.0,0.0,0.0,0.0,0.0,0.0,0.0,0.34588907007305547,1.4340114602262852,0.0,1e-08
6856.0,0.8785083590440669,0.695551564,0.418146064,0.0,0.0,0.8785083590440669,0.0,0.0,0.0,0.0,0.0,0.0,0.0,0.0,0.0,0.48674466168299146,1.6110822469780912,0.0,1e-08
6857.0,0.8832664400948077,0.688679932,0.426975925,0.0,0.0,0.8832664400948077,0.0,0.0,0.0,0.0,0.0,0.0,0.0,0.0,0.0,0.4684987001775319,1.645102972090989,0.0,1e-08
6858.0,0.8853692463917598,0.672288596,0.424710191,0.0,0.0,0.8853692463917598,0.0,0.0,0.0,0.0,0.0,0.0,0.0,0.0,0.0,0.4342224043134538,1.6363732861318392,0.0,1e-08
6859.0,0.8868532023630306,0.658910041,0.417094965,0.0,0.0,0.8868532023630306,0.0,0.0,0.0,0.0,0.0,0.0,0.0,0.0,0.0,0.40647855105768327,1.607032449348724,0.0,1e-08
6860.0,0.8921145008066266,0.661523305,0.407418915,0.0,0.0,0.8921145008066266,0.0,0.0,0.0,0.0,0.0,0.0,0.0,0.0,0.0,0.40634665890776256,1.569751427911506,0.0,1e-08
6861.0,0.8960010521599545,0.662907073,0.397496406,0.0,0.0,0.8960010521599545,0.0,0.0,0.0,0.0,0.0,0.0,0.0,0.0,0.0,0.4051762159492184,1.531520820304064,0.0,1e-08
6862.0,0.898703436627117,0.629651861,0.392404646,0.0,0.0,0.898703436627117,0.0,0.0,0.0,0.0,0.0,0.0,0.0,0.0,0.0,0.3371993342516556,1.5119026895882068,0.0,1e-08
6863.0,0.9060782481207047,0.476272802,0.425598869,0.0,0.0,0.9060782481207047,0.0,0.0,0.0,0.0,0.0,0.0,0.0,0.0,0.0,0.028766722798863498,1.639797289063695,0.0,1e-08
6864.0,0.904613564304905,0.133516318,0.485163903,0.0,0.0,0.262070514826496,0.6425430494784089,0.0,0.0,0.0,0.0,0.0,0.0,0.0,0.0,5.551115123125783e-17,1.22675339569368,0.0,1.05e-08
6865.0,0.8888425170777643,0.000292848,0.478294141,0.0,0.0,0.0005748123321219038,0.8882677047456423,0.0,0.0,0.0,0.0,0.0,0.0,0.0,0.0,0.0,0.9545601148622352,0.0,1.05e-08
6866.0,0.8609814043184528,0.0,0.446469114,0.0,0.0,0.0,0.8609814043184528,0.0,0.0,0.0,0.0,0.0,0.0,0.0,0.0,0.0,0.8592272149104433,0.0,1.05e-08
6867.0,0.8234777897717938,0.0,0.430889078,0.0,0.0,0.0,0.8234777897717938,0.0,0.0,0.0,0.0,0.0,0.0,0.0,0.0,0.0,0.8367022376134645,0.0,1.05e-08
6868.0,0.7855202088962612,0.0,0.423659871,0.0,0.0,0.0,0.7855202088962613,0.0,0.0,0.0,0.0,0.0,0.0,0.0,0.0,0.0,0.8468062810288676,0.0,1.05e-08
6869.0,0.754920308709453,0.0,0.4144514,0.0,0.0,0.0,0.754920308709453,0.0,0.0,0.0,0.0,0.0,0.0,0.0,0.0,0.0,0.8419267030448313,0.0,1.05e-08
6870.0,0.7297872766245989,0.0,0.398934761,0.0,0.0,0.0,0.7297872766245989,0.0,0.0,0.0,0.0,0.0,0.0,0.0,0.0,0.0,0.8072754066906455,0.0,1.05e-08
6871.0,0.7139648369828686,0.0,0.383731399,0.0,0.0,0.0,0.7139648369828686,0.0,0.0,0.0,0.0,0.0,0.0,0.0,0.0,0.0,0.7645205482985924,0.0,1.05e-08
6872.0,0.7064444136479441,0.0,0.372187234,0.0,0.0,0.0,0.7064444136479441,0.0,0.0,0.0,0.0,0.0,0.0,0.0,0.0,0.0,0.727562257402009,0.0,1.05e-08
6873.0,0.706810584601894,0.0,0.351905515,0.0,0.0,0.0,0.706810584601894,0.0,0.0,0.0,0.0,0.0,0.0,0.0,0.0,0.0,0.6490522983503711,0.0,1.05e-08
6874.0,0.7157892677007944,0.0,0.33579744,0.0,0.0,0.0,0.7157892677007944,0.0,0.0,0.0,0.0,0.0,0.0,0.0,0.0,0.0,0.5780105327552749,0.0,1.05e-08
6875.0,0.7344447141967687,0.0,0.331007575,0.0,0.0,0.0,0.7344447141967687,0.0,0.0,0.0,0.0,0.0,0.0,0.0,0.0,0.0,0.5409001320428197,0.0,1.05e-08
6876.0,0.7623143923585117,0.0,0.325284666,0.0,0.0,0.0,0.7623143923585117,0.0,0.0,0.0,0.0,0.0,0.0,0.0,0.0,0.0,0.4909805581992387,0.0,1.05e-08
6877.0,0.7991306333600368,0.010786026,0.294336075,0.0,0.0,0.02117119037653489,0.7779594429835018,0.0,0.0,0.0,0.0,0.0,0.0,0.0,0.0,0.0,0.35609314271227543,0.0,1.05e-08
6878.0,0.8297198267938054,0.23296015,0.304003086,0.0,0.0,0.4572623583325429,0.3724574684612625,0.0,0.0,0.0,0.0,0.0,0.0,0.0,0.0,0.0,0.7988413121513271,0.0,1.05e-08
6879.0,0.8552918357532779,0.619682354,0.346746466,0.0,0.0,0.8552918357532779,0.0,0.0,0.0,0.0,0.0,0.0,0.0,0.0,0.0,0.36104243689851123,1.3359854932772781,0.0,1e-08
6880.0,0.8757031897477254,0.695823303,0.348235665,0.0,0.0,0.8757031897477254,0.0,0.0,0.0,0.0,0.0,0.0,0.0,0.0,0.0,0.4900832098254184,1.341723254020896,0.0,1e-08
6881.0,0.8903457452045059,0.700715825,0.341468141,0.0,0.0,0.8903457452045059,0.0,0.0,0.0,0.0,0.0,0.0,0.0,0.0,0.0,0.4850438682569954,1.315648543026132,0.0,1e-08
6882.0,0.9013886902894164,0.682089356,0.338927509,0.0,0.0,0.9013886902894164,0.0,0.0,0.0,0.0,0.0,0.0,0.0,0.0,0.0,0.43744023610887717,1.3058596977787342,0.0,1e-08
6883.0,0.9109797996621745,0.672062082,0.344876584,0.0,0.0,0.9109797996621745,0.0,0.0,0.0,0.0,0.0,0.0,0.0,0.0,0.0,0.40816724141415905,1.3287809923779372,0.0,1e-08
6884.0,0.9228214685238294,0.682537651,0.35859977,0.0,0.0,0.9228214685238293,0.0,0.0,0.0,0.0,0.0,0.0,0.0,0.0,0.0,0.4168873870337161,1.3816552945418294,0.0,1e-08
6885.0,0.9350978315588868,0.691479993,0.368253042,0.0,0.0,0.9350978315588868,0.0,0.0,0.0,0.0,0.0,0.0,0.0,0.0,0.0,0.4221633667145098,1.4188485542264422,0.0,1e-08
6886.0,0.9455947322387842,0.669100537,0.371548498,0.0,0.0,0.9455947322387842,0.0,0.0,0.0,0.0,0.0,0.0,0.0,0.0,0.0,0.36773928437388925,1.4315456739996357,0.0,1e-08
6887.0,0.9594385639188202,0.516164333,0.363111481,0.0,0.0,0.9594385639188202,0.0,0.0,0.0,0.0,0.0,0.0,0.0,0.0,0.0,0.05370690407097978,1.3990385443709987,0.0,1e-08
6888.0,0.9585477620659363,0.142575279,0.378006404,0.0,0.0,0.2798517614083794,0.6786960006575569,0.0,0.0,0.0,0.0,0.0,0.0,0.0,0.0,0.0,0.7777314517563636,0.0,1.05e-08
6889.0,0.9360742874360867,0.00022725,0.393631092,0.0,0.0,0.0004460542755105127,0.9356282331605762,0.0,0.0,0.0,0.0,0.0,0.0,0.0,0.0,0.0,0.5809998515648603,0.0,1.05e-08
6890.0,0.8973608097959673,0.0,0.40107102,0.0,0.0,0.0,0.8973608097959673,0.0,0.0,0.0,0.0,0.0,0.0,0.0,0.0,0.0,0.6479327029976745,0.0,1.05e-08
6891.0,0.8482724884606008,0.0,0.422079807,0.0,0.0,0.0,0.8482724884606009,0.0,0.0,0.0,0.0,0.0,0.0,0.0,0.0,0.0,0.7779661453810872,0.0,1.05e-08
6892.0,0.8050000753762747,0.0,0.451729581,0.0,0.0,0.0,0.8050000753762746,0.0,0.0,0.0,0.0,0.0,0.0,0.0,0.0,0.0,0.9354766887047851,0.0,1.05e-08
6893.0,0.7718091409539146,0.0,0.475724977,0.0,0.0,0.0,0.7718091409539146,0.0,0.0,0.0,0.0,0.0,0.0,0.0,0.0,0.0,1.0611199019672228,0.0,1.05e-08
6894.0,0.7499952023112963,0.0,0.485075617,0.0,0.0,0.0,0.7499952023112963,0.0,0.0,0.0,0.0,0.0,0.0,0.0,0.0,0.0,1.118961084194952,0.0,1.05e-08
6895.0,0.738750970269244,0.0,0.485983759,0.0,0.0,0.0,0.738750970269244,0.0,0.0,0.0,0.0,0.0,0.0,0.0,0.0,0.0,1.133704312353192,0.0,1.05e-08
6896.0,0.7408173736058619,0.0,0.487126675,0.0,0.0,0.0,0.7408173736058619,0.0,0.0,0.0,0.0,0.0,0.0,0.0,0.0,0.0,1.1360414699631318,0.0,1.05e-08
6897.0,0.764961101709869,0.0,0.488742016,0.0,0.0,0.0,0.764961101709869,0.0,0.0,0.0,0.0,0.0,0.0,0.0,0.0,0.0,1.1181215173097907,0.0,1.05e-08
6898.0,0.8167025564484165,0.0,0.496782562,0.0,0.0,0.0,0.8167025564484165,0.0,0.0,0.0,0.0,0.0,0.0,0.0,0.0,0.0,1.0973596221841986,0.0,1.05e-08
6899.0,0.873628221008676,0.0,0.507289666,0.0,0.0,0.0,0.873628221008676,0.0,0.0,0.0,0.0,0.0,0.0,0.0,0.0,0.0,1.0809169614805834,0.0,1.05e-08
6900.0,0.9109369726500166,0.0,0.514186839,0.0,0.0,0.0,0.9109369726500166,0.0,0.0,0.0,0.0,0.0,0.0,0.0,0.0,0.0,1.0701824477223871,0.0,1.05e-08
6901.0,0.9424597949488271,0.007528579,0.476368482,0.0,0.0,0.014777359082370342,0.9276824358664568,0.0,0.0,0.0,0.0,0.0,0.0,0.0,0.0,0.0,0.9077259786680929,0.0,1.05e-08
6902.0,0.968126023335047,0.247966702,0.467247072,0.0,0.0,0.4867177452644278,0.4814082780706192,0.0,0.0,0.0,0.0,0.0,0.0,0.0,0.0,0.0,1.3188560971351078,0.0,1.05e-08
6903.0,0.9824816378103698,0.6670612,0.4751447,0.0,0.0,0.9824816378103698,0.0,0.0,0.0,0.0,0.0,0.0,0.0,0.0,0.0,0.3268494965666302,1.8306932835692817,0.0,1e-08
6904.0,0.991685162723099,0.717048713,0.489645055,0.0,0.0,0.991685162723099,0.0,0.0,0.0,0.0,0.0,0.0,0.0,0.0,0.0,0.4157632165198516,1.88656195369834,0.0,1e-08
6905.0,0.9983747420221605,0.716919692,0.482057556,0.0,0.0,0.9983747420221605,0.0,0.0,0.0,0.0,0.0,0.0,0.0,0.0,0.0,0.40882039027390094,1.8573279467560577,0.0,1e-08
6906.0,1.0008287298188072,0.700131919,0.471491457,0.0,0.0,1.0008287298188072,0.0,0.0,0.0,0.0,0.0,0.0,0.0,0.0,0.0,0.3734147724532719,1.8166176400372243,0.0,1e-08
6907.0,0.9994197211188128,0.686131507,0.461236631,0.0,0.0,0.9994197211188128,0.0,0.0,0.0,0.0,0.0,0.0,0.0,0.0,0.0,0.3473432811246252,1.7771066424771722,0.0,1e-08
6908.0,1.0010407235289889,0.689264949,0.454145394,0.0,0.0,1.0010407235289889,0.0,0.0,0.0,0.0,0.0,0.0,0.0,0.0,0.0,0.3518727086425646,1.7497846920311333,0.0,1e-08
6909.0,1.0032249011490408,0.691560698,0.45194557,0.0,0.0,1.0032249011490408,0.0,0.0,0.0,0.0,0.0,0.0,0.0,0.0,0.0,0.3541947077307588,1.7413089518580145,0.0,1e-08
6910.0,1.0078223809041897,0.660329152,0.444817545,0.0,0.0,1.0078223809041897,0.0,0.0,0.0,0.0,0.0,0.0,0.0,0.0,0.0,0.28829485339209726,1.7138452602865544,0.0,1e-08
6911.0,1.0216062547672047,0.495953025,0.482075349,0.0,0.0,0.9734740033162693,0.04813225145093542,0.0,0.0,0.0,0.0,0.0,0.0,0.0,0.0,0.0,1.8092642502644736,0.0,1.05e-08
6912.0,1.0184370558675213,0.142038281,0.518331175,0.0,0.0,0.27879772288762866,0.7396393329798927,0.0,0.0,0.0,0.0,0.0,0.0,0.0,0.0,5.551115123125783e-17,1.2574478716907562,0.0,1.05e-08
6913.0,0.9924046565273514,0.000182647,0.542912482,0.0,0.0,0.00035850594173451536,0.992046150585617,0.0,0.0,0.0,0.0,0.0,0.0,0.0,0.0,0.0,1.0997507996136142,0.0,1.05e-08
6914.0,0.9472971059720602,0.0,0.555776155,0.0,0.0,0.0,0.9472971059720602,0.0,0.0,0.0,0.0,0.0,0.0,0.0,0.0,0.0,1.1940625137952656,0.0,1.05e-08
6915.0,0.8917783087611872,0.0,0.557563294,0.0,0.0,0.0,0.8917783087611872,0.0,0.0,0.0,0.0,0.0,0.0,0.0,0.0,0.0,1.256467009960804,0.0,1.05e-08
6916.0,0.8427863482031758,0.0,0.550402907,0.0,0.0,0.0,0.8427863482031758,0.0,0.0,0.0,0.0,0.0,0.0,0.0,0.0,0.0,1.2778705908343597,0.0,1.05e-08
6917.0,0.805884453177335,0.0,0.544862735,0.0,0.0,0.0,0.805884453177335,0.0,0.0,0.0,0.0,0.0,0.0,0.0,0.0,0.0,1.2934266607458333,0.0,1.05e-08
6918.0,0.7802696172057046,0.0,0.540422886,0.0,0.0,0.0,0.7802696172057045,0.0,0.0,0.0,0.0,0.0,0.0,0.0,0.0,0.0,1.3019351252387081,0.0,1.05e-08
6919.0,0.7672801844182183,0.0,0.538542656,0.0,0.0,0.0,0.7672801844182184,0.0,0.0,0.0,0.0,0.0,0.0,0.0,0.0,0.0,1.3076801871375667,0.0,1.05e-08
6920.0,0.7670275050464869,0.0,0.53407724,0.0,0.0,0.0,0.7670275050464869,0.0,0.0,0.0,0.0,0.0,0.0,0.0,0.0,0.0,1.2907279874913007,0.0,1.05e-08
6921.0,0.7877836164888053,0.0,0.524995263,0.0,0.0,0.0,0.7877836164888053,0.0,0.0,0.0,0.0,0.0,0.0,0.0,0.0,0.0,1.2349797688121118,0.0,1.05e-08
6922.0,0.8399040902849502,0.0,0.515073053,0.0,0.0,0.0,0.8399040902849502,0.0,0.0,0.0,0.0,0.0,0.0,0.0,0.0,0.0,1.1446298394308283,0.0,1.05e-08
6923.0,0.8955385204286495,0.0,0.508164337,0.0,0.0,0.0,0.8955385204286495,0.0,0.0,0.0,0.0,0.0,0.0,0.0,0.0,0.0,1.0623766971784017,0.0,1.05e-08
6924.0,0.9254638951739709,0.0,0.497165069,0.0,0.0,0.0,0.9254638951739709,0.0,0.0,0.0,0.0,0.0,0.0,0.0,0.0,0.0,0.9900720513357104,0.0,1.05e-08
6925.0,0.9471493527801155,0.005483343,0.431433188,0.0,0.0,0.010762898082467068,0.9363864546976485,0.0,0.0,0.0,0.0,0.0,0.0,0.0,0.0,1.734723475976807e-18,0.7258899835757519,0.0,1.05e-08
6926.0,0.9616248828894802,0.21051212,0.331756335,0.0,0.0,0.41320057721796305,0.5484243056715171,0.0,0.0,0.0,0.0,0.0,0.0,0.0,0.0,5.551115123125783e-17,0.7298054510027353,0.0,1.05e-08
6927.0,0.9673722679210682,0.592915761,0.327547225,0.0,0.0,0.9673722679210682,0.0,0.0,0.0,0.0,0.0,0.0,0.0,0.0,0.0,0.19642359659650854,1.262012403504146,0.0,1e-08
6928.0,0.969826255717715,0.661827958,0.363665528,0.0,0.0,0.969826255717715,0.0,0.0,0.0,0.0,0.0,0.0,0.0,0.0,0.0,0.3292328875971017,1.4011732416993743,0.0,1e-08
6929.0,0.975171066835019,0.654178756,0.382655267,0.0,0.0,0.975171066835019,0.0,0.0,0.0,0.0,0.0,0.0,0.0,0.0,0.0,0.3088739543396718,1.4743391375707449,0.0,1e-08
6930.0,0.977963388027713,0.639623555,0.385584267,0.0,0.0,0.977963388027713,0.0,0.0,0.0,0.0,0.0,0.0,0.0,0.0,0.0,0.27751217379839743,1.4856243326441074,0.0,1e-08
6931.0,0.9784045062529392,0.626712974,0.386882046,0.0,0.0,0.9784045062529392,0.0,0.0,0.0,0.0,0.0,0.0,0.0,0.0,0.0,0.25172971407977296,1.4906245679384447,0.0,1e-08
6932.0,0.9788392004263418,0.627318173,0.388796522,0.0,0.0,0.9788392004263418,0.0,0.0,0.0,0.0,0.0,0.0,0.0,0.0,0.0,0.25248292574348663,1.4980008858364546,0.0,1e-08
6933.0,0.9822782095026198,0.623232972,0.390798551,0.0,0.0,0.9822782095026198,0.0,0.0,0.0,0.0,0.0,0.0,0.0,0.0,0.0,0.24102534077119186,1.5057145382118489,0.0,1e-08
6934.0,0.9898671560569968,0.593772882,0.398166555,0.0,0.0,0.9898671560569968,0.0,0.0,0.0,0.0,0.0,0.0,0.0,0.0,0.0,0.17561109564068922,1.5341028490487614,0.0,1e-08
6935.0,1.004683160913017,0.431464392,0.441628055,0.0,0.0,0.8468934511865517,0.15778970972646522,0.0,0.0,0.0,0.0,0.0,0.0,0.0,0.0,-1.1102230246251565e-16,1.543766709032421,0.0,1.05e-08
6936.0,1.0029443842194068,0.125845003,0.462933677,0.0,0.0,0.2470129885138979,0.7559313957055088,0.0,0.0,0.0,0.0,0.0,0.0,0.0,0.0,2.7755575615628914e-17,1.0277138248387407,0.0,1.05e-08
6937.0,0.9782032192957971,0.000135004,0.46031836,0.0,0.0,0.0002649905892674203,0.9779382287065297,0.0,0.0,0.0,0.0,0.0,0.0,0.0,0.0,0.0,0.7956303914540799,0.0,1.05e-08
6938.0,0.9325796032440032,0.0,0.445791846,0.0,0.0,0.0,0.9325796032440032,0.0,0.0,0.0,0.0,0.0,0.0,0.0,0.0,0.0,0.7850195583212034,0.0,1.05e-08
6939.0,0.8818510073429897,0.0,0.436081537,0.0,0.0,0.0,0.8818510073429897,0.0,0.0,0.0,0.0,0.0,0.0,0.0,0.0,0.0,0.7983351356876898,0.0,1.05e-08
6940.0,0.8374158408785771,0.0,0.431652999,0.0,0.0,0.0,0.8374158408785771,0.0,0.0,0.0,0.0,0.0,0.0,0.0,0.0,0.0,0.8257075110220921,0.0,1.05e-08
6941.0,0.7995267832224972,0.0,0.424398452,0.0,0.0,0.0,0.7995267832224972,0.0,0.0,0.0,0.0,0.0,0.0,0.0,0.0,0.0,0.8356453982910507,0.0,1.05e-08
6942.0,0.7748348693628692,0.0,0.424176478,0.0,0.0,0.0,0.7748348693628692,0.0,0.0,0.0,0.0,0.0,0.0,0.0,0.0,0.0,0.8594820646630671,0.0,1.05e-08
6943.0,0.7607040967013753,0.0,0.427038321,0.0,0.0,0.0,0.7607040967013753,0.0,0.0,0.0,0.0,0.0,0.0,0.0,0.0,0.0,0.884639282023891,0.0,1.05e-08
6944.0,0.7602351409182464,0.0,0.429056805,0.0,0.0,0.0,0.7602351409182465,0.0,0.0,0.0,0.0,0.0,0.0,0.0,0.0,0.0,0.8928852899382801,0.0,1.05e-08
6945.0,0.7820854825211989,0.0,0.421370937,0.0,0.0,0.0,0.782085482521199,0.0,0.0,0.0,0.0,0.0,0.0,0.0,0.0,0.0,0.8414219337610304,0.0,1.05e-08
6946.0,0.8367263259828351,0.0,0.409549735,0.0,0.0,0.0,0.836726325982835,0.0,0.0,0.0,0.0,0.0,0.0,0.0,0.0,0.0,0.7412349753893139,0.0,1.05e-08
6947.0,0.8933821803665,0.0,0.397875014,0.0,0.0,0.0,0.8933821803665,0.0,0.0,0.0,0.0,0.0,0.0,0.0,0.0,0.0,0.639597385289676,0.0,1.05e-08
6948.0,0.9191083665697408,0.0,0.375684521,0.0,0.0,0.0,0.9191083665697408,0.0,0.0,0.0,0.0,0.0,0.0,0.0,0.0,0.0,0.528373062425769,0.0,1.05e-08
6949.0,0.9370057749505206,0.002713265,0.308146671,0.0,0.0,0.005325691766085946,0.9316800831844347,0.0,0.0,0.0,0.0,0.0,0.0,0.0,0.0,0.0,0.2555835881854305,0.0,1.05e-08
6950.0,0.9468881080059524,0.166524691,0.260958471,0.0,0.0,0.3268605078046953,0.6200276002012571,0.0,0.0,0.0,0.0,0.0,0.0,0.0,0.0,0.0,0.38542383417275417,0.0,1.05e-08
6951.0,0.9495005557475833,0.523165666,0.252741429,0.0,0.0,0.9495005557475833,0.0,0.0,0.0,0.0,0.0,0.0,0.0,0.0,0.0,0.07738737437169019,0.9737918502510973,0.0,1e-08
6952.0,0.9503292584328383,0.617553384,0.256076771,0.0,0.0,0.9503292584328383,0.0,0.0,0.0,0.0,0.0,0.0,0.0,0.0,0.0,0.26182619718513955,0.9866426474878264,0.0,1e-08
6953.0,0.9537853983139796,0.620273912,0.257480431,0.0,0.0,0.9537853983139796,0.0,0.0,0.0,0.0,0.0,0.0,0.0,0.0,0.0,0.2637100051413849,0.9920508335297099,0.0,1e-08
6954.0,0.9560852088668579,0.606427752,0.251784848,0.0,0.0,0.9560852088668579,0.0,0.0,0.0,0.0,0.0,0.0,0.0,0.0,0.0,0.23423246579905577,0.9701062226688261,0.0,1e-08
6955.0,0.9571280466129024,0.593266723,0.245536765,0.0,0.0,0.9571280466129025,0.0,0.0,0.0,0.0,0.0,0.0,0.0,0.0,0.0,0.20735669843555093,0.9460328749427892,0.0,1e-08
6956.0,0.9604471400551384,0.591622233,0.240003655,0.0,0.0,0.9604471400551384,0.0,0.0,0.0,0.0,0.0,0.0,0.0,0.0,0.0,0.20080974230669568,0.9247142591311218,0.0,1e-08
6957.0,0.9634471722567982,0.588780498,0.23762188,0.0,0.0,0.9634471722567982,0.0,0.0,0.0,0.0,0.0,0.0,0.0,0.0,0.0,0.19223185291419786,0.9155374767836112,0.0,1e-08
6958.0,0.9694814982698441,0.559444926,0.24323494,0.0,0.0,0.9694814982698441,0.0,0.0,0.0,0.0,0.0,0.0,0.0,0.0,0.0,0.12861663662547995,0.9371641333416478,0.0,1e-08
6959.0,0.9866015963799581,0.431288,0.296290705,0.0,0.0,0.846547222778341,0.14005437360161707,0.0,0.0,0.0,0.0,0.0,0.0,0.0,0.0,1.1102230246251565e-16,1.00152924003757,0.0,1.05e-08
6960.0,0.9857985899019979,0.13083637,0.348539898,0.0,0.0,0.25681021883729543,0.7289883710647025,0.0,0.0,0.0,0.0,0.0,0.0,0.0,0.0,0.0,0.613907067576458,0.0,1.05e-08
6961.0,0.9622887015779275,0.00010071,0.386949469,0.0,0.0,0.00019767712249356978,0.9620910244554339,0.0,0.0,0.0,0.0,0.0,0.0,0.0,0.0,2.710505431213761e-20,0.5287933187330727,0.0,1.05e-08
6962.0,0.9187550437194383,0.0,0.416060054,0.0,0.0,0.0,0.9187550437194383,0.0,0.0,0.0,0.0,0.0,0.0,0.0,0.0,0.0,0.6842899790268382,0.0,1.05e-08
6963.0,0.8689215323725245,0.0,0.448015425,0.0,0.0,0.0,0.8689215323725245,0.0,0.0,0.0,0.0,0.0,0.0,0.0,0.0,0.0,0.8572448954187092,0.0,1.05e-08
6964.0,0.8238139818172332,0.0,0.464496185,0.0,0.0,0.0,0.8238139818172332,0.0,0.0,0.0,0.0,0.0,0.0,0.0,0.0,0.0,0.9658514529925302,0.0,1.05e-08
6965.0,0.7889249563628129,0.0,0.460762524,0.0,0.0,0.0,0.7889249563628129,0.0,0.0,0.0,0.0,0.0,0.0,0.0,0.0,0.0,0.986354991003179,0.0,1.05e-08
6966.0,0.7651473992127558,0.0,0.452459099,0.0,0.0,0.0,0.7651473992127558,0.0,0.0,0.0,0.0,0.0,0.0,0.0,0.0,0.0,0.9781401374662995,0.0,1.05e-08
6967.0,0.7523806668884905,0.0,0.445249644,0.0,0.0,0.0,0.7523806668884905,0.0,0.0,0.0,0.0,0.0,0.0,0.0,0.0,0.0,0.9631294351549793,0.0,1.05e-08
6968.0,0.7519523967669117,0.0,0.439087564,0.0,0.0,0.0,0.7519523967669117,0.0,0.0,0.0,0.0,0.0,0.0,0.0,0.0,0.0,0.9398157200059307,0.0,1.05e-08
6969.0,0.7732524112636353,0.0,0.426572077,0.0,0.0,0.0,0.7732524112636353,0.0,0.0,0.0,0.0,0.0,0.0,0.0,0.0,0.0,0.8702945678399904,0.0,1.05e-08
6970.0,0.8280988243836295,0.0,0.418603327,0.0,0.0,0.0,0.8280988243836295,0.0,0.0,0.0,0.0,0.0,0.0,0.0,0.0,0.0,0.7847452191649061,0.0,1.05e-08
6971.0,0.8838317566552918,0.0,0.420541152,0.0,0.0,0.0,0.8838317566552918,0.0,0.0,0.0,0.0,0.0,0.0,0.0,0.0,0.0,0.736478566559696,0.0,1.05e-08
6972.0,0.9109648102079192,0.0,0.421982879,0.0,0.0,0.0,0.9109648102079192,0.0,0.0,0.0,0.0,0.0,0.0,0.0,0.0,0.0,0.7149003680557316,0.0,1.05e-08
6973.0,0.9272883258918967,0.002281966,0.383834103,0.0,0.0,0.004479122952121551,0.9228092029397752,0.0,0.0,0.0,0.0,0.0,0.0,0.0,0.0,8.673617379884035e-19,0.5560718923706427,0.0,1.05e-08
6974.0,0.9366931377617681,0.15003881,0.245073043,0.0,0.0,0.29450144199344097,0.6421916957683271,0.0,0.0,0.0,0.0,0.0,0.0,0.0,0.0,5.551115123125783e-17,0.302054496610512,0.0,1.05e-08
6975.0,0.9365175470119207,0.500528751,0.199214373,0.0,0.0,0.9365175470119207,0.0,0.0,0.0,0.0,0.0,0.0,0.0,0.0,0.0,0.0459378518857112,0.7675565246577847,0.0,1e-08
6976.0,0.9340956794743924,0.592313007,0.243372615,0.0,0.0,0.9340956794743924,0.0,0.0,0.0,0.0,0.0,0.0,0.0,0.0,0.0,0.22851707833787716,0.9376945837451047,0.0,1e-08
6977.0,0.934125658382903,0.597979573,0.27220092,0.0,0.0,0.934125658382903,0.0,0.0,0.0,0.0,0.0,0.0,0.0,0.0,0.0,0.23960963404658342,1.0487676617783581,0.0,1e-08
6978.0,0.9347744876170948,0.583047969,0.287708502,0.0,0.0,0.9347744876170948,0.0,0.0,0.0,0.0,0.0,0.0,0.0,0.0,0.0,0.2096525284452634,1.108517094344479,0.0,1e-08
6979.0,0.9365753634783339,0.570614051,0.297363645,0.0,0.0,0.9365753634783338,0.0,0.0,0.0,0.0,0.0,0.0,0.0,0.0,0.0,0.18344592195587417,1.145717562837553,0.0,1e-08
6980.0,0.9408280857856117,0.571769436,0.303438054,0.0,0.0,0.9408280857856117,0.0,0.0,0.0,0.0,0.0,0.0,0.0,0.0,0.0,0.181461029875706,1.1691217589865426,0.0,1e-08
6981.0,0.9455026541626448,0.571378888,0.310637589,0.0,0.0,0.9455026541626448,0.0,0.0,0.0,0.0,0.0,0.0,0.0,0.0,0.0,0.17601988017769576,1.1968609726814905,0.0,1e-08
6982.0,0.952905303214135,0.554776654,0.346100996,0.0,0.0,0.952905303214135,0.0,0.0,0.0,0.0,0.0,0.0,0.0,0.0,0.0,0.13602978356305484,1.3334985506811692,0.0,1e-08
6983.0,0.9731132289008326,0.428667307,0.405582894,0.0,0.0,0.8414032345827394,0.13170999431809327,0.0,0.0,0.0,0.0,0.0,0.0,0.0,0.0,1.1102230246251565e-16,1.4309673963302545,0.0,1.05e-08
6984.0,0.9769141262298449,0.11904317,0.459579561,0.0,0.0,0.23366211198602774,0.7432520142438171,0.0,0.0,0.0,0.0,0.0,0.0,0.0,0.0,0.0,1.0274700743923795,0.0,1.05e-08
6985.0,0.9570852196007446,9.68e-05,0.495850937,0.0,0.0,0.00019000243726916447,0.9568952171634754,0.0,0.0,0.0,0.0,0.0,0.0,0.0,0.0,2.710505431213761e-20,0.9535774872935777,0.0,1.05e-08
6986.0,0.9167635876540967,0.0,0.516347251,0.0,0.0,0.0,0.9167635876540967,0.0,0.0,0.0,0.0,0.0,0.0,0.0,0.0,0.0,1.0726797217107393,0.0,1.05e-08
6987.0,0.8681570702055063,0.0,0.538384703,0.0,0.0,0.0,0.8681570702055063,0.0,0.0,0.0,0.0,0.0,0.0,0.0,0.0,0.0,1.2061947214877242,0.0,1.05e-08
6988.0,0.8252444040233065,0.0,0.547401179,0.0,0.0,0.0,0.8252444040233063,0.0,0.0,0.0,0.0,0.0,0.0,0.0,0.0,0.0,1.2838471249639811,0.0,1.05e-08
6989.0,0.7896808531273996,0.0,0.544151906,0.0,0.0,0.0,0.7896808531273996,0.0,0.0,0.0,0.0,0.0,0.0,0.0,0.0,0.0,1.3068914953711173,0.0,1.05e-08
6990.0,0.7663936652665502,0.0,0.534095432,0.0,0.0,0.0,0.7663936652665502,0.0,0.0,0.0,0.0,0.0,0.0,0.0,0.0,0.0,1.2914319195446327,0.0,1.05e-08
6991.0,0.7537768274848375,0.0,0.513400877,0.0,0.0,0.0,0.7537768274848375,0.0,0.0,0.0,0.0,0.0,0.0,0.0,0.0,0.0,1.2243143462196762,0.0,1.05e-08
6992.0,0.7540766165699427,0.0,0.492272823,0.0,0.0,0.0,0.7540766165699427,0.0,0.0,0.0,0.0,0.0,0.0,0.0,0.0,0.0,1.1426099101866218,0.0,1.05e-08
6993.0,0.7742973903602877,0.0,0.474264234,0.0,0.0,0.0,0.7742973903602878,0.0,0.0,0.0,0.0,0.0,0.0,0.0,0.0,0.0,1.0530035304348515,0.0,1.05e-08
6994.0,0.8287433709166057,0.0,0.464272741,0.0,0.0,0.0,0.8287433709166057,0.0,0.0,0.0,0.0,0.0,0.0,0.0,0.0,0.0,0.9600611526169636,0.0,1.05e-08
6995.0,0.8824334547083369,0.0,0.46215991,0.0,0.0,0.0,0.8824334547083369,0.0,0.0,0.0,0.0,0.0,0.0,0.0,0.0,0.0,0.8982305054957521,0.0,1.05e-08
6996.0,0.9089497992858908,0.0,0.457569712,0.0,0.0,0.0,0.9089497992858908,0.0,0.0,0.0,0.0,0.0,0.0,0.0,0.0,0.0,0.8540285071608205,0.0,1.05e-08
6997.0,0.9239863632545239,0.001654883,0.42108197,0.0,0.0,0.0032482624317696977,0.9207381008227543,0.0,0.0,0.0,0.0,0.0,0.0,0.0,0.0,0.0,0.701655949476285,0.0,1.05e-08
6998.0,0.9328108691096558,0.18819335,0.340305528,0.0,0.0,0.36939251216786073,0.5634183569417952,0.0,0.0,0.0,0.0,0.0,0.0,0.0,0.0,0.0,0.7477507342236924,0.0,1.05e-08
6999.0,0.9335539177705952,0.612665604,0.385038131,0.0,0.0,0.9335539177705953,0.0,0.0,0.0,0.0,0.0,0.0,0.0,0.0,0.0,0.2690076317230491,1.4835201157453073,0.0,1e-08
7000.0,0.9340849727213529,0.679815966,0.438438721,0.0,0.0,0.9340849727213529,0.0,0.0,0.0,0.0,0.0,0.0,0.0,0.0,0.0,0.4002816639986002,1.689268178286333,0.0,1e-08
7001.0,0.9371578108436811,0.664146246,0.449480388,0.0,0.0,0.9371578108436811,0.0,0.0,0.0,0.0,0.0,0.0,0.0,0.0,0.0,0.36645174951960513,1.7318108092286726,0.0,1e-08
7002.0,0.9401771152008119,0.645879933,0.450511866,0.0,0.0,0.9401771152008119,0.0,0.0,0.0,0.0,0.0,0.0,0.0,0.0,0.0,0.3275786849360133,1.7357850087656757,0.0,1e-08
7003.0,0.9406353642309013,0.63427847,0.44985204,0.0,0.0,0.9406353642309013,0.0,0.0,0.0,0.0,0.0,0.0,0.0,0.0,0.0,0.3043486771674111,1.7332427536873292,0.0,1e-08
7004.0,0.9451900169738923,0.639382805,0.446728814,0.0,0.0,0.9451900169738923,0.0,0.0,0.0,0.0,0.0,0.0,0.0,0.0,0.0,0.3098129923029149,1.721209221878453,0.0,1e-08
7005.0,0.9476782663802653,0.647930476,0.44383061,0.0,0.0,0.9476782663802653,0.0,0.0,0.0,0.0,0.0,0.0,0.0,0.0,0.0,0.3241024115223162,1.7100426812494327,0.0,1e-08
7006.0,0.9503057035761515,0.644743421,0.447087505,0.0,0.0,0.9503057035761515,0.0,0.0,0.0,0.0,0.0,0.0,0.0,0.0,0.0,0.31521931092032607,1.7225912286746494,0.0,1e-08
7007.0,0.9563550190434525,0.475503176,0.482328616,0.0,0.0,0.9333343219961621,0.023020697047290404,0.0,0.0,0.0,0.0,0.0,0.0,0.0,0.0,0.0,1.835351621500022,0.0,1.05e-08
7008.0,0.9489223910834518,0.110537065,0.522937974,0.0,0.0,0.2169660305638436,0.7319563605196081,0.0,0.0,0.0,0.0,0.0,0.0,0.0,0.0,0.0,1.2828804601902255,0.0,1.05e-08
7009.0,0.9279778407876387,6.13e-05,0.547108222,0.0,0.0,0.00012032179136983247,0.9278575189962688,0.0,0.0,0.0,0.0,0.0,0.0,0.0,0.0,0.0,1.1801052708673907,0.0,1.05e-08
7010.0,0.8936883935034288,0.0,0.552273448,0.0,0.0,0.0,0.8936883935034287,0.0,0.0,0.0,0.0,0.0,0.0,0.0,0.0,0.0,1.2341755855060166,0.0,1.05e-08
7011.0,0.8515166346315605,0.0,0.552290591,0.0,0.0,0.0,0.8515166346315605,0.0,0.0,0.0,0.0,0.0,0.0,0.0,0.0,0.0,1.2764133949409242,0.0,1.05e-08
7012.0,0.809953019332334,0.0,0.551052941,0.0,0.0,0.0,0.809953019332334,0.0,0.0,0.0,0.0,0.0,0.0,0.0,0.0,0.0,1.3132084470163377,0.0,1.05e-08
7013.0,0.7744965359668218,0.0,0.550037402,0.0,0.0,0.0,0.7744965359668218,0.0,0.0,0.0,0.0,0.0,0.0,0.0,0.0,0.0,1.344752142495333,0.0,1.05e-08
7014.0,0.7465818894423131,0.0,0.551142802,0.0,0.0,0.0,0.7465818894423131,0.0,0.0,0.0,0.0,0.0,0.0,0.0,0.0,0.0,1.3769258039171088,0.0,1.05e-08
7015.0,0.7289864114972464,0.0,0.549032678,0.0,0.0,0.0,0.7289864114972464,0.0,0.0,0.0,0.0,0.0,0.0,0.0,0.0,0.0,1.3863911483801052,0.0,1.05e-08
7016.0,0.7216651337688561,0.0,0.540267679,0.0,0.0,0.0,0.7216651337688561,0.0,0.0,0.0,0.0,0.0,0.0,0.0,0.0,0.0,1.3599416089241902,0.0,1.05e-08
7017.0,0.7266651874382891,0.0,0.522986239,0.0,0.0,0.0,0.7266651874382891,0.0,0.0,0.0,0.0,0.0,0.0,0.0,0.0,0.0,1.2883575943299999,0.0,1.05e-08
7018.0,0.7419351586231826,0.0,0.517550756,0.0,0.0,0.0,0.7419351586231826,0.0,0.0,0.0,0.0,0.0,0.0,0.0,0.0,0.0,1.2521451561007408,0.0,1.05e-08
7019.0,0.7677962499147208,0.0,0.517830725,0.0,0.0,0.0,0.7677962499147208,0.0,0.0,0.0,0.0,0.0,0.0,0.0,0.0,0.0,1.227362762241601,0.0,1.05e-08
7020.0,0.7991884498264499,0.0,0.516891458,0.0,0.0,0.0,0.7991884498264499,0.0,0.0,0.0,0.0,0.0,0.0,0.0,0.0,0.0,1.192351644159516,0.0,1.05e-08
7021.0,0.8328333505776835,0.00207043,0.462786997,0.0,0.0,0.0040639126673057465,0.8287694379103777,0.0,0.0,0.0,0.0,0.0,0.0,0.0,0.0,0.0,0.954310636709201,0.0,1.05e-08
7022.0,0.8591612563017428,0.21859372,0.377080142,0.0,0.0,0.42906342532782343,0.43009783097391935,0.0,0.0,0.0,0.0,0.0,0.0,0.0,0.0,0.0,1.0227608104604713,0.0,1.05e-08
7023.0,0.8742706261910442,0.616667971,0.371180966,0.0,0.0,0.8742706261910442,0.0,0.0,0.0,0.0,0.0,0.0,0.0,0.0,0.0,0.33614690971629524,1.4301296035606794,0.0,1e-08
7024.0,0.8815490769072766,0.69187525,0.403123893,0.0,0.0,0.8815490769072766,0.0,0.0,0.0,0.0,0.0,0.0,0.0,0.0,0.0,0.47648794567756336,1.5532030629014737,0.0,1e-08
7025.0,0.881337083197095,0.675484299,0.400158506,0.0,0.0,0.8813370831970949,0.0,0.0,0.0,0.0,0.0,0.0,0.0,0.0,0.0,0.4445272055121309,1.5417776717225684,0.0,1e-08
7026.0,0.8785105003946747,0.653548365,0.392540787,0.0,0.0,0.8785105003946747,0.0,0.0,0.0,0.0,0.0,0.0,0.0,0.0,0.0,0.4042971672011675,1.5124272296163677,0.0,1e-08
7027.0,0.8765790021463542,0.64036751,0.38509877,0.0,0.0,0.8765790021463542,0.0,0.0,0.0,0.0,0.0,0.0,0.0,0.0,0.0,0.38035682066341936,1.4837537528037072,0.0,1e-08
7028.0,0.8776047090875355,0.646050712,0.378749329,0.0,0.0,0.8776047090875355,0.0,0.0,0.0,0.0,0.0,0.0,0.0,0.0,0.0,0.3904863020641075,1.4592898810755381,0.0,1e-08
7029.0,0.8815255220505898,0.657962657,0.370876999,0.0,0.0,0.8815255220505898,0.0,0.0,0.0,0.0,0.0,0.0,0.0,0.0,0.0,0.4099466728057666,1.4289584438164442,0.0,1e-08
7030.0,0.8889881289191011,0.637524817,0.357057875,0.0,0.0,0.8889881289191011,0.0,0.0,0.0,0.0,0.0,0.0,0.0,0.0,0.0,0.3623679563038129,1.3757145004627438,0.0,1e-08
7031.0,0.9025278888128161,0.460368565,0.419333441,0.0,0.0,0.9025278888128161,0.0,0.0,0.0,0.0,0.0,0.0,0.0,0.0,0.0,0.0010996875519336813,1.6156571124853032,0.0,1e-08
7032.0,0.903420832016308,0.102294236,0.515815108,0.0,0.0,0.2007867165143296,0.7026341155019784,0.0,0.0,0.0,0.0,0.0,0.0,0.0,0.0,2.7755575615628914e-17,1.2847588908372771,0.0,1.05e-08
7033.0,0.888626240666367,4.76e-05,0.567470515,0.0,0.0,9.343095055797758e-05,0.888532809715809,0.0,0.0,0.0,0.0,0.0,0.0,0.0,0.0,0.0,1.2978842132123674,0.0,1.05e-08
7034.0,0.8602426383587293,0.0,0.57836809,0.0,0.0,0.0,0.8602426383587293,0.0,0.0,0.0,0.0,0.0,0.0,0.0,0.0,0.0,1.3681618409373546,0.0,1.05e-08
7035.0,0.8242658067954989,0.0,0.581128946,0.0,0.0,0.0,0.8242658067954989,0.0,0.0,0.0,0.0,0.0,0.0,0.0,0.0,0.0,1.414776022630139,0.0,1.05e-08
7036.0,0.7903510958676705,0.0,0.580635977,0.0,0.0,0.0,0.7903510958676705,0.0,0.0,0.0,0.0,0.0,0.0,0.0,0.0,0.0,1.4467913647187323,0.0,1.05e-08
7037.0,0.7599310691319254,0.0,0.577706331,0.0,0.0,0.0,0.7599310691319254,0.0,0.0,0.0,0.0,0.0,0.0,0.0,0.0,0.0,1.4659237073964722,0.0,1.05e-08
7038.0,0.7381620988520731,0.0,0.567464778,0.0,0.0,0.0,0.7381620988520731,0.0,0.0,0.0,0.0,0.0,0.0,0.0,0.0,0.0,1.448232819888962,0.0,1.05e-08
7039.0,0.7258129298963472,0.0,0.551908605,0.0,0.0,0.0,0.7258129298963472,0.0,0.0,0.0,0.0,0.0,0.0,0.0,0.0,0.0,1.4006453391690383,0.0,1.05e-08
7040.0,0.7209477813152115,0.0,0.533213783,0.0,0.0,0.0,0.7209477813152115,0.0,0.0,0.0,0.0,0.0,0.0,0.0,0.0,0.0,1.3334808827205413,0.0,1.05e-08
7041.0,0.7246566005680843,0.0,0.502999993,0.0,0.0,0.0,0.7246566005680843,0.0,0.0,0.0,0.0,0.0,0.0,0.0,0.0,0.0,1.213360826166331,0.0,1.05e-08
7042.0,0.7360485858020814,0.0,0.477893041,0.0,0.0,0.0,0.7360485858020814,0.0,0.0,0.0,0.0,0.0,0.0,0.0,0.0,0.0,1.1052338286354564,0.0,1.05e-08
7043.0,0.759292946650773,0.0,0.460869418,0.0,0.0,0.0,0.759292946650773,0.0,0.0,0.0,0.0,0.0,0.0,0.0,0.0,0.0,1.0163988544680944,0.0,1.05e-08
7044.0,0.7903082688555126,0.0,0.446477344,0.0,0.0,0.0,0.7903082688555126,0.0,0.0,0.0,0.0,0.0,0.0,0.0,0.0,0.0,0.9299320598836099,0.0,1.05e-08
7045.0,0.818878168666037,0.005124968,0.386985781,0.0,0.0,0.010059467055025572,0.8088187016110114,0.0,0.0,0.0,0.0,0.0,0.0,0.0,0.0,0.0,0.6822055487142326,0.0,1.05e-08
7046.0,0.8342359352258543,0.205483255,0.250614854,0.0,0.0,0.40332974450414494,0.43090619072170927,0.0,0.0,0.0,0.0,0.0,0.0,0.0,0.0,5.551115123125783e-17,0.5346921417031207,0.0,1.05e-08
7047.0,0.8393280669714266,0.519998537,0.252185102,0.0,0.0,0.8393280669714266,0.0,0.0,0.0,0.0,0.0,0.0,0.0,0.0,0.0,0.18134331119386082,0.9716483682710431,0.0,1e-08
7048.0,0.8423794915876759,0.616916253,0.274034612,0.0,0.0,0.8423794915876759,0.0,0.0,0.0,0.0,0.0,0.0,0.0,0.0,0.0,0.3685253809429079,1.055832725596885,0.0,1e-08
7049.0,0.8425058312735416,0.619543175,0.253924663,0.0,0.0,0.8425058312735416,0.0,0.0,0.0,0.0,0.0,0.0,0.0,0.0,0.0,0.3735552559524553,0.9783507531215088,0.0,1e-08
7050.0,0.8403023814980185,0.598435005,0.237906023,0.0,0.0,0.8403023814980185,0.0,0.0,0.0,0.0,0.0,0.0,0.0,0.0,0.0,0.334326848844798,0.9166322562932494,0.0,1e-08
7051.0,0.8398955248825186,0.579889035,0.223885942,0.0,0.0,0.8398955248825187,0.0,0.0,0.0,0.0,0.0,0.0,0.0,0.0,0.0,0.29833102465946315,0.8626140422169958,0.0,1e-08
7052.0,0.8467628362820353,0.57363757,0.212126282,0.0,0.0,0.8467628362820353,0.0,0.0,0.0,0.0,0.0,0.0,0.0,0.0,0.0,0.27919311835805727,0.8173050435497301,0.0,1e-08
7053.0,0.8614674909064448,0.561356971,0.198632164,0.0,0.0,0.8614674909064448,0.0,0.0,0.0,0.0,0.0,0.0,0.0,0.0,0.0,0.2403836730195439,0.7653133214695063,0.0,1e-08
7054.0,0.880244994387069,0.51332464,0.229447426,0.0,0.0,0.9931485251563088,0.0,0.0,0.11290353076923973,0.0,0.0,0.0,0.0,0.0,0.0,0.01442309375191897,0.8840419807070559,0.0,1e-08
7055.0,0.9088341663530645,0.362616538,0.315402712,0.0,0.0,0.7117564670878781,0.1970776992651864,0.0,0.0,0.0,0.10161317769231576,0.0,0.0,0.0,0.0,0.0,1.0181428987504002,0.0,1.05e-08
7056.0,0.9210077445589431,0.09141064,0.389779113,0.0,0.0,0.17942401231750185,0.7415837322414413,0.0,0.0,0.0,0.1016117935480932,0.0,0.0,0.0,0.0,0.0,0.7602029955589366,0.0,1.05e-08
7057.0,0.907185326384986,3.42e-05,0.431918353,0.0,0.0,6.712896027484944e-05,0.9071181974247111,0.0,0.0,0.0,0.10161040942272503,0.0,0.0,0.0,0.0,0.0,0.7570275415205117,0.0,1.05e-08
7058.0,0.875591839516115,0.0,0.443955091,0.0,0.0,0.0,0.875591839516115,0.0,0.0,0.0,0.10160902531621101,0.0,0.0,0.0,0.0,0.0,0.8349304567445598,0.0,1.05e-08
7059.0,0.8345485724146068,0.0,0.450650007,0.0,0.0,0.0,0.8345485724146068,0.0,0.0,0.0,0.10160764122855087,0.0,0.0,0.0,0.0,0.0,0.9017686822140355,0.0,1.05e-08
7060.0,0.7967301793285874,0.0,0.448679123,0.0,0.0,0.0,0.7967301793285874,0.0,0.0,0.0,0.10160625715974435,0.0,0.0,0.0,0.0,0.0,0.9319934220371769,0.0,1.05e-08
7061.0,0.7690789189288495,0.0,0.436311217,0.0,0.0,0.0,0.7690789189288495,0.0,0.0,0.0,0.1016048731097912,0.0,0.0,0.0,0.0,0.0,0.9119921621709489,0.0,1.05e-08
7062.0,0.7538753296128007,0.0,0.418412219,0.0,0.0,0.0,0.7538753296128007,0.0,0.0,0.0,0.10160348907869116,0.0,0.0,0.0,0.0,0.0,0.8582323905966838,0.0,1.05e-08
7063.0,0.7475883242280233,0.0,0.398804041,0.0,0.0,0.0,0.7475883242280233,0.0,0.0,0.0,0.10160210506644399,0.0,0.0,0.0,0.0,0.0,0.7889707057243017,0.0,1.05e-08
7064.0,0.7546826187919768,0.0,0.381273328,0.0,0.0,0.0,0.7546826187919768,0.0,0.0,0.0,0.1016007210730494,0.0,0.0,0.0,0.0,0.0,0.7143320219557951,0.0,1.05e-08
7065.0,0.7838199765135931,0.0,0.356344937,0.0,0.0,0.0,0.7838199765135931,0.0,0.0,0.0,0.10159933709850717,0.0,0.0,0.0,0.0,0.0,0.5891476327216962,0.0,1.05e-08
7066.0,0.846726433321701,0.0,0.331831314,0.0,0.0,0.0,0.846726433321701,0.0,0.0,0.0,0.10159795314281701,0.0,0.0,0.0,0.0,0.0,0.43179221124651024,0.0,1.05e-08
7067.0,0.9101853585866457,0.0,0.315177053,0.0,0.0,0.0,0.9101853585866457,0.0,0.0,0.0,0.1015965692059787,0.0,0.0,0.0,0.0,0.0,0.3041657939406992,0.0,1.05e-08
7068.0,0.9365753634783339,0.0,0.30186848,0.0,0.0,0.0,0.9365753634783338,0.0,0.0,0.0,0.10159518528799194,0.0,0.0,0.0,0.0,0.0,0.2264989565283253,0.0,1.05e-08
7069.0,0.94547695795535,0.002139382,0.244923141,0.0,0.0,0.004199254072828303,0.9412777038825217,0.0,0.0,0.0,0.1015938013888565,0.0,0.0,0.0,0.0,0.0,0.002390928471774134,0.0,1.05e-08
7070.0,0.9444726645202477,0.176149447,0.129026725,0.0,0.0,0.3457523166695817,0.4971293142035274,0.0,0.0,0.10159103364713855,0.10159241750857213,0.0,0.0,0.0,0.0,5.551115123125783e-17,0.0,0.0,1.1113533027077317e-08
7071.0,0.9363291081584261,0.469207367,0.100555312,0.0,0.0,0.9209766871347866,0.015352421023639404,0.0,0.0,0.0,0.0,0.0,0.0,0.0,0.0,0.0,0.3720788905444231,0.0,1.05e-08
7072.0,0.9271876824133257,0.584916865,0.128042885,0.0,0.0,0.9271876824133257,0.0,0.0,0.0,0.0,0.0,0.0,0.0,0.0,0.0,0.22090766830815,0.493338659945768,0.0,1e-08
7073.0,0.9215602130157797,0.5878784,0.145603604,0.0,0.0,0.957575805577419,0.0,0.0,0.03601559256163922,0.0,0.0,0.0,0.0,0.0,0.0,0.1963325499793661,0.5609986597899154,0.0,1e-08
7074.0,0.9185815943201989,0.557277712,0.156221772,0.0,0.0,1.0938442511961106,0.0,0.0,0.17526265687591175,0.0,0.0324140333054753,0.0,0.0,0.0,0.0,0.0,0.6019095840650053,0.0,1.0000136218855531e-08
7075.0,0.9148170999515209,0.532490127,0.167838439,0.0,0.0,1.0451903094190798,0.0,0.0,0.13037320946755884,0.0,0.1901499829595584,0.0,0.0,0.0,0.0,2.220446049250313e-16,0.6466676425140649,0.0,1.000027243956662e-08
7076.0,0.919652269624146,0.515664224,0.177029322,0.0,0.0,1.0121638364928967,0.0,0.0,0.09251156686875062,0.0,0.3074832813143385,0.0,0.0,0.0,0.0,0.0,0.6820793555736256,0.0,1.0000408662133296e-08
7077.0,0.9272390748279151,0.482369072,0.185071178,0.0,0.0,0.9468109436287716,0.0,0.0,0.019571868800856446,0.0,0.390739503051201,0.0,0.0,0.0,0.0,0.0,0.7130639625083791,0.0,1.0000544886555574e-08
7078.0,0.9428645102137191,0.432349719,0.228046357,0.0,0.0,0.848631202093372,0.09423330812034716,0.0,0.0,0.0,0.4083488624356831,0.0,0.0,0.0,0.0,0.0,0.7844104694538164,0.0,1.05e-08
7079.0,0.9673701265704604,0.309762089,0.316791189,0.0,0.0,0.6080118996238414,0.359358226946619,0.0,0.0,0.0,0.4083433000299837,0.0,0.0,0.0,0.0,1.1102230246251565e-16,0.8612120582659214,0.0,1.05e-08
7080.0,0.9671602742108867,0.088184334,0.435772549,0.0,0.0,0.17309130567105424,0.7940689685398326,0.0,0.0,0.0,0.4083377377000537,0.0,0.0,0.0,0.0,0.0,0.8849266692483313,0.0,1.05e-08
7081.0,0.9470679814570154,2.61e-05,0.500347373,0.0,0.0,5.1229995999227206e-05,0.9470167514610162,0.0,0.0,0.0,0.40833217544589206,0.0,0.0,0.0,0.0,0.0,0.9807803495118752,0.0,1.05e-08
7082.0,0.9059925940963889,0.0,0.511723816,0.0,0.0,0.0,0.9059925940963889,0.0,0.0,0.0,0.4083266132674978,0.0,0.0,0.0,0.0,0.0,1.0656370020953463,0.0,1.05e-08
7083.0,0.8546173103117912,0.0,0.503502565,0.0,0.0,0.0,0.8546173103117912,0.0,0.0,0.0,0.4083210511648699,0.0,0.0,0.0,0.0,0.0,1.0853364848276805,0.0,1.05e-08
7084.0,0.8108823654961601,0.0,0.485782815,0.0,0.0,0.0,0.8108823654961601,0.0,0.0,0.0,0.40831548913800725,0.0,0.0,0.0,0.0,0.0,1.060798696491649,0.0,1.05e-08
7085.0,0.7805694062908097,0.0,0.460457841,0.0,0.0,0.0,0.7805694062908097,0.0,0.0,0.0,0.4083099271869089,0.0,0.0,0.0,0.0,0.0,0.9935366226420865,0.0,1.05e-08
7086.0,0.7580616700512338,0.0,0.429178937,0.0,0.0,0.0,0.7580616700512338,0.0,0.0,0.0,0.4083043653115737,0.0,0.0,0.0,0.0,0.0,0.8955293253135549,0.0,1.05e-08
7087.0,0.746521931625292,0.0,0.396803861,0.0,0.0,0.0,0.746521931625292,0.0,0.0,0.0,0.4082988035120008,0.0,0.0,0.0,0.0,0.0,0.7823305699959171,0.0,1.05e-08
7088.0,0.7501065525429069,0.0,0.361744685,0.0,0.0,0.0,0.750106552542907,0.0,0.0,0.0,0.40829324178818904,0.0,0.0,0.0,0.0,0.0,0.6436658397333522,0.0,1.05e-08
7089.0,0.773016862696767,0.0,0.323853104,0.0,0.0,0.0,0.773016862696767,0.0,0.0,0.0,0.4082876801401374,0.0,0.0,0.0,0.0,0.0,0.4747623977177219,0.0,1.05e-08
7090.0,0.8303151222627999,0.0,0.29606377,0.0,0.0,0.0,0.8303151222627999,0.0,0.0,0.0,0.40828211856784485,0.0,0.0,0.0,0.0,0.0,0.31039412956553913,0.0,1.05e-08
7091.0,0.8878467890450934,0.0,0.277318184,0.0,0.0,0.0,0.8878467890450934,0.0,0.0,0.0,0.4082765570713104,0.0,0.0,0.0,0.0,0.0,0.18063726825456783,0.0,1.05e-08
7092.0,0.914654357305321,0.0,0.256282272,0.0,0.0,0.0,0.914654357305321,0.0,0.0,0.0,0.4082709956505329,0.0,0.0,0.0,0.0,0.0,0.07278006856173758,0.0,1.05e-08
7093.0,0.9264039480908364,0.002073236,0.200167414,0.0,0.0,0.004069420382584437,0.7712285129124492,0.0,0.0,0.15110601479580277,0.4082654343055115,0.0,0.0,0.0,0.0,0.0,0.0,0.0,1.1114138588550456e-08
7094.0,0.9287958367198542,0.078891629,0.134130626,0.0,0.0,0.15485125816254855,0.5167942231895742,0.0,0.0,0.25715035536773145,0.25715385824044223,0.0,0.0,0.0,0.0,0.0,0.0,0.0,1.1114289984074332e-08
7095.0,0.9259200028534523,0.3530222,0.105577509,0.0,0.0,0.6929243637409344,0.23299563911251794,0.0,0.0,0.0,0.0,0.0,0.0,0.0,0.0,0.0,0.17378578267809744,0.0,1.05e-08
7096.0,0.9214767003420719,0.485110289,0.123915024,0.0,0.0,0.9214767003420719,0.0,0.0,0.0,0.0,0.0,0.0,0.0,0.0,0.0,0.03071480021938222,0.47743435246173715,0.0,1e-08
7097.0,0.9200162992274881,0.513287371,0.150123453,0.0,0.0,0.9200162992274881,0.0,0.0,0.0,0.0,0.0,0.0,0.0,0.0,0.0,0.087482166779556,0.5784132646609101,0.0,1e-08
7098.0,0.9188728180028725,0.499472548,0.165337044,0.0,0.0,0.9188728180028725,0.0,0.0,0.0,0.0,0.0,0.0,0.0,0.0,0.0,0.06150942857811681,0.6370299741868084,0.0,1e-08
7099.0,0.9176672376106281,0.482164729,0.175551566,0.0,0.0,0.9176672376106281,0.0,0.0,0.0,0.0,0.0,0.0,0.0,0.0,0.0,0.02874261440617154,0.6763856837638502,0.0,1e-08
7100.0,0.9208814048730772,0.463854381,0.185456058,0.0,0.0,0.910469658346897,0.010411746526180298,0.0,0.0,0.0,0.0,0.0,0.0,0.0,0.0,0.0,0.7041351268322623,0.0,1.05e-08
7101.0,0.926311870014697,0.434213661,0.201395725,0.0,0.0,0.8522898128674252,0.07402205714727172,0.0,0.0,0.0,0.0,0.0,0.0,0.0,0.0,-1.1102230246251565e-16,0.7019390365933638,0.0,1.05e-08
7102.0,0.9389629694061359,0.383486367,0.236584715,0.0,0.0,0.752720499891501,0.18624246951463488,0.0,0.0,0.0,0.0,0.0,0.0,0.0,0.0,-1.1102230246251565e-16,0.7252988961907023,0.0,1.05e-08
7103.0,0.9612437224812751,0.264740869,0.328936384,0.0,0.0,0.519642668954097,0.4416010535271781,0.0,0.0,0.0,0.0,0.0,0.0,0.0,0.0,0.0,0.8257636648635904,0.0,1.05e-08
7104.0,0.9619503681818802,0.074474968,0.423136355,0.0,0.0,0.14618208094569252,0.8157682872361877,0.0,0.0,0.0,0.0,0.0,0.0,0.0,0.0,-2.7755575615628914e-17,0.8145411387817966,0.0,1.05e-08
7105.0,0.9413034656205642,9.66e-06,0.4580313,0.0,0.0,1.8960987025001338e-05,0.9412845046335392,0.0,0.0,0.0,0.0,0.0,0.0,0.0,0.0,-3.3881317890172014e-21,0.8234722622513839,0.0,1.05e-08
7106.0,0.8998319283974773,0.0,0.464097488,0.0,0.0,0.0,0.8998319283974773,0.0,0.0,0.0,0.0,0.0,0.0,0.0,0.0,0.0,0.8882973598024656,0.0,1.05e-08
7107.0,0.8542896836687834,0.0,0.464281031,0.0,0.0,0.0,0.8542896836687834,0.0,0.0,0.0,0.0,0.0,0.0,0.0,0.0,0.0,0.9345467805500567,0.0,1.05e-08
7108.0,0.8117560365441809,0.0,0.459460353,0.0,0.0,0.0,0.8117560365441809,0.0,0.0,0.0,0.0,0.0,0.0,0.0,0.0,0.0,0.9585067535142398,0.0,1.05e-08
7109.0,0.778824205545376,0.0,0.44692152,0.0,0.0,0.0,0.778824205545376,0.0,0.0,0.0,0.0,0.0,0.0,0.0,0.0,0.0,0.9431274966341379,0.0,1.05e-08
7110.0,0.7582865118650627,0.0,0.425429823,0.0,0.0,0.0,0.7582865118650628,0.0,0.0,0.0,0.0,0.0,0.0,0.0,0.0,0.0,0.8808594569233261,0.0,1.05e-08
7111.0,0.7494341684520281,0.0,0.402875202,0.0,0.0,0.0,0.7494341684520281,0.0,0.0,0.0,0.0,0.0,0.0,0.0,0.0,0.0,0.8028107085675781,0.0,1.05e-08
7112.0,0.7520444748430511,0.0,0.378955823,0.0,0.0,0.0,0.7520444748430511,0.0,0.0,0.0,0.0,0.0,0.0,0.0,0.0,0.0,0.7080410105587004,0.0,1.05e-08
7113.0,0.776678572236266,0.0,0.351785486,0.0,0.0,0.0,0.776678572236266,0.0,0.0,0.0,0.0,0.0,0.0,0.0,0.0,0.0,0.5787218488930354,0.0,1.05e-08
7114.0,0.8336770427171939,0.0,0.331739138,0.0,0.0,0.0,0.8336770427171939,0.0,0.0,0.0,0.0,0.0,0.0,0.0,0.0,0.0,0.44448645533647924,0.0,1.05e-08
7115.0,0.892570608486108,0.0,0.319175194,0.0,0.0,0.0,0.892570608486108,0.0,0.0,0.0,0.0,0.0,0.0,0.0,0.0,0.0,0.3371850510797516,0.0,1.05e-08
7116.0,0.9176586722081965,0.0,0.305712967,0.0,0.0,0.0,0.9176586722081965,0.0,0.0,0.0,0.0,0.0,0.0,0.0,0.0,0.0,0.2602281386663381,0.0,1.05e-08
7117.0,0.9284446552201596,0.000236702,0.274465754,0.0,0.0,0.00046460699283559683,0.927980048227324,0.0,0.0,0.0,0.0,0.0,0.0,0.0,0.0,5.421010862427522e-20,0.12951383188452137,0.0,1.05e-08
7118.0,0.9323697508844296,0.079697133,0.206786695,0.0,0.0,0.15643232968352028,0.7759374212009095,0.0,0.0,0.0,0.0,0.0,0.0,0.0,0.0,-2.7755575615628914e-17,0.02079463467173226,0.0,1.05e-08
7119.0,0.9287787059149911,0.361084825,0.161981444,0.0,0.0,0.7087499670548527,0.22002873886013843,0.0,0.0,0.0,0.0,0.0,0.0,0.0,0.0,0.0,0.404072385689191,0.0,1.05e-08
7120.0,0.9251726714912972,0.493026957,0.19146579,0.0,0.0,0.9251726714912972,0.0,0.0,0.0,0.0,0.0,0.0,0.0,0.0,0.0,0.04255794286200398,0.7377018743685588,0.0,1e-08
7121.0,0.9231919221789952,0.530735812,0.21208735,0.0,0.0,0.9231919221789952,0.0,0.0,0.0,0.0,0.0,0.0,0.0,0.0,0.0,0.11855495618907386,0.8171550417693969,0.0,1e-08
7122.0,0.9232111943344662,0.530536762,0.207179797,0.0,0.0,0.9232111943344662,0.0,0.0,0.0,0.0,0.0,0.0,0.0,0.0,0.0,0.11814498170779253,0.7982466454095926,0.0,1e-08
7123.0,0.9239692324496607,0.524345768,0.202440843,0.0,0.0,0.9239692324496607,0.0,0.0,0.0,0.0,0.0,0.0,0.0,0.0,0.0,0.10523504329178435,0.7799878470710154,0.0,1e-08
7124.0,0.9277765538304966,0.528154478,0.196290847,0.0,0.0,0.9277765538304966,0.0,0.0,0.0,0.0,0.0,0.0,0.0,0.0,0.0,0.10890359156850471,0.7562924204542858,0.0,1e-08
7125.0,0.9360378844757524,0.533631507,0.196466877,0.0,0.0,0.9360378844757524,0.0,0.0,0.0,0.0,0.0,0.0,0.0,0.0,0.0,0.11139276566492118,0.7569706495047346,0.0,1e-08
7126.0,0.9514941531635328,0.509270792,0.233460137,0.0,0.0,0.9514941531635328,0.0,0.0,0.0,0.0,0.0,0.0,0.0,0.0,0.0,0.04812043061743543,0.8995026247521322,0.0,1e-08
7127.0,0.9751732081856268,0.356165425,0.295403514,0.0,0.0,0.6990939960847914,0.27607921210083547,0.0,0.0,0.0,0.0,0.0,0.0,0.0,0.0,0.0,0.8620861278946739,0.0,1.05e-08
7128.0,0.9747492207652638,0.06878747,0.355520808,0.0,0.0,0.13501846026425138,0.8397307605010125,0.0,0.0,0.0,0.0,0.0,0.0,0.0,0.0,2.7755575615628914e-17,0.530061547767867,0.0,1.05e-08
7129.0,0.9547832676972583,1.82e-05,0.377947385,0.0,0.0,3.572359874275613e-05,0.9547475440985155,0.0,0.0,0.0,0.0,0.0,0.0,0.0,0.0,0.0,0.501452512983198,0.0,1.05e-08
7130.0,0.9147806969911867,0.0,0.376887628,0.0,0.0,0.0,0.9147806969911867,0.0,0.0,0.0,0.0,0.0,0.0,0.0,0.0,0.0,0.5373362039022842,0.0,1.05e-08
7131.0,0.8669172282035356,0.0,0.36852215,0.0,0.0,0.0,0.8669172282035356,0.0,0.0,0.0,0.0,0.0,0.0,0.0,0.0,0.0,0.552968176919391,0.0,1.05e-08
7132.0,0.8251459018953433,0.0,0.354357926,0.0,0.0,0.0,0.8251459018953433,0.0,0.0,0.0,0.0,0.0,0.0,0.0,0.0,0.0,0.5401659180781102,0.0,1.05e-08
7133.0,0.792445336762191,0.0,0.344598333,0.0,0.0,0.0,0.7924453367621909,0.0,0.0,0.0,0.0,0.0,0.0,0.0,0.0,0.0,0.5352635774954464,0.0,1.05e-08
7134.0,0.7701645836870519,0.0,0.335917084,0.0,0.0,0.0,0.7701645836870519,0.0,0.0,0.0,0.0,0.0,0.0,0.0,0.0,0.0,0.5240961952187808,0.0,1.05e-08
7135.0,0.7605456367563911,0.0,0.331103057,0.0,0.0,0.0,0.7605456367563911,0.0,0.0,0.0,0.0,0.0,0.0,0.0,0.0,0.0,0.5151670937426697,0.0,1.05e-08
7136.0,0.762674139260638,0.0,0.33031932,0.0,0.0,0.0,0.762674139260638,0.0,0.0,0.0,0.0,0.0,0.0,0.0,0.0,0.0,0.5100189173117544,0.0,1.05e-08
7137.0,0.7858649663441322,0.0,0.330781927,0.0,0.0,0.0,0.7858649663441322,0.0,0.0,0.0,0.0,0.0,0.0,0.0,0.0,0.0,0.4886104767893058,0.0,1.05e-08
7138.0,0.8434266120349362,0.0,0.330831575,0.0,0.0,0.0,0.8434266120349362,0.0,0.0,0.0,0.0,0.0,0.0,0.0,0.0,0.0,0.4312401207417257,0.0,1.05e-08
7139.0,0.9009454307135822,0.0,0.33272242,0.0,0.0,0.0,0.9009454307135822,0.0,0.0,0.0,0.0,0.0,0.0,0.0,0.0,0.0,0.38100657166993956,0.0,1.05e-08
7140.0,0.9260998763045154,0.0,0.329327914,0.0,0.0,0.0,0.9260998763045154,0.0,0.0,0.0,0.0,0.0,0.0,0.0,0.0,0.0,0.3427733748370465,0.0,1.05e-08
7141.0,0.9369715133407943,0.002558553,0.295096567,0.0,0.0,0.00502201762275137,0.931949495718043,0.0,0.0,0.0,0.0,0.0,0.0,0.0,0.0,0.0,0.2050332028393702,0.0,1.05e-08
7142.0,0.9427724321375797,0.189620949,0.208555872,0.0,0.0,0.3721946535877267,0.570577778549853,0.0,0.0,0.0,0.0,0.0,0.0,0.0,0.0,0.0,0.2329707701750614,0.0,1.05e-08
7143.0,0.940074330371633,0.550284104,0.137975511,0.0,0.0,0.940074330371633,0.0,0.0,0.0,0.0,0.0,0.0,0.0,0.0,0.0,0.14004262159611902,0.531608247518576,0.0,1e-08
7144.0,0.9340678419164897,0.657193581,0.159675043,0.0,0.0,0.9340678419164897,0.0,0.0,0.0,0.0,0.0,0.0,0.0,0.0,0.0,0.3558947835757632,0.6152147519981518,0.0,1e-08
7145.0,0.9312177042573826,0.662009518,0.194492013,0.0,0.0,0.9312177042573826,0.0,0.0,0.0,0.0,0.0,0.0,0.0,0.0,0.0,0.36819781139741936,0.7493616616305926,0.0,1e-08
7146.0,0.9284896235829254,0.637154908,0.215159708,0.0,0.0,0.9284896235829254,0.0,0.0,0.0,0.0,0.0,0.0,0.0,0.0,0.0,0.3221403912725527,0.8289925833758177,0.0,1e-08
7147.0,0.9288258156283647,0.624179965,0.230045915,0.0,0.0,0.9288258156283647,0.0,0.0,0.0,0.0,0.0,0.0,0.0,0.0,0.0,0.29633652574128166,0.8863479093906549,0.0,1e-08
7148.0,0.9349051100041764,0.633764737,0.24313098,0.0,0.0,0.9349051100041764,0.0,0.0,0.0,0.0,0.0,0.0,0.0,0.0,0.0,0.3090705582318881,0.9367635840484329,0.0,1e-08
7149.0,0.943151451195177,0.650881525,0.251920161,0.0,0.0,0.943151451195177,0.0,0.0,0.0,0.0,0.0,0.0,0.0,0.0,0.0,0.3344216492538997,0.970627572481377,0.0,1e-08
7150.0,0.9618647141575644,0.623370241,0.257259894,0.0,0.0,0.9618647141575644,0.0,0.0,0.0,0.0,0.0,0.0,0.0,0.0,0.0,0.26170827252700646,0.9912011226844062,0.0,1e-08
7151.0,0.9813809835979121,0.443204471,0.30459648,0.0,0.0,0.8699372902746977,0.11144369332321448,0.0,0.0,0.0,0.0,0.0,0.0,0.0,0.0,0.0,1.062141385358806,0.0,1.05e-08
7152.0,0.9798520592638756,0.087784926,0.35692181,0.0,0.0,0.17230733363112857,0.807544725632747,0.0,0.0,0.0,0.0,0.0,0.0,0.0,0.0,2.7755575615628914e-17,0.5676455276235586,0.0,1.05e-08
7153.0,0.9590895237697334,1.82e-05,0.359322098,0.0,0.0,3.572359874275613e-05,0.9590538001709906,0.0,0.0,0.0,0.0,0.0,0.0,0.0,0.0,0.0,0.4253845644927071,0.0,1.05e-08
7154.0,0.917971309396949,0.0,0.343011836,0.0,0.0,0.0,0.917971309396949,0.0,0.0,0.0,0.0,0.0,0.0,0.0,0.0,0.0,0.40362496295959427,0.0,1.05e-08
7155.0,0.8676645595656906,0.0,0.322050081,0.0,0.0,0.0,0.8676645595656906,0.0,0.0,0.0,0.0,0.0,0.0,0.0,0.0,0.0,0.3731678021541037,0.0,1.05e-08
7156.0,0.8256919463003564,0.0,0.303952162,0.0,0.0,0.0,0.8256919463003564,0.0,0.0,0.0,0.0,0.0,0.0,0.0,0.0,0.0,0.34541062834640346,0.0,1.05e-08
7157.0,0.7917087121530754,0.0,0.294618918,0.0,0.0,0.0,0.7917087121530754,0.0,0.0,0.0,0.0,0.0,0.0,0.0,0.0,0.0,0.34343364425971645,0.0,1.05e-08
7158.0,0.7691324526940468,0.0,0.295195994,0.0,0.0,0.0,0.7691324526940468,0.0,0.0,0.0,0.0,0.0,0.0,0.0,0.0,0.0,0.36823332988199375,0.0,1.05e-08
7159.0,0.7571216171343683,0.0,0.303897951,0.0,0.0,0.0,0.7571216171343683,0.0,0.0,0.0,0.0,0.0,0.0,0.0,0.0,0.0,0.4137720870070579,0.0,1.05e-08
7160.0,0.7577875771734234,0.0,0.318778525,0.0,0.0,0.0,0.7577875771734234,0.0,0.0,0.0,0.0,0.0,0.0,0.0,0.0,0.0,0.47043974949910894,0.0,1.05e-08
7161.0,0.7783895113719734,0.0,0.32170539,0.0,0.0,0.0,0.7783895113719734,0.0,0.0,0.0,0.0,0.0,0.0,0.0,0.0,0.0,0.4611147843952663,0.0,1.05e-08
7162.0,0.8331588358700834,0.0,0.322731584,0.0,0.0,0.0,0.8331588358700835,0.0,0.0,0.0,0.0,0.0,0.0,0.0,0.0,0.0,0.4102993006186021,0.0,1.05e-08
7163.0,0.8888682132850589,0.0,0.32785849,0.0,0.0,0.0,0.8888682132850589,0.0,0.0,0.0,0.0,0.0,0.0,0.0,0.0,0.0,0.37434346855452927,0.0,1.05e-08
7164.0,0.9175494633271939,0.0,0.335901785,0.0,0.0,0.0,0.9175494633271939,0.0,0.0,0.0,0.0,0.0,0.0,0.0,0.0,0.0,0.3766523697952906,0.0,1.05e-08
7165.0,0.9367166926184549,0.001667183,0.318548696,0.0,0.0,0.0032724053034474945,0.9334442873150074,0.0,0.0,0.0,0.0,0.0,0.0,0.0,0.0,0.0,0.29389752720371287,0.0,1.05e-08
7166.0,0.9481986145779836,0.218991135,0.218458526,0.0,0.0,0.42984348543740325,0.5183551291405804,0.0,0.0,0.0,0.0,0.0,0.0,0.0,0.0,0.0,0.3233475275167397,0.0,1.05e-08
7167.0,0.9478024647155232,0.631184475,0.139834921,0.0,0.0,0.9478024647155232,0.0,0.0,0.0,0.0,0.0,0.0,0.0,0.0,0.0,0.29110857471069607,0.5387724006668729,0.0,1e-08
7168.0,0.9445882974530739,0.716137558,0.150657768,0.0,0.0,0.9445882974530739,0.0,0.0,0.0,0.0,0.0,0.0,0.0,0.0,0.0,0.46107163477820357,0.5804719362230897,0.0,1e-08
7169.0,0.9439758711792162,0.690012382,0.201082781,0.0,0.0,0.9439758711792162,0.0,0.0,0.0,0.0,0.0,0.0,0.0,0.0,0.0,0.4104046487164633,0.7747553463568736,0.0,1e-08
7170.0,0.942684636762656,0.656733743,0.234106387,0.0,0.0,0.942684636762656,0.0,0.0,0.0,0.0,0.0,0.0,0.0,0.0,0.0,0.3463754025648347,0.9019925726238155,0.0,1e-08
7171.0,0.9422756387965482,0.641142598,0.259018434,0.0,0.0,0.9422756387965482,0.0,0.0,0.0,0.0,0.0,0.0,0.0,0.0,0.0,0.31618155394192426,0.9979766320542633,0.0,1e-08
7172.0,0.9456696795100605,0.650973574,0.277969656,0.0,0.0,0.9456696795100605,0.0,0.0,0.0,0.0,0.0,0.0,0.0,0.0,0.0,0.3320840979467454,1.0709941251060229,0.0,1e-08
7173.0,0.9523635415103379,0.672091346,0.279480295,0.0,0.0,0.9523635415103379,0.0,0.0,0.0,0.0,0.0,0.0,0.0,0.0,0.0,0.36684093997223777,1.0768144923987608,0.0,1e-08
7174.0,0.9580188484657864,0.657854354,0.27476638,0.0,0.0,0.9580188484657866,0.0,0.0,0.0,0.0,0.0,0.0,0.0,0.0,0.0,0.3332407654611942,1.0586521672590372,0.0,1e-08
7175.0,0.9617298090692671,0.458359366,0.299862068,0.0,0.0,0.8996838500531923,0.06204595901607483,0.0,0.0,0.0,0.0,0.0,0.0,0.0,0.0,0.0,1.0932978212782127,0.0,1.05e-08
7176.0,0.9514341953465117,0.077179727,0.312927134,0.0,0.0,0.15149107683645394,0.7999431185100577,0.0,0.0,0.0,0.0,0.0,0.0,0.0,0.0,0.0,0.4057392819468656,0.0,1.05e-08
7177.0,0.930299064846596,1.14e-05,0.304871455,0.0,0.0,2.237632009161648e-05,0.9302766885265042,0.0,0.0,0.0,0.0,0.0,0.0,0.0,0.0,0.0,0.24436784611840412,0.0,1.05e-08
7178.0,0.8947290898988653,0.0,0.294952511,0.0,0.0,0.0,0.8947290898988653,0.0,0.0,0.0,0.0,0.0,0.0,0.0,0.0,0.0,0.24169857278914253,0.0,1.05e-08
7179.0,0.8520691030883971,0.0,0.306581615,0.0,0.0,0.0,0.8520691030883971,0.0,0.0,0.0,0.0,0.0,0.0,0.0,0.0,0.0,0.3291645367824114,0.0,1.05e-08
7180.0,0.8111157727124205,0.0,0.330319672,0.0,0.0,0.0,0.8111157727124205,0.0,0.0,0.0,0.0,0.0,0.0,0.0,0.0,0.0,0.46157864008689775,0.0,1.05e-08
7181.0,0.7786314839906655,0.0,0.357953799,0.0,0.0,0.0,0.7786314839906655,0.0,0.0,0.0,0.0,0.0,0.0,0.0,0.0,0.0,0.6005349376434362,0.0,1.05e-08
7182.0,0.7545734099109742,0.0,0.388273156,0.0,0.0,0.0,0.7545734099109742,0.0,0.0,0.0,0.0,0.0,0.0,0.0,0.0,0.0,0.7414109899559465,0.0,1.05e-08
7183.0,0.7395668248508517,0.0,0.415633183,0.0,0.0,0.0,0.7395668248508517,0.0,0.0,0.0,0.0,0.0,0.0,0.0,0.0,0.0,0.8618334991906925,0.0,1.05e-08
7184.0,0.7328472666432796,0.0,0.43427584,0.0,0.0,0.0,0.7328472666432796,0.0,0.0,0.0,0.0,0.0,0.0,0.0,0.0,0.0,0.94038167499157,0.0,1.05e-08
7185.0,0.7389051475130123,0.0,0.436060404,0.0,0.0,0.0,0.7389051475130123,0.0,0.0,0.0,0.0,0.0,0.0,0.0,0.0,0.0,0.9411995718141898,0.0,1.05e-08
7186.0,0.7552286631969898,0.0,0.429209947,0.0,0.0,0.0,0.7552286631969898,0.0,0.0,0.0,0.0,0.0,0.0,0.0,0.0,0.0,0.8984818111364656,0.0,1.05e-08
7187.0,0.7829612949198276,0.0,0.424570341,0.0,0.0,0.0,0.7829612949198277,0.0,0.0,0.0,0.0,0.0,0.0,0.0,0.0,0.0,0.8528731607132032,0.0,1.05e-08
7188.0,0.8150965434924958,0.0,0.418860225,0.0,0.0,0.0,0.8150965434924958,0.0,0.0,0.0,0.0,0.0,0.0,0.0,0.0,0.0,0.7987373068310334,0.0,1.05e-08
7189.0,0.8475165916960141,0.001299597,0.395103838,0.0,0.0,0.0025508946019389914,0.8449656970940752,0.0,0.0,0.0,0.0,0.0,0.0,0.0,0.0,0.0,0.6773367563249476,0.0,1.05e-08
7190.0,0.8684033255254141,0.225428373,0.267645667,0.0,0.0,0.4424787221035363,0.4259246034218778,0.0,0.0,0.0,0.0,0.0,0.0,0.0,0.0,0.0,0.6052920447977499,0.0,1.05e-08
7191.0,0.8773969980785697,0.586745696,0.167441051,0.0,0.0,0.8773969980785697,0.0,0.0,0.0,0.0,0.0,0.0,0.0,0.0,0.0,0.27428804631391246,0.6451365393731249,0.0,1e-08
7192.0,0.8775918609838881,0.679755858,0.194862902,0.0,0.0,0.8775918609838881,0.0,0.0,0.0,0.0,0.0,0.0,0.0,0.0,0.0,0.45665679364412937,0.7507906663132708,0.0,1e-08
7193.0,0.8738787590297996,0.668483571,0.232266781,0.0,0.0,0.8738787590297996,0.0,0.0,0.0,0.0,0.0,0.0,0.0,0.0,0.0,0.4382442550651857,0.8949047226517676,0.0,1e-08
7194.0,0.8707181255325477,0.641399636,0.251184707,0.0,0.0,0.8707181255325477,0.0,0.0,0.0,0.0,0.0,0.0,0.0,0.0,0.0,0.38824359041326784,0.9677939289656772,0.0,1e-08
7195.0,0.8711421129529108,0.62837682,0.267811343,0.0,0.0,0.8711421129529108,0.0,0.0,0.0,0.0,0.0,0.0,0.0,0.0,0.0,0.3622579627025341,1.0318549841632858,0.0,1e-08
7196.0,0.8763563016831332,0.641677303,0.281551148,0.0,0.0,0.8763563016831332,0.0,0.0,0.0,0.0,0.0,0.0,0.0,0.0,0.0,0.38315042879521577,1.0847933179614984,0.0,1e-08
7197.0,0.8868253648051279,0.664375346,0.288859772,0.0,0.0,0.8868253648051279,0.0,0.0,0.0,0.0,0.0,0.0,0.0,0.0,0.0,0.41723388107859605,1.1129528425630215,0.0,1e-08
7198.0,0.8966648708484017,0.647121078,0.309144018,0.0,0.0,0.8966648708484017,0.0,0.0,0.0,0.0,0.0,0.0,0.0,0.0,0.0,0.3735270922533451,1.1911063669829869,0.0,1e-08
7199.0,0.9069861807784518,0.432102681,0.358617955,0.0,0.0,0.8481463072369865,0.05883987354146533,0.0,0.0,0.0,0.0,0.0,0.0,0.0,0.0,1.1102230246251565e-16,1.3228854863033377,0.0,1.05e-08
7200.0,0.9022687853892609,0.075931708,0.407293166,0.0,0.0,0.14904142134308382,0.753227364046177,0.0,0.0,0.0,0.0,0.0,0.0,0.0,0.0,2.7755575615628914e-17,0.8160395633548202,0.0,1.05e-08
7201.0,0.8850673159560468,8.62e-06,0.450448809,0.0,0.0,1.691963852541527e-05,0.8850503963175215,0.0,0.0,0.0,0.0,0.0,0.0,0.0,0.0,0.0,0.8504916590354737,0.0,1.05e-08
7202.0,0.8571912137424801,0.0,0.504295606,0.0,0.0,0.0,0.8571912137424801,0.0,0.0,0.0,0.0,0.0,0.0,0.0,0.0,0.0,1.0858181028671776,0.0,1.05e-08
7203.0,0.8207796880058471,0.0,0.556752388,0.0,0.0,0.0,0.8207796880058472,0.0,0.0,0.0,0.0,0.0,0.0,0.0,0.0,0.0,1.3243412768765537,0.0,1.05e-08
7204.0,0.7859163587587216,0.0,0.583086375,0.0,0.0,0.0,0.7859163587587216,0.0,0.0,0.0,0.0,0.0,0.0,0.0,0.0,0.0,1.4606672829261371,0.0,1.05e-08
7205.0,0.7537190110184244,0.0,0.586740175,0.0,0.0,0.0,0.7537190110184244,0.0,0.0,0.0,0.0,0.0,0.0,0.0,0.0,0.0,1.5069424202734851,0.0,1.05e-08
7206.0,0.7309136270443511,0.0,0.58203846,0.0,0.0,0.0,0.7309136270443511,0.0,0.0,0.0,0.0,0.0,0.0,0.0,0.0,0.0,1.5116324847001512,0.0,1.05e-08
7207.0,0.7178406815831571,0.0,0.571216416,0.0,0.0,0.0,0.7178406815831571,0.0,0.0,0.0,0.0,0.0,0.0,0.0,0.0,0.0,1.4830089884978033,0.0,1.05e-08
7208.0,0.710716408110693,0.0,0.556959353,0.0,0.0,0.0,0.710716408110693,0.0,0.0,0.0,0.0,0.0,0.0,0.0,0.0,0.0,1.435201975822018,0.0,1.05e-08
7209.0,0.7120697416948822,0.0,0.542010947,0.0,0.0,0.0,0.7120697416948822,0.0,0.0,0.0,0.0,0.0,0.0,0.0,0.0,0.0,1.3762536686134428,0.0,1.05e-08
7210.0,0.7234510201758398,0.0,0.537262802,0.0,0.0,0.0,0.7234510201758398,0.0,0.0,0.0,0.0,0.0,0.0,0.0,0.0,0.0,1.3465781796300567,0.0,1.05e-08
7211.0,0.7460294209854763,0.0,0.533794489,0.0,0.0,0.0,0.7460294209854763,0.0,0.0,0.0,0.0,0.0,0.0,0.0,0.0,0.0,1.310636655303698,0.0,1.05e-08
7212.0,0.7706335394701807,0.0,0.52752426,0.0,0.0,0.0,0.7706335394701807,0.0,0.0,0.0,0.0,0.0,0.0,0.0,0.0,0.0,1.2618738623841503,0.0,1.05e-08
7213.0,0.7931476997615803,0.000964069,0.472852948,0.0,0.0,0.0018923084679302287,0.7912553912936502,0.0,0.0,0.0,0.0,0.0,0.0,0.0,0.0,0.0,1.0306079611114907,0.0,1.05e-08
7214.0,0.8068245060942005,0.224148569,0.33544685,0.0,0.0,0.43996667789664756,0.36685782819755297,0.0,0.0,0.0,0.0,0.0,0.0,0.0,0.0,5.551115123125783e-17,0.9255911779462016,0.0,1.05e-08
7215.0,0.8139444968654488,0.589578335,0.306824861,0.0,0.0,0.8139444968654488,0.0,0.0,0.0,0.0,0.0,0.0,0.0,0.0,0.0,0.3433005507698399,1.1821708466174168,0.0,1e-08
7216.0,0.8223578634038651,0.678216923,0.324460235,0.0,0.0,0.8223578634038651,0.0,0.0,0.0,0.0,0.0,0.0,0.0,0.0,0.0,0.5088701155960655,1.2501184860102845,0.0,1e-08
7217.0,0.8290174637944161,0.665671325,0.341558387,0.0,0.0,0.8290174637944161,0.0,0.0,0.0,0.0,0.0,0.0,0.0,0.0,0.0,0.47758557515387023,1.3159962534100824,0.0,1e-08
7218.0,0.8374736573449902,0.638053311,0.345119921,0.0,0.0,0.8374736573449902,0.0,0.0,0.0,0.0,0.0,0.0,0.0,0.0,0.0,0.4149197744490202,1.329718549740029,0.0,1e-08
7219.0,0.8457092917829514,0.626129694,0.34264773,0.0,0.0,0.8457092917829514,0.0,0.0,0.0,0.0,0.0,0.0,0.0,0.0,0.0,0.383280046095108,1.3201934020126094,0.0,1e-08
7220.0,0.8597586931213452,0.637322341,0.333690863,0.0,0.0,0.8597586931213452,0.0,0.0,0.0,0.0,0.0,0.0,0.0,0.0,0.0,0.3911999651027205,1.2856833332720272,0.0,1e-08
7221.0,0.8774783694016697,0.65534994,0.312912504,0.0,0.0,0.8774783694016697,0.0,0.0,0.0,0.0,0.0,0.0,0.0,0.0,0.0,0.40886549283180895,1.2056260322753174,0.0,1e-08
7222.0,0.8966091957325966,0.630631791,0.308897948,0.0,0.0,0.8966091957325966,0.0,0.0,0.0,0.0,0.0,0.0,0.0,0.0,0.0,0.34121701614155997,1.1901582795976327,0.0,1e-08
7223.0,0.9130633338036556,0.423042772,0.359367664,0.0,0.0,0.8303631998874323,0.08270013391622315,0.0,0.0,0.0,0.0,0.0,0.0,0.0,0.0,1.1102230246251565e-16,1.3019137927818591,0.0,1.05e-08
7224.0,0.9148834818203656,0.064816225,0.41604786,0.0,0.0,0.12722356120440653,0.7876599206159591,0.0,0.0,0.0,0.0,0.0,0.0,0.0,0.0,0.0,0.8153381196555052,0.0,1.05e-08
7225.0,0.8937547753722735,2.9e-06,0.448552232,0.0,0.0,5.692221777691912e-06,0.8937490831504958,0.0,0.0,0.0,0.0,0.0,0.0,0.0,0.0,0.0,0.8344856176730854,0.0,1.05e-08
7226.0,0.8564010553681671,0.0,0.460242399,0.0,0.0,0.0,0.8564010553681671,0.0,0.0,0.0,0.0,0.0,0.0,0.0,0.0,0.0,0.916874893333594,0.0,1.05e-08
7227.0,0.8127153616165175,0.0,0.467950244,0.0,0.0,0.0,0.8127153616165175,0.0,0.0,0.0,0.0,0.0,0.0,0.0,0.0,0.0,0.9902582772253061,0.0,1.05e-08
7228.0,0.7734515568701694,0.0,0.470511265,0.0,0.0,0.0,0.7734515568701694,0.0,0.0,0.0,0.0,0.0,0.0,0.0,0.0,0.0,1.0393894843519815,0.0,1.05e-08
7229.0,0.7417081754587458,0.0,0.469797715,0.0,0.0,0.0,0.7417081754587459,0.0,0.0,0.0,0.0,0.0,0.0,0.0,0.0,0.0,1.0683836165505003,0.0,1.05e-08
7230.0,0.7208514205378563,0.0,0.467757024,0.0,0.0,0.0,0.7208514205378563,0.0,0.0,0.0,0.0,0.0,0.0,0.0,0.0,0.0,1.0813777576033612,0.0,1.05e-08
7231.0,0.7122217775880427,0.0,0.463574618,0.0,0.0,0.0,0.7122217775880427,0.0,0.0,0.0,0.0,0.0,0.0,0.0,0.0,0.0,1.0738929356893978,0.0,1.05e-08
7232.0,0.7164894893495758,0.0,0.461403654,0.0,0.0,0.0,0.7164894893495758,0.0,0.0,0.0,0.0,0.0,0.0,0.0,0.0,0.0,1.0612606789509962,0.0,1.05e-08
7233.0,0.7451429018338082,0.0,0.450916629,0.0,0.0,0.0,0.7451429018338082,0.0,0.0,0.0,0.0,0.0,0.0,0.0,0.0,0.0,0.9922016253386546,0.0,1.05e-08
7234.0,0.8057945164518034,0.0,0.439367013,0.0,0.0,0.0,0.8057945164518034,0.0,0.0,0.0,0.0,0.0,0.0,0.0,0.0,0.0,0.8870502942363876,0.0,1.05e-08
7235.0,0.8669215109047513,0.0,0.433752526,0.0,0.0,0.0,0.8669215109047513,0.0,0.0,0.0,0.0,0.0,0.0,0.0,0.0,0.0,0.8042911451122691,0.0,1.05e-08
7236.0,0.8986755990692145,0.0,0.433832545,0.0,0.0,0.0,0.8986755990692145,0.0,0.0,0.0,0.0,0.0,0.0,0.0,0.0,0.0,0.7728453635454758,0.0,1.05e-08
7237.0,0.9133674055899765,0.000911352,0.409608107,0.0,0.0,0.0017888336901872688,0.9115785718997893,0.0,0.0,0.0,0.0,0.0,0.0,0.0,0.0,0.0,0.6666076319670069,0.0,1.05e-08
7238.0,0.9225623651002742,0.215169824,0.289814296,0.0,0.0,0.4223428820948054,0.5002194830054687,0.0,0.0,0.0,0.0,0.0,0.0,0.0,0.0,5.551115123125783e-17,0.6164110616887262,0.0,1.05e-08
7239.0,0.9267658363435706,0.489587101,0.177274472,0.0,0.0,0.9267658363435706,0.0,0.0,0.0,0.0,0.0,0.0,0.0,0.0,0.0,0.034212907928584446,0.6830238982749691,0.0,1e-08
7240.0,0.928740161604049,0.603027967,0.220869144,0.0,0.0,0.928740161604049,0.0,0.0,0.0,0.0,0.0,0.0,0.0,0.0,0.0,0.2549042957458406,0.8509905687014852,0.0,1e-08
7241.0,0.9342776942760634,0.608704563,0.286159374,0.0,0.0,0.9342776942760634,0.0,0.0,0.0,0.0,0.0,0.0,0.0,0.0,0.0,0.2605089849270531,1.1025484321138177,0.0,1e-08
7242.0,0.9391257120523359,0.585558854,0.301090922,0.0,0.0,0.9391257120523359,0.0,0.0,0.0,0.0,0.0,0.0,0.0,0.0,0.0,0.21022975720942905,1.1600784532566237,0.0,1e-08
7243.0,0.944303497822224,0.569622902,0.318891815,0.0,0.0,0.944303497822224,0.0,0.0,0.0,0.0,0.0,0.0,0.0,0.0,0.0,0.1737723255696606,1.2286638236851175,0.0,1e-08
7244.0,0.9523121490957484,0.569268572,0.339031099,0.0,0.0,0.9523121490957482,0.0,0.0,0.0,0.0,0.0,0.0,0.0,0.0,0.0,0.16506818293665737,1.3062588214925102,0.0,1e-08
7245.0,0.9629032692023931,0.558659678,0.35448306,0.0,0.0,0.9629032692023931,0.0,0.0,0.0,0.0,0.0,0.0,0.0,0.0,0.0,0.133653553359659,1.3657939509397596,0.0,1e-08
7246.0,0.9759676492611555,0.484664431,0.410230193,0.0,0.0,0.9513163548313306,0.02465129442982495,0.0,0.0,0.0,0.0,0.0,0.0,0.0,0.0,1.1102230246251565e-16,1.555931755412529,0.0,1.05e-08
7247.0,0.9887772085975787,0.297369035,0.534842414,0.0,0.0,0.5836863782890442,0.40509083030853443,0.0,0.0,0.0,0.0,0.0,0.0,0.0,0.0,0.0,1.65561281445017,0.0,1.05e-08
7248.0,0.9854623978565584,0.045077141,0.6184148,0.0,0.0,0.08847899437113413,0.8969834034854243,0.0,0.0,0.0,0.0,0.0,0.0,0.0,0.0,0.0,1.4857177417022225,0.0,1.05e-08
7249.0,0.9614921191517908,3.95e-06,0.638811554,0.0,0.0,7.753198628235535e-06,0.9614843659531624,0.0,0.0,0.0,0.0,0.0,0.0,0.0,0.0,0.0,1.4998037876856252,0.0,1.05e-08
7250.0,0.9170698007910256,0.0,0.639365349,0.0,0.0,0.0,0.9170698007910256,0.0,0.0,0.0,0.0,0.0,0.0,0.0,0.0,0.0,1.5463520792409517,0.0,1.05e-08
7251.0,0.8661313525304384,0.0,0.636349178,0.0,0.0,0.0,0.8661313525304384,0.0,0.0,0.0,0.0,0.0,0.0,0.0,0.0,0.0,1.5856694697652403,0.0,1.05e-08
7252.0,0.8235655851467174,0.0,0.623043196,0.0,0.0,0.0,0.8235655851467174,0.0,0.0,0.0,0.0,0.0,0.0,0.0,0.0,0.0,1.5769683875372664,0.0,1.05e-08
7253.0,0.7881840490524815,0.0,0.603985916,0.0,0.0,0.0,0.7881840490524815,0.0,0.0,0.0,0.0,0.0,0.0,0.0,0.0,0.0,1.5389237978658161,0.0,1.05e-08
7254.0,0.765627061748924,0.0,0.586076595,0.0,0.0,0.0,0.765627061748924,0.0,0.0,0.0,0.0,0.0,0.0,0.0,0.0,0.0,1.4924776506127082,0.0,1.05e-08
7255.0,0.7553892644925819,0.0,0.572954077,0.0,0.0,0.0,0.7553892644925819,0.0,0.0,0.0,0.0,0.0,0.0,0.0,0.0,0.0,1.4521554698957784,0.0,1.05e-08
7256.0,0.758260815657768,0.0,0.557349304,0.0,0.0,0.0,0.758260815657768,0.0,0.0,0.0,0.0,0.0,0.0,0.0,0.0,0.0,1.3891600172691572,0.0,1.05e-08
7257.0,0.7829720016728671,0.0,0.529196461,0.0,0.0,0.0,0.7829720016728671,0.0,0.0,0.0,0.0,0.0,0.0,0.0,0.0,0.0,1.2559782525156638,0.0,1.05e-08
7258.0,0.839805588156987,0.0,0.50879895,0.0,0.0,0.0,0.839805588156987,0.0,0.0,0.0,0.0,0.0,0.0,0.0,0.0,0.0,1.120554740921929,0.0,1.05e-08
7259.0,0.899108151892009,0.0,0.497831348,0.0,0.0,0.0,0.899108151892009,0.0,0.0,0.0,0.0,0.0,0.0,0.0,0.0,0.0,1.0189949125720204,0.0,1.05e-08
7260.0,0.9240591691751923,0.0,0.492071501,0.0,0.0,0.0,0.9240591691751923,0.0,0.0,0.0,0.0,0.0,0.0,0.0,0.0,0.0,0.9718516805439674,0.0,1.05e-08
7261.0,0.9338151625447583,0.000608153,0.44643171,0.0,0.0,0.001193704051989196,0.9326214584927691,0.0,0.0,0.0,0.0,0.0,0.0,0.0,0.0,2.168404344971009e-19,0.7874430462135854,0.0,1.05e-08
7262.0,0.9361920617195209,0.068226977,0.354738628,0.0,0.0,0.1339183049329259,0.802273756786595,0.0,0.0,0.0,0.0,0.0,0.0,0.0,0.0,2.7755575615628914e-17,0.5645048765480123,0.0,1.05e-08
7263.0,0.936309836002955,0.391185088,0.343100047,0.0,0.0,0.7678318196627334,0.1684780163402217,0.0,0.0,0.0,0.0,0.0,0.0,0.0,0.0,0.0,1.1534581257133567,0.0,1.05e-08
7264.0,0.9345924728154238,0.524071594,0.385138374,0.0,0.0,0.9345924728154238,0.0,0.0,0.0,0.0,0.0,0.0,0.0,0.0,0.0,0.0940736445764776,1.4839063437445354,0.0,1e-08
7265.0,0.9371770829991521,0.542489983,0.410306889,0.0,0.0,0.9371770829991521,0.0,0.0,0.0,0.0,0.0,0.0,0.0,0.0,0.0,0.12764129472923225,1.5808785531954936,0.0,1e-08
7266.0,0.9394747522014226,0.534593225,0.419172037,0.0,0.0,0.9394747522014226,0.0,0.0,0.0,0.0,0.0,0.0,0.0,0.0,0.0,0.1098435917818712,1.6150352362047908,0.0,1e-08
7267.0,0.9429972739514085,0.522801994,0.423972169,0.0,0.0,0.9429972739514085,0.0,0.0,0.0,0.0,0.0,0.0,0.0,0.0,0.0,0.08317682800292125,1.6335297483242484,0.0,1e-08
7268.0,0.949423467125699,0.516983128,0.425169103,0.0,0.0,0.949423467125699,0.0,0.0,0.0,0.0,0.0,0.0,0.0,0.0,0.0,0.0653291604263303,1.6381414361630808,0.0,1e-08
7269.0,0.957582012941776,0.498775817,0.430691452,0.0,0.0,0.957582012941776,0.0,0.0,0.0,0.0,0.0,0.0,0.0,0.0,0.0,0.021432665580112142,1.6594185907305747,0.0,1e-08
7270.0,0.969382996141881,0.453951822,0.453373761,0.0,0.0,0.8910325680039042,0.07835042813797681,0.0,0.0,0.0,0.0,0.0,0.0,0.0,0.0,0.0,1.668461225678734,0.0,1.05e-08
7271.0,0.9842054250497245,0.317936717,0.508475515,0.0,0.0,0.6240573463569896,0.36014807869273485,0.0,0.0,0.0,0.0,0.0,0.0,0.0,0.0,1.1102230246251565e-16,1.5989660820459446,0.0,1.05e-08
7272.0,0.982395983786054,0.073624467,0.556850771,0.0,0.0,0.14451268773391707,0.837883296052137,0.0,0.0,0.0,0.0,0.0,0.0,0.0,0.0,0.0,1.3076167304031225,0.0,1.05e-08
7273.0,0.9609846190577198,1.52e-06,0.555405315,0.0,0.0,2.983509345548864e-06,0.9609816355483742,0.0,0.0,0.0,0.0,0.0,0.0,0.0,0.0,0.0,1.1789491683292264,0.0,1.05e-08
7274.0,0.9174787987571333,0.0,0.542214796,0.0,0.0,0.0,0.9174787987571333,0.0,0.0,0.0,0.0,0.0,0.0,0.0,0.0,0.0,1.1716300249108742,0.0,1.05e-08
7275.0,0.8652876603909281,0.0,0.52281873,0.0,0.0,0.0,0.8652876603909281,0.0,0.0,0.0,0.0,0.0,0.0,0.0,0.0,0.0,1.1490897230361035,0.0,1.05e-08
7276.0,0.8189916602482554,0.0,0.500330649,0.0,0.0,0.0,0.8189916602482554,0.0,0.0,0.0,0.0,0.0,0.0,0.0,0.0,0.0,1.1087410045339885,0.0,1.05e-08
7277.0,0.7845394703178457,0.0,0.479701835,0.0,0.0,0.0,0.7845394703178457,0.0,0.0,0.0,0.0,0.0,0.0,0.0,0.0,0.0,1.063712078000719,0.0,1.05e-08
7278.0,0.7608261536860252,0.0,0.468459397,0.0,0.0,0.0,0.7608261536860252,0.0,0.0,0.0,0.0,0.0,0.0,0.0,0.0,0.0,1.0441092096102838,0.0,1.05e-08
7279.0,0.7476418579932207,0.0,0.461077032,0.0,0.0,0.0,0.7476418579932207,0.0,0.0,0.0,0.0,0.0,0.0,0.0,0.0,0.0,1.0288498627193514,0.0,1.05e-08
7280.0,0.7498881347809017,0.0,0.452436467,0.0,0.0,0.0,0.7498881347809017,0.0,0.0,0.0,0.0,0.0,0.0,0.0,0.0,0.0,0.9933122026714893,0.0,1.05e-08
7281.0,0.7730104386449432,0.0,0.437682157,0.0,0.0,0.0,0.7730104386449432,0.0,0.0,0.0,0.0,0.0,0.0,0.0,0.0,0.0,0.913342761039313,0.0,1.05e-08
7282.0,0.8297305335468448,0.0,0.423546269,0.0,0.0,0.0,0.8297305335468447,0.0,0.0,0.0,0.0,0.0,0.0,0.0,0.0,0.0,0.8021582572554694,0.0,1.05e-08
7283.0,0.8866133710949464,0.0,0.416329917,0.0,0.0,0.0,0.8866133710949464,0.0,0.0,0.0,0.0,0.0,0.0,0.0,0.0,0.0,0.7174714115004537,0.0,1.05e-08
7284.0,0.9148920472227972,0.0,0.412558288,0.0,0.0,0.0,0.9148920472227972,0.0,0.0,0.0,0.0,0.0,0.0,0.0,0.0,0.0,0.6746609603608745,0.0,1.05e-08
7285.0,0.9256180724177392,2.35e-05,0.383502534,0.0,0.0,4.6126624750262034e-05,0.9255719457929888,0.0,0.0,0.0,0.0,0.0,0.0,0.0,0.0,6.776263578034403e-21,0.5520316415470367,0.0,1.05e-08
7286.0,0.9331406371032716,0.074810103,0.291526333,0.0,0.0,0.14683989568550865,0.786300741417763,0.0,0.0,0.0,0.0,0.0,0.0,0.0,0.0,-2.7755575615628914e-17,0.3369261404282977,0.0,1.05e-08
7287.0,0.9332391392312347,0.437625093,0.242890109,0.0,0.0,0.8589858913238096,0.07425324790742505,0.0,0.0,0.0,0.0,0.0,0.0,0.0,0.0,1.1102230246251565e-16,0.8615822800732317,0.0,1.05e-08
7288.0,0.9328194345120875,0.545774102,0.256469198,0.0,0.0,0.9328194345120875,0.0,0.0,0.0,0.0,0.0,0.0,0.0,0.0,0.0,0.1384451272481355,0.9881546363055304,0.0,1e-08
7289.0,0.9348558589401949,0.570031351,0.269463178,0.0,0.0,0.9348558589401949,0.0,0.0,0.0,0.0,0.0,0.0,0.0,0.0,0.0,0.1840216824837163,1.0382193679816567,0.0,1e-08
7290.0,0.936573222127726,0.562510331,0.268927196,0.0,0.0,0.936573222127726,0.0,0.0,0.0,0.0,0.0,0.0,0.0,0.0,0.0,0.16754179728430352,1.0361542736061664,0.0,1e-08
7291.0,0.9374404691239231,0.552653974,0.262906699,0.0,0.0,0.9374404691239231,0.0,0.0,0.0,0.0,0.0,0.0,0.0,0.0,0.0,0.14732814685220785,1.012957795940207,0.0,1e-08
7292.0,0.9437424639629558,0.555533723,0.252742379,0.0,0.0,0.9437424639629558,0.0,0.0,0.0,0.0,0.0,0.0,0.0,0.0,0.0,0.14667862441734292,0.9737955105226301,0.0,1e-08
7293.0,0.9458923799732816,0.55596053,0.241760128,0.0,0.0,0.9458923799732816,0.0,0.0,0.0,0.0,0.0,0.0,0.0,0.0,0.0,0.1453664601657313,0.9314818045207067,0.0,1e-08
7294.0,0.9446461139194872,0.520357976,0.250005177,0.0,0.0,0.9446461139194872,0.0,0.0,0.0,0.0,0.0,0.0,0.0,0.0,0.0,0.07673078372978359,0.9632492973013264,0.0,1e-08
7295.0,0.9454705339035264,0.374805876,0.258524632,0.0,0.0,0.7356821275083083,0.209788406395218,0.0,0.0,0.0,0.0,0.0,0.0,0.0,0.0,0.0,0.786285647339613,0.0,1.05e-08
7296.0,0.9403355751457961,0.069120532,0.266126729,0.0,0.0,0.13567220604691402,0.804663369098882,0.0,0.0,0.0,0.0,0.0,0.0,0.0,0.0,0.0,0.22070093646648026,0.0,1.05e-08
7297.0,0.9253696757472235,4.33e-07,0.265283072,0.0,0.0,8.499075964622751e-07,0.9253688258396271,0.0,0.0,0.0,0.0,0.0,0.0,0.0,0.0,0.0,0.09674493898827952,0.0,1.05e-08
7298.0,0.8852536134589336,0.0,0.267124254,0.0,0.0,0.0,0.8852536134589336,0.0,0.0,0.0,0.0,0.0,0.0,0.0,0.0,0.0,0.14395407353884815,0.0,1.05e-08
7299.0,0.8400561261781107,0.0,0.283700718,0.0,0.0,0.0,0.8400561261781105,0.0,0.0,0.0,0.0,0.0,0.0,0.0,0.0,0.0,0.25301930744533707,0.0,1.05e-08
7300.0,0.7993404857196104,0.0,0.300507047,0.0,0.0,0.0,0.7993404857196104,0.0,0.0,0.0,0.0,0.0,0.0,0.0,0.0,0.0,0.35848834538834173,0.0,1.05e-08
7301.0,0.766477177940258,0.0,0.31860031,0.0,0.0,0.0,0.766477177940258,0.0,0.0,0.0,0.0,0.0,0.0,0.0,0.0,0.0,0.4610635010573002,0.0,1.05e-08
7302.0,0.742836667229106,0.0,0.336991632,0.0,0.0,0.0,0.7428366672291059,0.0,0.0,0.0,0.0,0.0,0.0,0.0,0.0,0.0,0.5555642563662769,0.0,1.05e-08
7303.0,0.731181295870338,0.0,0.354156842,0.0,0.0,0.0,0.731181295870338,0.0,0.0,0.0,0.0,0.0,0.0,0.0,0.0,0.0,0.6333557640600526,0.0,1.05e-08
7304.0,0.7326031526739797,0.0,0.368666027,0.0,0.0,0.0,0.7326031526739797,0.0,0.0,0.0,0.0,0.0,0.0,0.0,0.0,0.0,0.6878365986461371,0.0,1.05e-08
7305.0,0.7525005825225326,0.0,0.374033374,0.0,0.0,0.0,0.7525005825225326,0.0,0.0,0.0,0.0,0.0,0.0,0.0,0.0,0.0,0.6886191134617796,0.0,1.05e-08
7306.0,0.8030150433627568,0.0,0.378723475,0.0,0.0,0.0,0.8030150433627568,0.0,0.0,0.0,0.0,0.0,0.0,0.0,0.0,0.0,0.6561752243862444,0.0,1.05e-08
7307.0,0.8581591042172483,0.0,0.383810812,0.0,0.0,0.0,0.8581591042172483,0.0,0.0,0.0,0.0,0.0,0.0,0.0,0.0,0.0,0.6206322527939365,0.0,1.05e-08
7308.0,0.8910652390087584,0.0,0.384390276,0.0,0.0,0.0,0.8910652390087584,0.0,0.0,0.0,0.0,0.0,0.0,0.0,0.0,0.0,0.5899587449324336,0.0,1.05e-08
7309.0,0.9097420990108116,0.000570494,0.371346651,0.0,0.0,0.0011197856451181274,0.9086223133656934,0.0,0.0,0.0,0.0,0.0,0.0,0.0,0.0,-2.168404344971009e-19,0.5221456608149009,0.0,1.05e-08
7310.0,0.9221833460426769,0.140755381,0.300262248,0.0,0.0,0.2762796017432836,0.6459037442993933,0.0,0.0,0.0,0.0,0.0,0.0,0.0,0.0,0.0,0.5109818964812236,0.0,1.05e-08
7311.0,0.9255773867561893,0.460206619,0.256488055,0.0,0.0,0.9033097030723324,0.022267683683856933,0.0,0.0,0.0,0.0,0.0,0.0,0.0,0.0,1.1102230246251565e-16,0.9659596070851416,0.0,1.05e-08
7312.0,0.9254917327318735,0.585819637,0.299533636,0.0,0.0,0.9254917327318735,0.0,0.0,0.0,0.0,0.0,0.0,0.0,0.0,0.0,0.22437561055466793,1.1540783589257884,0.0,1e-08
7313.0,0.9271769756602862,0.610579672,0.33550584,0.0,0.0,0.9271769756602862,0.0,0.0,0.0,0.0,0.0,0.0,0.0,0.0,0.0,0.2712902332963979,1.2926762897413568,0.0,1e-08
7314.0,0.9271962478157573,0.600979121,0.34857733,0.0,0.0,0.9271962478157574,0.0,0.0,0.0,0.0,0.0,0.0,0.0,0.0,0.0,0.25242666269953307,1.3430396610453892,0.0,1e-08
7315.0,0.928699475942499,0.595719618,0.35988129,0.0,0.0,0.928699475942499,0.0,0.0,0.0,0.0,0.0,0.0,0.0,0.0,0.0,0.24059989749815835,1.3865928852521117,0.0,1e-08
7316.0,0.9324511222075297,0.606992917,0.368258868,0.0,0.0,0.9324511222075297,0.0,0.0,0.0,0.0,0.0,0.0,0.0,0.0,0.0,0.258975878155277,1.4188710013232322,0.0,1e-08
7317.0,0.9408580646941223,0.625754291,0.36965028,0.0,0.0,0.9408580646941224,0.0,0.0,0.0,0.0,0.0,0.0,0.0,0.0,0.0,0.28739441900048524,1.4242319968327637,0.0,1e-08
7318.0,0.9565156203390447,0.594270869,0.36725371,0.0,0.0,0.9565156203390447,0.0,0.0,0.0,0.0,0.0,0.0,0.0,0.0,0.0,0.20994009771947153,1.4149982105722758,0.0,1e-08
7319.0,0.969541456086865,0.412385184,0.377208645,0.0,0.0,0.8094441121249263,0.16009734396193873,0.0,0.0,0.0,0.0,0.0,0.0,0.0,0.0,0.0,1.2932564089174885,0.0,1.05e-08
7320.0,0.9673808333234999,0.066449389,0.396046531,0.0,0.0,0.13042919282073148,0.8369516405027684,0.0,0.0,0.0,0.0,0.0,0.0,0.0,0.0,2.7755575615628914e-17,0.6889829311816329,0.0,1.05e-08
7321.0,0.9466953864512418,0.0,0.397204167,0.0,0.0,0.0,0.9466953864512418,0.0,0.0,0.0,0.0,0.0,0.0,0.0,0.0,0.0,0.5836994611238892,0.0,1.05e-08
7322.0,0.9034765071321132,0.0,0.393573767,0.0,0.0,0.0,0.9034765071321132,0.0,0.0,0.0,0.0,0.0,0.0,0.0,0.0,0.0,0.6129307091031967,0.0,1.05e-08
7323.0,0.8533689029073889,0.0,0.394527284,0.0,0.0,0.0,0.8533689029073889,0.0,0.0,0.0,0.0,0.0,0.0,0.0,0.0,0.0,0.6667121355712694,0.0,1.05e-08
7324.0,0.8084390844525527,0.0,0.402627464,0.0,0.0,0.0,0.8084390844525527,0.0,0.0,0.0,0.0,0.0,0.0,0.0,0.0,0.0,0.7428512785154712,0.0,1.05e-08
7325.0,0.7737663354095299,0.0,0.403496647,0.0,0.0,0.0,0.7737663354095299,0.0,0.0,0.0,0.0,0.0,0.0,0.0,0.0,0.0,0.7808729178655784,0.0,1.05e-08
7326.0,0.7513014261821118,0.0,0.400989868,0.0,0.0,0.0,0.7513014261821118,0.0,0.0,0.0,0.0,0.0,0.0,0.0,0.0,0.0,0.7936794146584425,0.0,1.05e-08
7327.0,0.7390871623146833,0.0,0.399499199,0.0,0.0,0.0,0.7390871623146833,0.0,0.0,0.0,0.0,0.0,0.0,0.0,0.0,0.0,0.8001502539936709,0.0,1.05e-08
7328.0,0.7410486394715144,0.0,0.397534071,0.0,0.0,0.0,0.7410486394715144,0.0,0.0,0.0,0.0,0.0,0.0,0.0,0.0,0.0,0.7906173009665333,0.0,1.05e-08
7329.0,0.7631538017968063,0.0,0.397278873,0.0,0.0,0.0,0.7631538017968063,0.0,0.0,0.0,0.0,0.0,0.0,0.0,0.0,0.0,0.7675288818258326,0.0,1.05e-08
7330.0,0.8166704361892981,0.0,0.400188284,0.0,0.0,0.0,0.8166704361892981,0.0,0.0,0.0,0.0,0.0,0.0,0.0,0.0,0.0,0.7252219677076964,0.0,1.05e-08
7331.0,0.8748509322057836,0.0,0.397681487,0.0,0.0,0.0,0.8748509322057836,0.0,0.0,0.0,0.0,0.0,0.0,0.0,0.0,0.0,0.6573829899041435,0.0,1.05e-08
7332.0,0.9112581752412008,0.0,0.391891398,0.0,0.0,0.0,0.9112581752412008,0.0,0.0,0.0,0.0,0.0,0.0,0.0,0.0,0.0,0.5986670121957554,0.0,1.05e-08
7333.0,0.9326588332164953,0.000386583,0.365884739,0.0,0.0,0.0007587986798225767,0.9319000345366727,0.0,0.0,0.0,0.0,0.0,0.0,0.0,0.0,0.0,0.47782364384551224,0.0,1.05e-08
7334.0,0.9448238460199423,0.172172878,0.252369768,0.0,0.0,0.33794696747568714,0.6068768785442551,0.0,0.0,0.0,0.0,0.0,0.0,0.0,0.0,-5.551115123125783e-17,0.36548299257192884,0.0,1.05e-08
7335.0,0.9452842364006396,0.570490211,0.223394324,0.0,0.0,0.9452842364006396,0.0,0.0,0.0,0.0,0.0,0.0,0.0,0.0,0.0,0.17449397153530988,0.8607198786691718,0.0,1e-08
7336.0,0.9404083810664645,0.674075473,0.232434526,0.0,0.0,0.9404083810664645,0.0,0.0,0.0,0.0,0.0,0.0,0.0,0.0,0.0,0.38269061452614794,0.8955510302815324,0.0,1e-08
7337.0,0.9366674415544733,0.666153417,0.234787272,0.0,0.0,0.9366674415544733,0.0,0.0,0.0,0.0,0.0,0.0,0.0,0.0,0.0,0.3708818644907961,0.9046159662897515,0.0,1e-08
7338.0,0.9334811118499268,0.633966613,0.231572606,0.0,0.0,0.9334811118499268,0.0,0.0,0.0,0.0,0.0,0.0,0.0,0.0,0.0,0.31089080568392846,0.8922301237135457,0.0,1e-08
7339.0,0.9259692539174339,0.618355143,0.236540743,0.0,0.0,0.9259692539174338,0.0,0.0,0.0,0.0,0.0,0.0,0.0,0.0,0.0,0.2877599224040823,0.9113719452212928,0.0,1e-08
7340.0,0.9231405297644056,0.628974893,0.242888427,0.0,0.0,0.9231405297644056,0.0,0.0,0.0,0.0,0.0,0.0,0.0,0.0,0.0,0.31143346456526333,0.935829047373585,0.0,1e-08
7341.0,0.9286502248785174,0.651143496,0.244182215,0.0,0.0,0.9286502248785174,0.0,0.0,0.0,0.0,0.0,0.0,0.0,0.0,0.0,0.34943708144342944,0.9408139056745669,0.0,1e-08
7342.0,0.9356824202748419,0.607508872,0.249881879,0.0,0.0,0.9356824202748419,0.0,0.0,0.0,0.0,0.0,0.0,0.0,0.0,0.0,0.25675731466979546,0.9627742402913723,0.0,1e-08
7343.0,0.9417959762603799,0.411127094,0.295845904,0.0,0.0,0.8069746889193068,0.13482128734107313,0.0,0.0,0.0,0.0,0.0,0.0,0.0,0.0,0.0,1.0050485447843456,0.0,1.05e-08
7344.0,0.934935088912687,0.055124645,0.362682061,0.0,0.0,0.10820058784708123,0.8267345010656059,0.0,0.0,0.0,0.0,0.0,0.0,0.0,0.0,0.0,0.5706495235142003,0.0,1.05e-08
7345.0,0.9159541571243127,0.0,0.422828481,0.0,0.0,0.0,0.9159541571243127,0.0,0.0,0.0,0.0,0.0,0.0,0.0,0.0,0.0,0.7131690558011429,0.0,1.05e-08
7346.0,0.881013739255303,0.0,0.465380713,0.0,0.0,0.0,0.881013739255303,0.0,0.0,0.0,0.0,0.0,0.0,0.0,0.0,0.0,0.9120597088790938,0.0,1.05e-08
7347.0,0.8422595759536338,0.0,0.499397058,0.0,0.0,0.0,0.8422595759536338,0.0,0.0,0.0,0.0,0.0,0.0,0.0,0.0,0.0,1.0818760398174336,0.0,1.05e-08
7348.0,0.8031692206065252,0.0,0.525136272,0.0,0.0,0.0,0.8031692206065252,0.0,0.0,0.0,0.0,0.0,0.0,0.0,0.0,0.0,1.2201374607244708,0.0,1.05e-08
7349.0,0.7737984556686484,0.0,0.535112794,0.0,0.0,0.0,0.7737984556686484,0.0,0.0,0.0,0.0,0.0,0.0,0.0,0.0,0.0,1.287946940897477,0.0,1.05e-08
7350.0,0.7506247593900173,0.0,0.532142095,0.0,0.0,0.0,0.7506247593900172,0.0,0.0,0.0,0.0,0.0,0.0,0.0,0.0,0.0,1.299674779299958,0.0,1.05e-08
7351.0,0.736643881271076,0.0,0.520387545,0.0,0.0,0.0,0.736643881271076,0.0,0.0,0.0,0.0,0.0,0.0,0.0,0.0,0.0,1.2683663471595628,0.0,1.05e-08
7352.0,0.7317680259369009,0.0,0.51131789,0.0,0.0,0.0,0.7317680259369009,0.0,0.0,0.0,0.0,0.0,0.0,0.0,0.0,0.0,1.2382975709051074,0.0,1.05e-08
7353.0,0.7378687338187915,0.0,0.492000142,0.0,0.0,0.0,0.7378687338187915,0.0,0.0,0.0,0.0,0.0,0.0,0.0,0.0,0.0,1.157767175567408,0.0,1.05e-08
7354.0,0.7554427982577793,0.0,0.472234292,0.0,0.0,0.0,0.7554427982577793,0.0,0.0,0.0,0.0,0.0,0.0,0.0,0.0,0.0,1.0640369236784961,0.0,1.05e-08
7355.0,0.7874281522878949,0.0,0.4615059,0.0,0.0,0.0,0.7874281522878949,0.0,0.0,0.0,0.0,0.0,0.0,0.0,0.0,0.0,0.9907159614054636,0.0,1.05e-08
7356.0,0.8197861013237842,0.0,0.449853984,0.0,0.0,0.0,0.8197861013237842,0.0,0.0,0.0,0.0,0.0,0.0,0.0,0.0,0.0,0.9134641424349763,0.0,1.05e-08
7357.0,0.8454030786460225,0.000279873,0.416534895,0.0,0.0,0.0005493445467544718,0.8448537340992679,0.0,0.0,0.0,0.0,0.0,0.0,0.0,0.0,0.0,0.7600208117995626,0.0,1.05e-08
7358.0,0.8574631652696826,0.121359085,0.313085596,0.0,0.0,0.23820787122681514,0.6192552940428674,0.0,0.0,0.0,0.0,0.0,0.0,0.0,0.0,-2.7755575615628914e-17,0.5870376474115687,0.0,1.05e-08
7359.0,0.8569385343707485,0.487478695,0.325955656,0.0,0.0,0.8569385343707485,0.0,0.0,0.0,0.0,0.0,0.0,0.0,0.0,0.0,0.09990175660850431,1.2558802196059837,0.0,1e-08
7360.0,0.8492703578438794,0.606487193,0.411232655,0.0,0.0,0.8492703578438794,0.0,0.0,0.0,0.0,0.0,0.0,0.0,0.0,0.0,0.341163989702961,1.5844454531279917,0.0,1e-08
7361.0,0.8399854616080502,0.62158383,0.427354809,0.0,0.0,0.8399854616080502,0.0,0.0,0.0,0.0,0.0,0.0,0.0,0.0,0.0,0.3800810948702762,1.6465627808483043,0.0,1e-08
7362.0,0.8327091522424257,0.599326543,0.419174973,0.0,0.0,0.8327091522424257,0.0,0.0,0.0,0.0,0.0,0.0,0.0,0.0,0.0,0.3436700201759908,1.615046548370286,0.0,1e-08
7363.0,0.8299318205039868,0.580056431,0.409166505,0.0,0.0,0.8299318205039868,0.0,0.0,0.0,0.0,0.0,0.0,0.0,0.0,0.0,0.3086232997816841,1.5764847478358004,0.0,1e-08
7364.0,0.8337262937811755,0.58234303,0.40149065,0.0,0.0,0.8337262937811755,0.0,0.0,0.0,0.0,0.0,0.0,0.0,0.0,0.0,0.3093170432716156,1.5469103125234593,0.0,1e-08
7365.0,0.8438505994552992,0.589334574,0.392635928,0.0,0.0,0.8438505994552992,0.0,0.0,0.0,0.0,0.0,0.0,0.0,0.0,0.0,0.31291598553421296,1.5127938000310057,0.0,1e-08
7366.0,0.8656195697351516,0.554044249,0.399646237,0.0,0.0,0.8656195697351516,0.0,0.0,0.0,0.0,0.0,0.0,0.0,0.0,0.0,0.2218779268037312,1.5398039415774551,0.0,1e-08
7367.0,0.8854955860776256,0.369277796,0.43395869,0.0,0.0,0.7248314180721623,0.16066416800546326,0.0,0.0,0.0,0.0,0.0,0.0,0.0,0.0,1.1102230246251565e-16,1.5113428208750275,0.0,1.05e-08
7368.0,0.8889153229984327,0.055079329,0.474160841,0.0,0.0,0.10811164001188196,0.7808036829865507,0.0,0.0,0.0,0.0,0.0,0.0,0.0,0.0,0.0,1.0460988731195413,0.0,1.05e-08
7369.0,0.8791807431349457,0.0,0.471107956,0.0,0.0,0.0,0.8791807431349457,0.0,0.0,0.0,0.0,0.0,0.0,0.0,0.0,0.0,0.9359592992253138,0.0,1.05e-08
7370.0,0.8561333865421803,0.0,0.45820445,0.0,0.0,0.0,0.8561333865421803,0.0,0.0,0.0,0.0,0.0,0.0,0.0,0.0,0.0,0.9092905129910709,0.0,1.05e-08
7371.0,0.8248461128102381,0.0,0.454357844,0.0,0.0,0.0,0.8248461128102381,0.0,0.0,0.0,0.0,0.0,0.0,0.0,0.0,0.0,0.9257571315231609,0.0,1.05e-08
7372.0,0.789490272923297,0.0,0.451209147,0.0,0.0,0.0,0.789490272923297,0.0,0.0,0.0,0.0,0.0,0.0,0.0,0.0,0.0,0.948981301942054,0.0,1.05e-08
7373.0,0.7619867657155039,0.0,0.448530712,0.0,0.0,0.0,0.7619867657155039,0.0,0.0,0.0,0.0,0.0,0.0,0.0,0.0,0.0,0.966165020325565,0.0,1.05e-08
7374.0,0.7415197366052512,0.0,0.448555777,0.0,0.0,0.0,0.7415197366052512,0.0,0.0,0.0,0.0,0.0,0.0,0.0,0.0,0.0,0.9867286228105238,0.0,1.05e-08
7375.0,0.7276223711600178,0.0,0.448045718,0.0,0.0,0.0,0.7276223711600178,0.0,0.0,0.0,0.0,0.0,0.0,0.0,0.0,0.0,0.9986607730581045,0.0,1.05e-08
7376.0,0.723408193163682,0.0,0.450522553,0.0,0.0,0.0,0.723408193163682,0.0,0.0,0.0,0.0,0.0,0.0,0.0,0.0,0.0,1.0124179917302794,0.0,1.05e-08
7377.0,0.7226587204509191,0.0,0.441860776,0.0,0.0,0.0,0.7226587204509191,0.0,0.0,0.0,0.0,0.0,0.0,0.0,0.0,0.0,0.9797943530989089,0.0,1.05e-08
7378.0,0.7328472666432796,0.0,0.439827817,0.0,0.0,0.0,0.7328472666432796,0.0,0.0,0.0,0.0,0.0,0.0,0.0,0.0,0.0,0.9617729837958798,0.0,1.05e-08
7379.0,0.7517896541207117,0.0,0.446673531,0.0,0.0,0.0,0.7517896541207117,0.0,0.0,0.0,0.0,0.0,0.0,0.0,0.0,0.0,0.9692065669249518,0.0,1.05e-08
7380.0,0.7820555036126884,0.0,0.452102799,0.0,0.0,0.0,0.7820555036126884,0.0,0.0,0.0,0.0,0.0,0.0,0.0,0.0,0.0,0.959859238595681,0.0,1.05e-08
7381.0,0.8075696961057478,0.000254727,0.432480572,0.0,0.0,0.0004999870954365957,0.8070697090103112,0.0,0.0,0.0,0.0,0.0,0.0,0.0,0.0,0.0,0.8592422133043043,0.0,1.05e-08
7382.0,0.8264050160527852,0.153710841,0.362945984,0.0,0.0,0.3017090333129444,0.5246959827398407,0.0,0.0,0.0,0.0,0.0,0.0,0.0,0.0,-5.551115123125783e-17,0.8737049153597152,0.0,1.05e-08
7383.0,0.8328997324465283,0.474238808,0.355719055,0.0,0.0,0.8328997324465284,0.0,0.0,0.0,0.0,0.0,0.0,0.0,0.0,0.0,0.09795284366528312,1.3705561375852704,0.0,1e-08
7384.0,0.8341781187594411,0.563700727,0.378133458,0.0,0.0,0.8341781187594411,0.0,0.0,0.0,0.0,0.0,0.0,0.0,0.0,0.0,0.27227345169923567,1.45691698098164,0.0,1e-08
7385.0,0.835212391103054,0.567780049,0.393441704,0.0,0.0,0.835212391103054,0.0,0.0,0.0,0.0,0.0,0.0,0.0,0.0,0.0,0.2792462157441118,1.5158983884043187,0.0,1e-08
7386.0,0.8360089735291907,0.548624542,0.404125058,0.0,0.0,0.8360089735291907,0.0,0.0,0.0,0.0,0.0,0.0,0.0,0.0,0.0,0.2408505319013785,1.55706046895324,0.0,1e-08
7387.0,0.8385036469873873,0.535863888,0.413036075,0.0,0.0,0.8385036469873873,0.0,0.0,0.0,0.0,0.0,0.0,0.0,0.0,0.0,0.2133087989271848,1.591393881430895,0.0,1e-08
7388.0,0.8461289965020986,0.534693158,0.423552439,0.0,0.0,0.8461289965020986,0.0,0.0,0.0,0.0,0.0,0.0,0.0,0.0,0.0,0.2033854994808193,1.6319125633026907,0.0,1e-08
7389.0,0.8636409617734574,0.524805641,0.434150072,0.0,0.0,0.8636409617734574,0.0,0.0,0.0,0.0,0.0,0.0,0.0,0.0,0.0,0.16646596883197817,1.67274436791891,0.0,1e-08
7390.0,0.8876926118013251,0.46997422,0.450017336,0.0,0.0,0.8876926118013251,0.0,0.0,0.0,0.0,0.0,0.0,0.0,0.0,0.0,0.034789281315147136,1.733879625522374,0.0,1e-08
7391.0,0.9123524054018347,0.301422961,0.500867093,0.0,0.0,0.5916435665174413,0.32070883888439344,0.0,0.0,0.0,0.0,0.0,0.0,0.0,0.0,0.0,1.6090907003211807,0.0,1.05e-08
7392.0,0.9214274492780903,0.053029964,0.541166041,0.0,0.0,0.1040890744658683,0.817338374812222,0.0,0.0,0.0,0.0,0.0,0.0,0.0,0.0,0.0,1.267729682464811,0.0,1.05e-08
7393.0,0.9084615713472909,0.0,0.563727596,0.0,0.0,0.0,0.9084615713472909,0.0,0.0,0.0,0.0,0.0,0.0,0.0,0.0,0.0,1.2635342938277971,0.0,1.05e-08
7394.0,0.879840279122177,0.0,0.585821684,0.0,0.0,0.0,0.879840279122177,0.0,0.0,0.0,0.0,0.0,0.0,0.0,0.0,0.0,1.3772822822113415,0.0,1.05e-08
7395.0,0.8414030357104761,0.0,0.598012098,0.0,0.0,0.0,0.8414030357104761,0.0,0.0,0.0,0.0,0.0,0.0,0.0,0.0,0.0,1.4626881838733166,0.0,1.05e-08
7396.0,0.8007923214317626,0.0,0.59623952,0.0,0.0,0.0,0.8007923214317626,0.0,0.0,0.0,0.0,0.0,0.0,0.0,0.0,0.0,1.4964693015276698,0.0,1.05e-08
7397.0,0.764434329460327,0.0,0.587195327,0.0,0.0,0.0,0.7644343294603271,0.0,0.0,0.0,0.0,0.0,0.0,0.0,0.0,0.0,1.4979807648933892,0.0,1.05e-08
7398.0,0.7391728163389991,0.0,0.57340817,0.0,0.0,0.0,0.7391728163389991,0.0,0.0,0.0,0.0,0.0,0.0,0.0,0.0,0.0,1.4701215008716382,0.0,1.05e-08
7399.0,0.722579490478427,0.0,0.556671432,0.0,0.0,0.0,0.722579490478427,0.0,0.0,0.0,0.0,0.0,0.0,0.0,0.0,0.0,1.4222295576226975,0.0,1.05e-08
7400.0,0.7176008503150729,0.0,0.539801718,0.0,0.0,0.0,0.7176008503150729,0.0,0.0,0.0,0.0,0.0,0.0,0.0,0.0,0.0,1.362210583131958,0.0,1.05e-08
7401.0,0.7230013365481821,0.0,0.522785172,0.0,0.0,0.0,0.7230013365481821,0.0,0.0,0.0,0.0,0.0,0.0,0.0,0.0,0.0,1.2912467506766396,0.0,1.05e-08
7402.0,0.7540038106492744,0.0,0.512489283,0.0,0.0,0.0,0.7540038106492745,0.0,0.0,0.0,0.0,0.0,0.0,0.0,0.0,0.0,1.220575066668176,0.0,1.05e-08
7403.0,0.8159423769826141,0.0,0.506596146,0.0,0.0,0.0,0.815942376982614,0.0,0.0,0.0,0.0,0.0,0.0,0.0,0.0,0.0,1.1359307302293224,0.0,1.05e-08
7404.0,0.8744483582914995,0.0,0.50209117,0.0,0.0,0.0,0.8744483582914995,0.0,0.0,0.0,0.0,0.0,0.0,0.0,0.0,0.0,1.060067448489977,0.0,1.05e-08
7405.0,0.9083437970638567,0.00022163,0.472586959,0.0,0.0,0.000435023142272365,0.9079087739215843,0.0,0.0,0.0,0.0,0.0,0.0,0.0,0.0,0.0,0.912929744836452,0.0,1.05e-08
7406.0,0.9322155736406613,0.148944504,0.380667358,0.0,0.0,0.29235349977114483,0.6398620738695167,0.0,0.0,0.0,0.0,0.0,0.0,0.0,0.0,0.0,0.8268178145195644,0.0,1.05e-08
7407.0,0.945781029741671,0.566763878,0.326783361,0.0,0.0,0.945781029741671,0.0,0.0,0.0,0.0,0.0,0.0,0.0,0.0,0.0,0.1666830010034056,1.2590692986050271,0.0,1e-08
7408.0,0.9510337627828355,0.674022091,0.409683884,0.0,0.0,0.9510337627828355,0.0,0.0,0.0,0.0,0.0,0.0,0.0,0.0,0.0,0.3719604527466954,1.5784781663888428,0.0,1e-08
7409.0,0.9546804828680794,0.662628445,0.452502659,0.0,0.0,0.9546804828680794,0.0,0.0,0.0,0.0,0.0,0.0,0.0,0.0,0.0,0.3459498844240333,1.7434553697611297,0.0,1e-08
7410.0,0.9573443230242997,0.62905043,0.466739049,0.0,0.0,0.9573443230242997,0.0,0.0,0.0,0.0,0.0,0.0,0.0,0.0,0.0,0.27737793797999744,1.798307004547907,0.0,1e-08
7411.0,0.9576997872252102,0.615372906,0.477329227,0.0,0.0,0.9576997872252102,0.0,0.0,0.0,0.0,0.0,0.0,0.0,0.0,0.0,0.25017574964884415,1.8391100856648872,0.0,1e-08
7412.0,0.9588539752028651,0.628975596,0.477682534,0.0,0.0,0.9588539752028651,0.0,0.0,0.0,0.0,0.0,0.0,0.0,0.0,0.0,0.27572139899987613,1.840471348353786,0.0,1e-08
7413.0,0.966284461812258,0.652951124,0.465770437,0.0,0.0,0.966284461812258,0.0,0.0,0.0,0.0,0.0,0.0,0.0,0.0,0.0,0.3153509201881598,1.7945750225163604,0.0,1e-08
7414.0,0.9871647715898344,0.635376098,0.460046952,0.0,0.0,0.9871647715898344,0.0,0.0,0.0,0.0,0.0,0.0,0.0,0.0,0.0,0.25997373256896217,1.7725229075540985,0.0,1e-08
7415.0,1.0042099224286722,0.40782602,0.477216645,0.0,0.0,0.8004952250184196,0.20371469741025255,0.0,0.0,0.0,0.0,0.0,0.0,0.0,0.0,1.1102230246251565e-16,1.6349616191075709,0.0,1.05e-08
7416.0,1.003404774600104,0.04919463,0.481926263,0.0,0.0,0.0965609462867227,0.9068438283133814,0.0,0.0,0.0,0.0,0.0,0.0,0.0,0.0,1.3877787807814457e-17,0.9499782573580854,0.0,1.05e-08
7417.0,0.9875202357907448,0.0,0.462283173,0.0,0.0,0.0,0.9875202357907448,0.0,0.0,0.0,0.0,0.0,0.0,0.0,0.0,0.0,0.7936186465711891,0.0,1.05e-08
7418.0,0.9511365476120144,0.0,0.434980288,0.0,0.0,0.0,0.9511365476120144,0.0,0.0,0.0,0.0,0.0,0.0,0.0,0.0,0.0,0.7248065739815379,0.0,1.05e-08
7419.0,0.9019154625389584,0.0,0.417364263,0.0,0.0,0.0,0.9019154625389584,0.0,0.0,0.0,0.0,0.0,0.0,0.0,0.0,0.0,0.7061545697605566,0.0,1.05e-08
7420.0,0.8510284066929605,0.0,0.408132832,0.0,0.0,0.0,0.8510284066929605,0.0,0.0,0.0,0.0,0.0,0.0,0.0,0.0,0.0,0.7214736844521372,0.0,1.05e-08
7421.0,0.805316995266243,0.0,0.405313052,0.0,0.0,0.0,0.805316995266243,0.0,0.0,0.0,0.0,0.0,0.0,0.0,0.0,0.0,0.7563207164442466,0.0,1.05e-08
7422.0,0.7721282021944909,0.0,0.408317444,0.0,0.0,0.0,0.7721282021944909,0.0,0.0,0.0,0.0,0.0,0.0,0.0,0.0,0.0,0.8010851837382078,0.0,1.05e-08
7423.0,0.7513699494015644,0.0,0.411886655,0.0,0.0,0.0,0.7513699494015644,0.0,0.0,0.0,0.0,0.0,0.0,0.0,0.0,0.0,0.8355953117079837,0.0,1.05e-08
7424.0,0.7409479959929434,0.0,0.415903615,0.0,0.0,0.0,0.7409479959929434,0.0,0.0,0.0,0.0,0.0,0.0,0.0,0.0,0.0,0.8614942802077264,0.0,1.05e-08
7425.0,0.7444212666789478,0.0,0.426569899,0.0,0.0,0.0,0.7444212666789477,0.0,0.0,0.0,0.0,0.0,0.0,0.0,0.0,0.0,0.8991173207705742,0.0,1.05e-08
7426.0,0.76914958349891,0.0,0.439157768,0.0,0.0,0.0,0.76914958349891,0.0,0.0,0.0,0.0,0.0,0.0,0.0,0.0,0.0,0.9228890234872921,0.0,1.05e-08
7427.0,0.822824677836386,0.0,0.445838146,0.0,0.0,0.0,0.822824677836386,0.0,0.0,0.0,0.0,0.0,0.0,0.0,0.0,0.0,0.894952873804579,0.0,1.05e-08
7428.0,0.8758873459000043,0.0,0.445340297,0.0,0.0,0.0,0.8758873459000043,0.0,0.0,0.0,0.0,0.0,0.0,0.0,0.0,0.0,0.8399720346647988,0.0,1.05e-08
7429.0,0.9090076157523039,0.000177155,0.430050158,0.0,0.0,0.00034772605138862434,0.9086598897009153,0.0,0.0,0.0,0.0,0.0,0.0,0.0,0.0,0.0,0.7482878482166255,0.0,1.05e-08
7430.0,0.9351899096350264,0.150780352,0.367419232,0.0,0.0,0.295956966656018,0.6392329429790083,0.0,0.0,0.0,0.0,0.0,0.0,0.0,0.0,0.0,0.7764030101876455,0.0,1.05e-08
7431.0,0.951609786096359,0.600858167,0.356738362,0.0,0.0,0.951609786096359,0.0,0.0,0.0,0.0,0.0,0.0,0.0,0.0,0.0,0.22777571166275945,1.3744834432645614,0.0,1e-08
7432.0,0.9593657579981518,0.694805691,0.383019345,0.0,0.0,0.9593657579981518,0.0,0.0,0.0,0.0,0.0,0.0,0.0,0.0,0.0,0.40442323702753,1.4757419000329912,0.0,1e-08
7433.0,0.9651174257309557,0.663315536,0.400718773,0.0,0.0,0.9651174257309557,0.0,0.0,0.0,0.0,0.0,0.0,0.0,0.0,0.0,0.33686158788993514,1.5439363341971901,0.0,1e-08
7434.0,0.9693722893888415,0.627450554,0.411195573,0.0,0.0,0.9693722893888415,0.0,0.0,0.0,0.0,0.0,0.0,0.0,0.0,0.0,0.2622096788537982,1.5843025792448537,0.0,1e-08
7435.0,0.9713209184420252,0.613132936,0.421718479,0.0,0.0,0.9713209184420252,0.0,0.0,0.0,0.0,0.0,0.0,0.0,0.0,0.0,0.23215792670258895,1.6248464669023,0.0,1e-08
7436.0,0.9705371841195359,0.626064118,0.426306971,0.0,0.0,0.9705371841195359,0.0,0.0,0.0,0.0,0.0,0.0,0.0,0.0,0.0,0.2583234388842842,1.6425255475825882,0.0,1e-08
7437.0,0.9743252333449007,0.648313811,0.422327731,0.0,0.0,0.9743252333449007,0.0,0.0,0.0,0.0,0.0,0.0,0.0,0.0,0.0,0.29820786794911236,1.6271938645359074,0.0,1e-08
7438.0,0.9903211223858704,0.622782343,0.417197105,0.0,0.0,0.9903211223858704,0.0,0.0,0.0,0.0,0.0,0.0,0.0,0.0,0.0,0.2320979174715757,1.6074259863322657,0.0,1e-08
7439.0,1.0082956193885344,0.364926146,0.457916506,0.0,0.0,0.7162898467277166,0.2920057726608179,0.0,0.0,0.0,0.0,0.0,0.0,0.0,0.0,0.0,1.4723087024237465,0.0,1.05e-08
7440.0,1.0090044064397472,0.040979047,0.499193288,0.0,0.0,0.08043511164222772,0.9285692947975195,0.0,0.0,0.0,0.0,0.0,0.0,0.0,0.0,0.0,0.9947812119943404,0.0,1.05e-08
7441.0,0.9950470831774929,0.0,0.490939793,0.0,0.0,0.0,0.9950470831774929,0.0,0.0,0.0,0.0,0.0,0.0,0.0,0.0,0.0,0.8965033890933618,0.0,1.05e-08
7442.0,0.9607769080487542,0.0,0.465443792,0.0,0.0,0.0,0.9607769080487542,0.0,0.0,0.0,0.0,0.0,0.0,0.0,0.0,0.0,0.8325395782625061,0.0,1.05e-08
7443.0,0.9127892409258451,0.0,0.445524198,0.0,0.0,0.0,0.9127892409258451,0.0,0.0,0.0,0.0,0.0,0.0,0.0,0.0,0.0,0.8037786950022856,0.0,1.05e-08
7444.0,0.862737311816926,0.0,0.433274664,0.0,0.0,0.0,0.862737311816926,0.0,0.0,0.0,0.0,0.0,0.0,0.0,0.0,0.0,0.8066341813840657,0.0,1.05e-08
7445.0,0.819404940915579,0.0,0.423595942,0.0,0.0,0.0,0.819404940915579,0.0,0.0,0.0,0.0,0.0,0.0,0.0,0.0,0.0,0.8126752358528939,0.0,1.05e-08
7446.0,0.7864431310082636,0.0,0.416867706,0.0,0.0,0.0,0.7864431310082636,0.0,0.0,0.0,0.0,0.0,0.0,0.0,0.0,0.0,0.819713708184374,0.0,1.05e-08
7447.0,0.7652137810816004,0.0,0.412459829,0.0,0.0,0.0,0.7652137810816004,0.0,0.0,0.0,0.0,0.0,0.0,0.0,0.0,0.0,0.8239598721074901,0.0,1.05e-08
7448.0,0.756661226753671,0.0,0.405300501,0.0,0.0,0.0,0.756661226753671,0.0,0.0,0.0,0.0,0.0,0.0,0.0,0.0,0.0,0.8049281269904935,0.0,1.05e-08
7449.0,0.761357208636783,0.0,0.389323271,0.0,0.0,0.0,0.7613572086367831,0.0,0.0,0.0,0.0,0.0,0.0,0.0,0.0,0.0,0.7386731975887803,0.0,1.05e-08
7450.0,0.7895909164018681,0.0,0.372849142,0.0,0.0,0.0,0.7895909164018681,0.0,0.0,0.0,0.0,0.0,0.0,0.0,0.0,0.0,0.6469660315004645,0.0,1.05e-08
7451.0,0.8469148721751958,0.0,0.355104926,0.0,0.0,0.0,0.8469148721751958,0.0,0.0,0.0,0.0,0.0,0.0,0.0,0.0,0.0,0.5212750770982926,0.0,1.05e-08
7452.0,0.8990182151664775,0.0,0.336427015,0.0,0.0,0.0,0.8990182151664775,0.0,0.0,0.0,0.0,0.0,0.0,0.0,0.0,0.0,0.39720728576358033,0.0,1.05e-08
7453.0,0.9232411732429767,0.000114064,0.296871111,0.0,0.0,0.00022388882236229317,0.9230172844206144,0.0,0.0,0.0,0.0,0.0,0.0,0.0,0.0,0.0,0.22080258559677368,0.0,1.05e-08
7454.0,0.9408387925386512,0.110877814,0.286560975,0.0,0.0,0.2176348646598873,0.7232039278787639,0.0,0.0,0.0,0.0,0.0,0.0,0.0,0.0,0.0,0.38089183971701246,0.0,1.05e-08
7455.0,0.9544385102493873,0.543874838,0.288301965,0.0,0.0,0.9544385102493873,0.0,0.0,0.0,0.0,0.0,0.0,0.0,0.0,0.0,0.11309810947553012,1.110803658265211,0.0,1e-08
7456.0,0.9601366442169937,0.648520768,0.260046105,0.0,0.0,1.2335728614171373,0.0,0.0,0.2734362172001434,0.0,0.0,0.0,0.0,0.0,0.0,0.039366462339788244,1.0019361635347133,0.0,1e-08
7457.0,0.963935400195398,0.632012475,0.234213603,0.0,0.0,1.2405362668855051,0.0,0.0,0.2766008666901071,0.0,0.24609259548012902,0.0,0.0,0.0,0.0,0.0,0.9024056670160947,0.0,1.0000136218855531e-08
7458.0,0.9676549262013103,0.606455025,0.216735367,0.0,0.0,1.1903712070674801,0.0,0.0,0.22271628086616993,0.0,0.4950300233017175,0.0,0.0,0.0,0.0,2.220446049250313e-16,0.8350634673580982,0.0,1.000027243956662e-08
7459.0,0.9693958442455283,0.592802423,0.207115706,0.0,0.0,1.163573400713494,0.0,0.0,0.19417755646796558,0.0,0.6954679329308021,0.0,0.0,0.0,0.0,0.0,0.7979997080803175,0.0,1.0000408662133296e-08
7460.0,0.9700618042845833,0.602110868,0.201927639,0.0,0.0,1.181844343246407,0.0,0.0,0.2117825389618236,0.0,0.8702182602964292,0.0,0.0,0.0,0.0,0.0,0.7780105144481304,0.0,1.0000544886555574e-08
7461.0,0.9789291371518732,0.618829515,0.197204158,0.0,0.0,1.2146602903315598,0.0,0.0,0.23573115317968651,0.0,1.0608106915099942,0.0,0.0,0.0,0.0,2.220446049250313e-16,0.7598113323005296,0.0,1.0000681112833488e-08
7462.0,1.0002077381425178,0.607116256,0.206263955,0.0,0.0,1.1916690944806818,0.0,0.0,0.19146135633816405,0.0,1.2729542793267157,0.0,0.0,0.0,0.0,0.0,0.7947179818294019,0.0,1.000081734096706e-08
7463.0,1.0194006636410737,0.347766621,0.256633509,0.0,0.0,0.6826085288312169,0.3367921348098568,0.0,0.0,0.0,1.4452521602297566,0.0,0.0,0.0,0.0,1.1102230246251565e-16,0.6519955782070764,0.0,1.05e-08
7464.0,1.0200345034210103,0.036662605,0.310738086,0.0,0.0,0.07196264779583324,0.9480718556251772,0.0,0.0,0.0,1.4452324734384054,0.0,0.0,0.0,0.0,0.0,0.24917632369656195,0.0,1.05e-08
7465.0,1.0078609252151318,0.0,0.308682391,0.0,0.0,0.0,1.0078609252151318,0.0,0.0,0.0,1.4452127869152223,0.0,0.0,0.0,0.0,0.0,0.18146683106586403,0.0,1.05e-08
7466.0,0.9752224592496084,0.0,0.291252319,0.0,0.0,0.0,0.9752224592496084,0.0,0.0,0.0,1.4451931006602026,0.0,0.0,0.0,0.0,0.0,0.14694866928718864,0.0,1.05e-08
7467.0,0.9284039695586096,0.0,0.269521743,0.0,0.0,0.0,0.9284039695586096,0.0,0.0,0.0,1.4451734146733435,0.0,0.0,0.0,0.0,0.0,0.11004104453075325,0.0,1.05e-08
7468.0,0.8780008589499959,0.0,0.251425217,0.0,0.0,0.0,0.8780008589499958,0.0,0.0,0.0,1.4451537289546408,0.0,0.0,0.0,0.0,0.0,0.09071973518027476,0.0,1.05e-08
7469.0,0.8354522223711381,0.0,0.231650712,0.0,0.0,0.0,0.8354522223711381,0.0,0.0,0.0,1.4451340435040914,0.0,0.0,0.0,0.0,0.0,0.057078837309085695,0.0,1.05e-08
7470.0,0.8044861512303801,0.0,0.216201246,0.0,0.0,0.0,0.8044861512303801,0.0,0.0,0.0,1.445114358321691,0.0,0.0,0.0,0.0,0.0,0.028519392031514768,0.0,1.05e-08
7471.0,0.7830319594898881,0.0,0.203460421,0.0,0.0,0.0,0.7830319594898881,0.0,0.0,0.0,1.4450946734074364,0.0,0.0,0.0,0.0,0.0,0.0008842374010347154,0.0,1.05e-08
7472.0,0.7742952490096797,0.0,0.193563039,0.0,0.0,0.0,0.7457824015390658,0.0,0.0,0.028512847470613892,1.4450749887613235,0.0,0.0,0.0,0.0,0.0,0.0,0.0,1.1113533027077317e-08
7473.0,0.7785865156278997,0.0,0.185175362,0.0,0.0,0.0,0.7134653748550924,0.0,0.0,0.06512114077280726,1.4165424569127354,0.0,0.0,0.0,0.0,0.0,0.0,0.0,1.1113684414352305e-08
7474.0,0.8026809926679253,0.0,0.17802936,0.0,0.0,0.0,0.6859324193874787,0.0,0.0,0.11674857328044654,1.3514020204235426,0.0,0.0,0.0,0.0,0.0,0.0,0.0,1.111383580368947e-08
7475.0,0.8600820370631372,0.0,0.170965931,0.0,0.0,0.0,0.6587176108685823,0.0,0.0,0.20136442619455494,1.2346350387501945,0.0,0.0,0.0,0.0,0.0,0.0,0.0,1.1113987195088845e-08
7476.0,0.9138599162297922,0.0,0.160908956,0.0,0.0,0.0,0.6199689168696295,0.0,0.0,0.2938909993601627,1.0332537947275322,0.0,0.0,0.0,0.0,0.0,1.1102230246251565e-16,0.0,1.1114138588550456e-08
7477.0,0.9406888979960987,5.38e-05,0.136491867,0.0,0.0,0.00010560052815166374,0.5258918897311318,0.0,0.0,0.4146914077368152,0.7393487206941539,0.0,0.0,0.0,0.0,0.0,0.0,0.0,1.1114289984074332e-08
7478.0,0.957883943377489,0.079859914,0.123669737,0.0,0.0,0.1567518419432425,0.47648928191070955,0.0,0.0,0.32464281952353696,0.3246472417708702,0.0,0.0,0.0,0.0,0.0,0.0,0.0,1.11144413816605e-08
7479.0,0.9657148625505582,0.506529595,0.106706455,0.0,0.0,0.965714862550558,0.0,0.0,0.0,0.0,0.0,0.0,0.0,0.0,0.0,0.028519203554429606,0.4111311574810533,0.0,1e-08
7480.0,0.9668090927111921,0.62399095,0.109037604,0.0,0.0,0.9668090927111921,0.0,0.0,0.0,0.0,0.0,0.0,0.0,0.0,0.0,0.25798224338283027,0.42011288203212,0.0,1e-08
7481.0,0.9641688074116586,0.615663167,0.119440492,0.0,0.0,0.9641688074116586,0.0,0.0,0.0,0.0,0.0,0.0,0.0,0.0,0.0,0.24427646394012492,0.46019435024869376,0.0,1e-08
7482.0,0.9617276677186591,0.5986116,0.133427305,0.0,0.0,0.9617276677186591,0.0,0.0,0.0,0.0,0.0,0.0,0.0,0.0,0.0,0.21324818948789248,0.5140843854687847,0.0,1e-08
7483.0,0.9616163174870487,0.590437329,0.153889005,0.0,0.0,0.9616163174870487,0.0,0.0,0.0,0.0,0.0,0.0,0.0,0.0,0.0,0.19731479371848382,0.5929216254935804,0.0,1e-08
7484.0,0.9603486379271753,0.605838125,0.176425503,0.0,0.0,0.9603486379271753,0.0,0.0,0.0,0.0,0.0,0.0,0.0,0.0,0.0,0.2288116961697333,0.6797528908402687,0.0,1e-08
7485.0,0.9690639349013047,0.627462069,0.193755816,0.0,0.0,0.9690639349013047,0.0,0.0,0.0,0.0,0.0,0.0,0.0,0.0,0.0,0.26254063538746253,0.7465251553972624,0.0,1e-08
7486.0,0.9946059649522667,0.613873894,0.21091986,0.0,0.0,0.9946059649522667,0.0,0.0,0.0,0.0,0.0,0.0,0.0,0.0,0.0,0.21032725855922862,0.812656799230578,0.0,1e-08
7487.0,1.0176062118316582,0.349346674,0.236438875,0.0,0.0,0.6857099123127713,0.33189629951888683,0.0,0.0,0.0,0.0,0.0,0.0,0.0,0.0,0.0,0.579083156712398,0.0,1.05e-08
7488.0,1.0212722040723732,0.032405824,0.280154406,0.0,0.0,0.06360728865408663,0.9576649154182865,0.0,0.0,0.0,0.0,0.0,0.0,0.0,0.0,0.0,0.12174687098392278,0.0,1.05e-08
7489.0,1.0126768227322858,0.0,0.289895033,0.0,0.0,0.0,1.0126768227322858,0.0,0.0,0.0,0.0,0.0,0.0,0.0,0.0,0.0,0.10426479495427454,0.0,1.05e-08
7490.0,0.9833724396632537,0.0,0.284965556,0.0,0.0,0.0,0.9833724396632537,0.0,0.0,0.0,0.0,0.0,0.0,0.0,0.0,0.0,0.11457631030235915,0.0,1.05e-08
7491.0,0.9384233490529466,0.0,0.28030401,0.0,0.0,0.0,0.9384233490529466,0.0,0.0,0.0,0.0,0.0,0.0,0.0,0.0,0.0,0.1415648492044197,0.0,1.05e-08
7492.0,0.8890395213336905,0.0,0.278585633,0.0,0.0,0.0,0.8890395213336905,0.0,0.0,0.0,0.0,0.0,0.0,0.0,0.0,0.0,0.18432791227547518,0.0,1.05e-08
7493.0,0.8461182897490591,0.0,0.281381064,0.0,0.0,0.0,0.8461182897490591,0.0,0.0,0.0,0.0,0.0,0.0,0.0,0.0,0.0,0.23801970860886912,0.0,1.05e-08
7494.0,0.8150087481175722,0.0,0.290888381,0.0,0.0,0.0,0.8150087481175722,0.0,0.0,0.0,0.0,0.0,0.0,0.0,0.0,0.0,0.30576015736541484,0.0,1.05e-08
7495.0,0.7942355058703906,0.0,0.304765067,0.0,0.0,0.0,0.7942355058703906,0.0,0.0,0.0,0.0,0.0,0.0,0.0,0.0,0.0,0.3799991245978481,0.0,1.05e-08
7496.0,0.7855351983505164,0.0,0.316881086,0.0,0.0,0.0,0.7855351983505164,0.0,0.0,0.0,0.0,0.0,0.0,0.0,0.0,0.0,0.4353814525778007,0.0,1.05e-08
7497.0,0.790967804842744,0.0,0.319308787,0.0,0.0,0.0,0.790967804842744,0.0,0.0,0.0,0.0,0.0,0.0,0.0,0.0,0.0,0.4393025775177335,0.0,1.05e-08
7498.0,0.8154455836415826,0.0,0.321178717,0.0,0.0,0.0,0.8154455836415826,0.0,0.0,0.0,0.0,0.0,0.0,0.0,0.0,0.0,0.4220294845582713,0.0,1.05e-08
7499.0,0.8719429780802632,0.0,0.327926711,0.0,0.0,0.0,0.8719429780802632,0.0,0.0,0.0,0.0,0.0,0.0,0.0,0.0,0.0,0.3915315536374744,0.0,1.05e-08
7500.0,0.9262840324567944,0.0,0.338425028,0.0,0.0,0.0,0.9262840324567944,0.0,0.0,0.0,0.0,0.0,0.0,0.0,0.0,0.0,0.37763964753236723,0.0,1.05e-08
7501.0,0.9577704517952706,6.28e-05,0.349620388,0.0,0.0,0.0001232660440134662,0.9576471857512572,0.0,0.0,0.0,0.0,0.0,0.0,0.0,0.0,0.0,0.3894112916146617,0.0,1.05e-08
7502.0,0.9812546439120463,0.108083343,0.368123524,0.0,0.0,0.2121497789070154,0.7691048650050308,0.0,0.0,0.0,0.0,0.0,0.0,0.0,0.0,0.0,0.6492446670652107,0.0,1.05e-08
7503.0,0.9953190347046955,0.58638794,0.392500518,0.0,0.0,0.9953190347046955,0.0,0.0,0.0,0.0,0.0,0.0,0.0,0.0,0.0,0.1556637936552695,1.5122720764854665,0.0,1e-08
7504.0,0.9990407020612156,0.692453007,0.402976725,0.0,0.0,0.9990407020612156,0.0,0.0,0.0,0.0,0.0,0.0,0.0,0.0,0.0,0.3601303622400428,1.55263603675311,0.0,1e-08
7505.0,0.9968458176881241,0.671847916,0.413170764,0.0,0.0,0.996845817688124,0.0,0.0,0.0,0.0,0.0,0.0,0.0,0.0,0.0,0.32188085084709195,1.5919128270229865,0.0,1e-08
7506.0,0.9933468507948249,0.644601416,0.435281342,0.0,0.0,0.9933468507948249,0.0,0.0,0.0,0.0,0.0,0.0,0.0,0.0,0.0,0.27189943130387983,1.6771030577893926,0.0,1e-08
7507.0,0.9901348248829837,0.629538919,0.45740743,0.0,0.0,0.9901348248829837,0.0,0.0,0.0,0.0,0.0,0.0,0.0,0.0,0.0,0.24554625947440412,1.7623530473047189,0.0,1e-08
7508.0,0.9849120707503296,0.641299968,0.472721183,0.0,0.0,0.9849120707503296,0.0,0.0,0.0,0.0,0.0,0.0,0.0,0.0,0.0,0.2738540133471621,1.8213556727435356,0.0,1e-08
7509.0,0.9887065440275182,0.655075324,0.471680603,0.0,0.0,0.9887065440275182,0.0,0.0,0.0,0.0,0.0,0.0,0.0,0.0,0.0,0.2970982922833043,1.8173464039523304,0.0,1e-08
7510.0,1.0035525277920487,0.620732313,0.462205498,0.0,0.0,1.0035525277920487,0.0,0.0,0.0,0.0,0.0,0.0,0.0,0.0,0.0,0.21484264123404495,1.7808396070026564,0.0,1e-08
7511.0,1.0186404841752712,0.369974063,0.476191712,0.0,0.0,0.7261980753757791,0.2924424087994922,0.0,0.0,0.0,0.0,0.0,0.0,0.0,0.0,0.0,1.542284925525731,0.0,1.05e-08
7512.0,1.016601918396556,0.032670954,0.519443161,0.0,0.0,0.06412769512302437,0.9524742232735316,0.0,0.0,0.0,0.0,0.0,0.0,0.0,0.0,0.0,1.0488973716084002,0.0,1.05e-08
7513.0,1.0059486991222824,0.0,0.539572264,0.0,0.0,0.0,1.0059486991222824,0.0,0.0,0.0,0.0,0.0,0.0,0.0,0.0,0.0,1.0729786670149628,0.0,1.05e-08
7514.0,0.9821540111673619,0.0,0.535702355,0.0,0.0,0.0,0.9821540111673619,0.0,0.0,0.0,0.0,0.0,0.0,0.0,0.0,0.0,1.0818629152357888,0.0,1.05e-08
7515.0,0.9492607244794992,0.0,0.528033185,0.0,0.0,0.0,0.9492607244794992,0.0,0.0,0.0,0.0,0.0,0.0,0.0,0.0,0.0,1.0852075233641494,0.0,1.05e-08
7516.0,0.910849177275093,0.0,0.518589317,0.0,0.0,0.0,0.9108491772750931,0.0,0.0,0.0,0.0,0.0,0.0,0.0,0.0,0.0,1.087232627199799,0.0,1.05e-08
7517.0,0.8735596977892234,0.0,0.509915983,0.0,0.0,0.0,0.8735596977892234,0.0,0.0,0.0,0.0,0.0,0.0,0.0,0.0,0.0,1.0911044671751085,0.0,1.05e-08
7518.0,0.8467007371144064,0.0,0.497055138,0.0,0.0,0.0,0.8467007371144064,0.0,0.0,0.0,0.0,0.0,0.0,0.0,0.0,0.0,1.0684116543322466,0.0,1.05e-08
7519.0,0.8312166308687234,0.0,0.481878085,0.0,0.0,0.0,0.8312166308687234,0.0,0.0,0.0,0.0,0.0,0.0,0.0,0.0,0.0,1.0254198289481018,0.0,1.05e-08
7520.0,0.8222829161325889,0.0,0.466103078,0.0,0.0,0.0,0.8222829161325889,0.0,0.0,0.0,0.0,0.0,0.0,0.0,0.0,0.0,0.9735737446816202,0.0,1.05e-08
7521.0,0.8233407433328885,0.0,0.452855861,0.0,0.0,0.0,0.8233407433328885,0.0,0.0,0.0,0.0,0.0,0.0,0.0,0.0,0.0,0.9214754845608129,0.0,1.05e-08
7522.0,0.83865354152994,0.0,0.445872279,0.0,0.0,0.0,0.83865354152994,0.0,0.0,0.0,0.0,0.0,0.0,0.0,0.0,0.0,0.8792555217407415,0.0,1.05e-08
7523.0,0.8618550753664737,0.0,0.441570746,0.0,0.0,0.0,0.8618550753664737,0.0,0.0,0.0,0.0,0.0,0.0,0.0,0.0,0.0,0.8394805365489647,0.0,1.05e-08
7524.0,0.8967312527172465,0.0,0.43811256,0.0,0.0,0.0,0.8967312527172464,0.0,0.0,0.0,0.0,0.0,0.0,0.0,0.0,0.0,0.7912802541760096,0.0,1.05e-08
7525.0,0.933314086502511,7.64e-05,0.439252328,0.0,0.0,0.00014996060131574552,0.9331641259011952,0.0,0.0,0.0,0.0,0.0,0.0,0.0,0.0,0.0,0.7592388129546338,0.0,1.05e-08
7526.0,0.9530830353145903,0.187707377,0.426394568,0.0,0.0,0.36843862730787097,0.5846444080067192,0.0,0.0,0.0,0.0,0.0,0.0,0.0,0.0,5.551115123125783e-17,1.0582186435816188,0.0,1.05e-08
7527.0,0.9651067189779162,0.543054221,0.411805669,0.0,0.0,0.9651067189779162,0.0,0.0,0.0,0.0,0.0,0.0,0.0,0.0,0.0,0.10081916489922726,1.5866532287407495,0.0,1e-08
7528.0,0.9605820451434357,0.65979896,0.41143815,0.0,0.0,0.9605820451434357,0.0,0.0,0.0,0.0,0.0,0.0,0.0,0.0,0.0,0.3344945096877625,1.5852372083897195,0.0,1e-08
7529.0,0.9470594160545839,0.649314588,0.40924242,0.0,0.0,0.9470594160545839,0.0,0.0,0.0,0.0,0.0,0.0,0.0,0.0,0.0,0.32743804545805444,1.5767772420604484,0.0,1e-08
7530.0,0.9351577893759079,0.621592535,0.399232225,0.0,0.0,0.9351577893759079,0.0,0.0,0.0,0.0,0.0,0.0,0.0,0.0,0.0,0.2849258535819271,1.5382087875376076,0.0,1e-08
7531.0,0.9228428820299084,0.609003783,0.388089242,0.0,0.0,0.9228428820299083,0.0,0.0,0.0,0.0,0.0,0.0,0.0,0.0,0.0,0.2725311166905605,1.4952757944156667,0.0,1e-08
7532.0,0.917305349357894,0.624844316,0.377136951,0.0,0.0,0.9173053493578941,0.0,0.0,0.0,0.0,0.0,0.0,0.0,0.0,0.0,0.30916100347045294,1.4530775218191372,0.0,1e-08
7533.0,0.927080614882931,0.643295055,0.365361566,0.0,0.0,0.927080614882931,0.0,0.0,0.0,0.0,0.0,0.0,0.0,0.0,0.0,0.33560149599724676,1.4077079360257094,0.0,1e-08
7534.0,0.9579374771426864,0.613089911,0.371549055,0.0,0.0,0.9579374771426864,0.0,0.0,0.0,0.0,0.0,0.0,0.0,0.0,0.0,0.24545691702193284,1.4315478200746294,0.0,1e-08
7535.0,0.9871133791752449,0.362850422,0.411915784,0.0,0.0,0.712215542811414,0.2748978363638309,0.0,0.0,0.0,0.0,0.0,0.0,0.0,0.0,-1.1102230246251565e-16,1.312179656376749,0.0,1.05e-08
7536.0,0.994903612686764,0.028411126,0.45818261,0.0,0.0,0.05576635522274099,0.939137257464023,0.0,0.0,0.0,0.0,0.0,0.0,0.0,0.0,6.938893903907228e-18,0.8262024943531469,0.0,1.05e-08
7537.0,0.9947344459887404,0.0,0.454644034,0.0,0.0,0.0,0.9947344459887404,0.0,0.0,0.0,0.0,0.0,0.0,0.0,0.0,0.0,0.7569714647762207,0.0,1.05e-08
7538.0,0.9728455600748458,0.0,0.437105868,0.0,0.0,0.0,0.9728455600748458,0.0,0.0,0.0,0.0,0.0,0.0,0.0,0.0,0.0,0.7112872456921575,0.0,1.05e-08
7539.0,0.9506054926612567,0.0,0.425099037,0.0,0.0,0.0,0.9506054926612567,0.0,0.0,0.0,0.0,0.0,0.0,0.0,0.0,0.0,0.6872659849910662,0.0,1.05e-08
7540.0,0.913498027977058,0.0,0.417010194,0.0,0.0,0.0,0.913498027977058,0.0,0.0,0.0,0.0,0.0,0.0,0.0,0.0,0.0,0.693207805710497,0.0,1.05e-08
7541.0,0.8910823698136215,0.0,0.404571886,0.0,0.0,0.0,0.8910823698136215,0.0,0.0,0.0,0.0,0.0,0.0,0.0,0.0,0.0,0.6676996905169622,0.0,1.05e-08
7542.0,0.8656131456833279,0.0,0.393897157,0.0,0.0,0.0,0.8656131456833279,0.0,0.0,0.0,0.0,0.0,0.0,0.0,0.0,0.0,0.6520400655109354,0.0,1.05e-08
7543.0,0.8483260222257981,0.0,0.381251748,0.0,0.0,0.0,0.8483260222257981,0.0,0.0,0.0,0.0,0.0,0.0,0.0,0.0,0.0,0.6206054725644171,0.0,1.05e-08
7544.0,0.8383344802893637,0.0,0.364663143,0.0,0.0,0.0,0.8383344802893637,0.0,0.0,0.0,0.0,0.0,0.0,0.0,0.0,0.0,0.566682489604996,0.0,1.05e-08
7545.0,0.8368141213577589,0.0,0.351632676,0.0,0.0,0.0,0.8368141213577589,0.0,0.0,0.0,0.0,0.0,0.0,0.0,0.0,0.0,0.5179975354631914,0.0,1.05e-08
7546.0,0.8441718020464833,0.0,0.346762179,0.0,0.0,0.0,0.8441718020464833,0.0,0.0,0.0,0.0,0.0,0.0,0.0,0.0,0.0,0.49187423212194814,0.0,1.05e-08
7547.0,0.8627030502071997,0.0,0.340923158,0.0,0.0,0.0,0.8627030502071997,0.0,0.0,0.0,0.0,0.0,0.0,0.0,0.0,0.0,0.45084571833389764,0.0,1.05e-08
7548.0,0.8870994576829384,0.0,0.32970997,0.0,0.0,0.0,0.8870994576829384,0.0,0.0,0.0,0.0,0.0,0.0,0.0,0.0,0.0,0.38324582366994087,0.0,1.05e-08
7549.0,0.9096992719986537,5.72e-05,0.301081314,0.0,0.0,0.00011227416747723357,0.9095869978311765,0.0,0.0,0.0,0.0,0.0,0.0,0.0,0.0,0.0,0.2504544365950393,0.0,1.05e-08
7550.0,0.921919959917906,0.09782002,0.245677294,0.0,0.0,0.19200456832353735,0.7299153915943687,0.0,0.0,0.0,0.0,0.0,0.0,0.0,0.0,0.0,0.2166589299781455,0.0,1.05e-08
7551.0,0.9184338411282542,0.485621679,0.237135508,0.0,0.0,0.9184338411282543,0.0,0.0,0.0,0.0,0.0,0.0,0.0,0.0,0.0,0.034761433672818365,0.9136635256404833,0.0,1e-08
7552.0,0.9140183761747763,0.619081685,0.249032699,0.0,0.0,0.9140183761747763,0.0,0.0,0.0,0.0,0.0,0.0,0.0,0.0,0.0,0.30113688228288027,0.9595024198910997,0.0,1e-08
7553.0,0.9052645348897048,0.606494351,0.246465111,0.0,0.0,0.9052645348897048,0.0,0.0,0.0,0.0,0.0,0.0,0.0,0.0,0.0,0.28518386263075124,0.949609715402187,0.0,1e-08
7554.0,0.8946305877709023,0.581504769,0.243856147,0.0,0.0,0.8946305877709023,0.0,0.0,0.0,0.0,0.0,0.0,0.0,0.0,0.0,0.2467673811716854,0.9395575926028081,0.0,1e-08
7555.0,0.8913843002493347,0.559122799,0.248206336,0.0,0.0,0.8913843002493347,0.0,0.0,0.0,0.0,0.0,0.0,0.0,0.0,0.0,0.20608155246509874,0.9563185115072113,0.0,1e-08
7556.0,0.8920502602883897,0.556891204,0.256323361,0.0,0.0,0.8920502602883897,0.0,0.0,0.0,0.0,0.0,0.0,0.0,0.0,0.0,0.20103533944053065,0.9875927383902303,0.0,1e-08
7557.0,0.9053780264719232,0.552419362,0.269302899,0.0,0.0,0.9053780264719232,0.0,0.0,0.0,0.0,0.0,0.0,0.0,0.0,0.0,0.17893008483672201,1.0376018262332225,0.0,1e-08
7558.0,0.9411963980901695,0.508163706,0.284865651,0.0,0.0,0.9411963980901695,0.0,0.0,0.0,0.0,0.0,0.0,0.0,0.0,0.0,0.05624515843597877,1.0975638242524668,0.0,1e-08
7559.0,0.9740275856104035,0.344534464,0.302492034,0.0,0.0,0.676264337636624,0.2977632479737794,0.0,0.0,0.0,0.0,0.0,0.0,0.0,0.0,1.1102230246251565e-16,0.8677135740911851,0.0,1.05e-08
7560.0,0.984357460942885,0.0311027,0.317899001,0.0,0.0,0.0610494711327649,0.9233079898101201,0.0,0.0,0.0,0.0,0.0,0.0,0.0,0.0,6.938893903907228e-18,0.30153060353646344,0.0,1.05e-08
7561.0,0.9856486953594452,0.0,0.315939827,0.0,0.0,0.0,0.9856486953594452,0.0,0.0,0.0,0.0,0.0,0.0,0.0,0.0,0.0,0.23164136238704947,0.0,1.05e-08
7562.0,0.9605435008324936,0.0,0.308905674,0.0,0.0,0.0,0.9605435008324936,0.0,0.0,0.0,0.0,0.0,0.0,0.0,0.0,0.0,0.22964454640499454,0.0,1.05e-08
7563.0,0.92459022412595,0.0,0.301802033,0.0,0.0,0.0,0.92459022412595,0.0,0.0,0.0,0.0,0.0,0.0,0.0,0.0,0.0,0.23822808107803262,0.0,1.05e-08
7564.0,0.8889517259587668,0.0,0.298594217,0.0,0.0,0.0,0.8889517259587668,0.0,0.0,0.0,0.0,0.0,0.0,0.0,0.0,0.0,0.2615071291532204,0.0,1.05e-08
7565.0,0.8584952962626876,0.0,0.300913444,0.0,0.0,0.0,0.8584952962626876,0.0,0.0,0.0,0.0,0.0,0.0,0.0,0.0,0.0,0.300899348919088,0.0,1.05e-08
7566.0,0.8323858083006337,0.0,0.306623468,0.0,0.0,0.0,0.8323858083006337,0.0,0.0,0.0,0.0,0.0,0.0,0.0,0.0,0.0,0.3490090877222425,0.0,1.05e-08
7567.0,0.8194584746807764,0.0,0.317391638,0.0,0.0,0.0,0.8194584746807764,0.0,0.0,0.0,0.0,0.0,0.0,0.0,0.0,0.0,0.4034252909334729,0.0,1.05e-08
7568.0,0.8160879888239508,0.0,0.330270638,0.0,0.0,0.0,0.8160879888239508,0.0,0.0,0.0,0.0,0.0,0.0,0.0,0.0,0.0,0.45641750002342907,0.0,1.05e-08
7569.0,0.8246576739567435,0.0,0.347224968,0.0,0.0,0.0,0.8246576739567435,0.0,0.0,0.0,0.0,0.0,0.0,0.0,0.0,0.0,0.5131714480037011,0.0,1.05e-08
7570.0,0.8511954320403763,0.0,0.369364855,0.0,0.0,0.0,0.8511954320403763,0.0,0.0,0.0,0.0,0.0,0.0,0.0,0.0,0.0,0.5719368458426384,0.0,1.05e-08
7571.0,0.904816992612655,0.0,0.387894323,0.0,0.0,0.0,0.904816992612655,0.0,0.0,0.0,0.0,0.0,0.0,0.0,0.0,0.0,0.5897077949957379,0.0,1.05e-08
7572.0,0.960961064201033,0.0,0.405383539,0.0,0.0,0.0,0.960961064201033,0.0,0.0,0.0,0.0,0.0,0.0,0.0,0.0,0.0,0.6009482280984414,0.0,1.05e-08
7573.0,0.993974266522938,4.32e-06,0.415062624,0.0,0.0,8.479447613665193e-06,0.9939657870753243,0.0,0.0,0.0,0.0,0.0,0.0,0.0,0.0,0.0,0.6052362202656861,0.0,1.05e-08
7574.0,1.0134327194968724,0.066823285,0.442583051,0.0,0.0,0.1311630890116942,0.8822696304851783,0.0,0.0,0.0,0.0,0.0,0.0,0.0,0.0,0.0,0.8229663089818955,0.0,1.05e-08
7575.0,1.0260088716170352,0.498474982,0.466807741,0.0,0.0,0.9784241890258565,0.04758468259117883,0.0,0.0,0.0,0.0,0.0,0.0,0.0,0.0,0.0,1.7509869865589747,0.0,1.05e-08
7576.0,1.0304393260247682,0.631248962,0.462502287,0.0,0.0,1.0304393260247682,0.0,0.0,0.0,0.0,0.0,0.0,0.0,0.0,0.0,0.20859829074827108,1.781983110505773,0.0,1e-08
7577.0,1.0292358869831317,0.621510462,0.459610607,0.0,0.0,1.0292358869831317,0.0,0.0,0.0,0.0,0.0,0.0,0.0,0.0,0.0,0.19068666020988956,1.77084170630989,0.0,1e-08
7578.0,1.0307648113171681,0.603513936,0.462231305,0.0,0.0,1.0307648113171681,0.0,0.0,0.0,0.0,0.0,0.0,0.0,0.0,0.0,0.15383352304137077,1.7809390392420754,0.0,1e-08
7579.0,1.0306406129819103,0.591967773,0.467425682,0.0,0.0,1.0306406129819103,0.0,0.0,0.0,0.0,0.0,0.0,0.0,0.0,0.0,0.13129450741891113,1.8009525447830754,0.0,1e-08
7580.0,1.0320517630325126,0.60417265,0.474305508,0.0,0.0,1.0320517630325126,0.0,0.0,0.0,0.0,0.0,0.0,0.0,0.0,0.0,0.1538395182832919,1.8274599461080303,0.0,1e-08
7581.0,1.0430240435473626,0.614929682,0.470031839,0.0,0.0,1.0430240435473626,0.0,0.0,0.0,0.0,0.0,0.0,0.0,0.0,0.0,0.16398151770421054,1.8109938524433042,0.0,1e-08
7582.0,1.066330503563683,0.593936272,0.453876831,0.0,0.0,1.066330503563683,0.0,0.0,0.0,0.0,0.0,0.0,0.0,0.0,0.0,0.09946845576029872,1.7487499409746337,0.0,1e-08
7583.0,1.0921680399985343,0.354374429,0.434467376,0.0,0.0,0.6955785662796331,0.39658947371890124,0.0,0.0,0.0,0.0,0.0,0.0,0.0,0.0,0.0,1.2773774403036477,0.0,1.05e-08
7584.0,1.0960567327024702,0.021826635,0.421380112,0.0,0.0,0.04284208520025259,1.0532146475022177,0.0,0.0,0.0,0.0,0.0,0.0,0.0,0.0,0.0,0.5703281192971841,0.0,1.05e-08
7585.0,1.0867868259208961,0.0,0.406550018,0.0,0.0,0.0,1.0867868259208961,0.0,0.0,0.0,0.0,0.0,0.0,0.0,0.0,0.0,0.47961681361790265,0.0,1.05e-08
7586.0,1.0539642038030939,0.0,0.395540047,0.0,0.0,0.0,1.0539642038030939,0.0,0.0,0.0,0.0,0.0,0.0,0.0,0.0,0.0,0.47001892686337077,0.0,1.05e-08
7587.0,1.0100964952497733,0.0,0.390520409,0.0,0.0,0.0,1.0100964952497733,0.0,0.0,0.0,0.0,0.0,0.0,0.0,0.0,0.0,0.49454638480977264,0.0,1.05e-08
7588.0,0.9603208003692727,0.0,0.392714504,0.0,0.0,0.0,0.9603208003692727,0.0,0.0,0.0,0.0,0.0,0.0,0.0,0.0,0.0,0.5527757464995904,0.0,1.05e-08
7589.0,0.9158749271518206,0.0,0.397923445,0.0,0.0,0.0,0.9158749271518205,0.0,0.0,0.0,0.0,0.0,0.0,0.0,0.0,0.0,0.6172912391470997,0.0,1.05e-08
7590.0,0.8844934339931311,0.0,0.404844041,0.0,0.0,0.0,0.8844934339931311,0.0,0.0,0.0,0.0,0.0,0.0,0.0,0.0,0.0,0.675337217073264,0.0,1.05e-08
7591.0,0.8653112152476149,0.0,0.406297363,0.0,0.0,0.0,0.8653112152476149,0.0,0.0,0.0,0.0,0.0,0.0,0.0,0.0,0.0,0.700118965444731,0.0,1.05e-08
7592.0,0.8575316884891352,0.0,0.401353388,0.0,0.0,0.0,0.8575316884891351,0.0,0.0,0.0,0.0,0.0,0.0,0.0,0.0,0.0,0.6888497648857546,0.0,1.05e-08
7593.0,0.8659193588202568,0.0,0.391820915,0.0,0.0,0.0,0.8659193588202568,0.0,0.0,0.0,0.0,0.0,0.0,0.0,0.0,0.0,0.6437342634393842,0.0,1.05e-08
7594.0,0.8971081304242359,0.0,0.382322947,0.0,0.0,0.0,0.8971081304242359,0.0,0.0,0.0,0.0,0.0,0.0,0.0,0.0,0.0,0.5759506056351469,0.0,1.05e-08
7595.0,0.9574107048931444,0.0,0.37420859,0.0,0.0,0.0,0.9574107048931444,0.0,0.0,0.0,0.0,0.0,0.0,0.0,0.0,0.0,0.4843840838668505,0.0,1.05e-08
7596.0,1.018120135977553,0.0,0.36428027,0.0,0.0,0.0,1.018120135977553,0.0,0.0,0.0,0.0,0.0,0.0,0.0,0.0,0.0,0.3854216558719712,0.0,1.05e-08
7597.0,1.048540162713298,5.45e-05,0.350051706,0.0,0.0,0.00010697451271869283,1.0484331882005793,0.0,0.0,0.0,0.0,0.0,0.0,0.0,0.0,0.0,0.30028712179376327,0.0,1.05e-08
7598.0,1.0667673390876933,0.235289357,0.323526349,0.0,0.0,0.46183420757742305,0.6049331315102703,0.0,0.0,0.0,0.0,0.0,0.0,0.0,0.0,0.0,0.6415871688782039,0.0,1.05e-08
7599.0,1.073778120977939,0.591775509,0.264669081,0.0,0.0,1.073778120977939,0.0,0.0,0.0,0.0,0.0,0.0,0.0,0.0,0.0,0.08777961689603209,1.019748108218726,0.0,1e-08
7600.0,1.069891569624611,0.669092633,0.225454937,0.0,0.0,1.069891569624611,0.0,0.0,0.0,0.0,0.0,0.0,0.0,0.0,0.0,0.24342693273946558,0.8686592503577028,0.0,1e-08
7601.0,1.0625167581310233,0.653189857,0.219945377,0.0,0.0,1.0625167581310233,0.0,0.0,0.0,0.0,0.0,0.0,0.0,0.0,0.0,0.2195872173803095,0.8474313707508757,0.0,1e-08
7602.0,1.054002748114036,0.62281044,0.224368314,0.0,0.0,1.054002748114036,0.0,0.0,0.0,0.0,0.0,0.0,0.0,0.0,0.0,0.1684714415210955,0.8644725816905118,0.0,1e-08
7603.0,1.0457307107157408,0.609994695,0.232935726,0.0,0.0,1.0457307107157408,0.0,0.0,0.0,0.0,0.0,0.0,0.0,0.0,0.0,0.15158828485513354,0.8974821124839119,0.0,1e-08
7604.0,1.0424373134807994,0.62171276,0.240255652,0.0,0.0,1.0424373134807994,0.0,0.0,0.0,0.0,0.0,0.0,0.0,0.0,0.0,0.17788231132642296,0.9256851827579233,0.0,1e-08
7605.0,1.0506022833487,0.644889133,0.240353953,0.0,0.0,1.0506022833487,0.0,0.0,0.0,0.0,0.0,0.0,0.0,0.0,0.0,0.21520873977525,0.9260639283915549,0.0,1e-08
7606.0,1.0767203367131857,0.60282812,0.251885342,0.0,0.0,1.0767203367131857,0.0,0.0,0.0,0.0,0.0,0.0,0.0,0.0,0.0,0.10653185393132225,0.9704934177503223,0.0,1e-08
7607.0,1.1043159219971181,0.269254785,0.27288346,0.0,0.0,0.5285027416981909,0.5758131802989273,0.0,0.0,0.0,0.0,0.0,0.0,0.0,0.0,0.0,0.4755842517236688,0.0,1.05e-08
7608.0,1.1145986876162262,0.009300375,0.305347579,0.0,0.0,0.01825510245369014,1.0963435851625358,0.0,0.0,0.0,0.0,0.0,0.0,0.0,0.0,3.469446951953614e-18,0.08013541592795437,0.0,1.05e-08
7609.0,1.1086178953683776,0.0,0.317187909,0.0,0.0,0.0,1.1086178953683776,0.0,0.0,0.0,0.0,0.0,0.0,0.0,0.0,0.0,0.11348091923627757,0.0,1.05e-08
7610.0,1.0819816351567817,0.0,0.322986245,0.0,0.0,0.0,1.0819816351567817,0.0,0.0,0.0,0.0,0.0,0.0,0.0,0.0,0.0,0.16245768913066705,0.0,1.05e-08
7611.0,1.0394073023706292,0.0,0.334880679,0.0,0.0,0.0,1.0394073023706292,0.0,0.0,0.0,0.0,0.0,0.0,0.0,0.0,0.0,0.2508602936741562,0.0,1.05e-08
7612.0,0.9912012174857149,0.0,0.345628154,0.0,0.0,0.0,0.9912012174857149,0.0,0.0,0.0,0.0,0.0,0.0,0.0,0.0,0.0,0.340475512024789,0.0,1.05e-08
7613.0,0.9505048491826856,0.0,0.356716462,0.0,0.0,0.0,0.9505048491826856,0.0,0.0,0.0,0.0,0.0,0.0,0.0,0.0,0.0,0.42389421519075043,0.0,1.05e-08
7614.0,0.9220248860976927,0.0,0.36683124,0.0,0.0,0.0,0.9220248860976927,0.0,0.0,0.0,0.0,0.0,0.0,0.0,0.0,0.0,0.4913455824593411,0.0,1.05e-08
7615.0,0.9063844612576335,0.0,0.372072649,0.0,0.0,0.0,0.9063844612576335,0.0,0.0,0.0,0.0,0.0,0.0,0.0,0.0,0.0,0.5271807232516978,0.0,1.05e-08
7616.0,0.9000846077692088,0.0,0.373490511,0.0,0.0,0.0,0.9000846077692088,0.0,0.0,0.0,0.0,0.0,0.0,0.0,0.0,0.0,0.5389434819149632,0.0,1.05e-08
7617.0,0.9083609278687199,0.0,0.369808218,0.0,0.0,0.0,0.90836092786872,0.0,0.0,0.0,0.0,0.0,0.0,0.0,0.0,0.0,0.5164795910328374,0.0,1.05e-08
7618.0,0.9378066400778731,0.0,0.369490546,0.0,0.0,0.0,0.9378066400778731,0.0,0.0,0.0,0.0,0.0,0.0,0.0,0.0,0.0,0.485809914846441,0.0,1.05e-08
7619.0,1.003301989770925,0.0,0.373262448,0.0,0.0,0.0,1.003301989770925,0.0,0.0,0.0,0.0,0.0,0.0,0.0,0.0,0.0,0.4348473920115685,0.0,1.05e-08
7620.0,1.0604974645077792,0.0,0.376852714,0.0,0.0,0.0,1.0604974645077792,0.0,0.0,0.0,0.0,0.0,0.0,0.0,0.0,0.0,0.3914849156274838,0.0,1.05e-08
7621.0,1.0812428691970581,4.48e-05,0.375023234,0.0,0.0,8.793501228986124e-05,1.0811549341847682,0.0,0.0,0.0,0.0,0.0,0.0,0.0,0.0,1.3552527156068805e-20,0.36377861062006933,0.0,1.05e-08
7622.0,1.0845426904838231,0.21635948,0.319063289,0.0,0.0,0.42467798064348194,0.6598647098403412,0.0,0.0,0.0,0.0,0.0,0.0,0.0,0.0,-5.551115123125783e-17,0.5694597890035369,0.0,1.05e-08
7623.0,1.0772107060023934,0.513801309,0.219414594,0.0,0.0,1.0085072415504865,0.06870346445190686,0.0,0.0,0.0,0.0,0.0,0.0,0.0,0.0,0.0,0.7766828432410566,0.0,1.05e-08
7624.0,1.0652491215066964,0.623273705,0.174938294,0.0,0.0,1.0652491215066964,0.0,0.0,0.0,0.0,0.0,0.0,0.0,0.0,0.0,0.1581343809290705,0.6740227974022827,0.0,1e-08
7625.0,1.052103370124834,0.622084796,0.1829558,0.0,0.0,1.052103370124834,0.0,0.0,0.0,0.0,0.0,0.0,0.0,0.0,0.0,0.16894650000007294,0.7049135857982732,0.0,1e-08
7626.0,1.0435893601078465,0.594514586,0.204082142,0.0,0.0,1.0435893601078465,0.0,0.0,0.0,0.0,0.0,0.0,0.0,0.0,0.0,0.123344734231702,0.7863116365516283,0.0,1e-08
7627.0,1.0367820065253508,0.583755927,0.22188413,0.0,0.0,1.0367820065253508,0.0,0.0,0.0,0.0,0.0,0.0,0.0,0.0,0.0,0.10903461434572836,0.8549012259246782,0.0,1e-08
7628.0,1.0354586518496722,0.597704103,0.235514897,0.0,0.0,1.0354586518496722,0.0,0.0,0.0,0.0,0.0,0.0,0.0,0.0,0.0,0.1377359383959862,0.9074194453151034,0.0,1e-08
7629.0,1.0477050359762192,0.625367838,0.280272259,0.0,0.0,1.0477050359762192,0.0,0.0,0.0,0.0,0.0,0.0,0.0,0.0,0.0,0.17978890420712812,1.079865864276904,0.0,1e-08
7630.0,1.0782749572545167,0.548902255,0.349725995,0.0,0.0,1.0774046102535169,0.000870347000999878,0.0,0.0,0.0,0.0,0.0,0.0,0.0,0.0,0.0,1.346595025413097,0.0,1.05e-08
7631.0,1.1069240870375334,0.296620448,0.394911983,0.0,0.0,0.5822170254532176,0.5247070615843158,0.0,0.0,0.0,0.0,0.0,0.0,0.0,0.0,0.0,0.9968561903663563,0.0,1.05e-08
7632.0,1.118104078561349,0.019501606,0.427521952,0.0,0.0,0.038278436680402504,1.0798256418809464,0.0,0.0,0.0,0.0,0.0,0.0,0.0,0.0,0.0,0.567381127140846,0.0,1.05e-08
7633.0,1.1132389299802132,0.0,0.454807089,0.0,0.0,0.0,1.1132389299802132,0.0,0.0,0.0,0.0,0.0,0.0,0.0,0.0,0.0,0.6390952182318927,0.0,1.05e-08
7634.0,1.0884784929011326,0.0,0.47748338,0.0,0.0,0.0,1.0884784929011326,0.0,0.0,0.0,0.0,0.0,0.0,0.0,0.0,0.0,0.7512255315401779,0.0,1.05e-08
7635.0,1.0458955947125486,0.0,0.495904928,0.0,0.0,0.0,1.0458955947125486,0.0,0.0,0.0,0.0,0.0,0.0,0.0,0.0,0.0,0.8647851326080094,0.0,1.05e-08
7636.0,0.9994646894815786,0.0,0.502721798,0.0,0.0,0.0,0.9994646894815786,0.0,0.0,0.0,0.0,0.0,0.0,0.0,0.0,0.0,0.9374808748959118,0.0,1.05e-08
7637.0,0.9585777409744468,0.0,0.502744869,0.0,0.0,0.0,0.9585777409744468,0.0,0.0,0.0,0.0,0.0,0.0,0.0,0.0,0.0,0.978456714060448,0.0,1.05e-08
7638.0,0.9293932735394567,0.0,0.502651053,0.0,0.0,0.0,0.9293932735394567,0.0,0.0,0.0,0.0,0.0,0.0,0.0,0.0,0.0,1.0072797161963587,0.0,1.05e-08
7639.0,0.9123695362066978,0.0,0.501679152,0.0,0.0,0.0,0.9123695362066978,0.0,0.0,0.0,0.0,0.0,0.0,0.0,0.0,0.0,1.0205587992522327,0.0,1.05e-08
7640.0,0.9058148619959336,0.0,0.502343151,0.0,0.0,0.0,0.9058148619959336,0.0,0.0,0.0,0.0,0.0,0.0,0.0,0.0,0.0,1.029671806765666,0.0,1.05e-08
7641.0,0.9145301589700631,0.0,0.5002241,0.0,0.0,0.0,0.9145301589700631,0.0,0.0,0.0,0.0,0.0,0.0,0.0,0.0,0.0,1.012791981315809,0.0,1.05e-08
7642.0,0.9469523485241892,0.0,0.498827993,0.0,0.0,0.0,0.9469523485241892,0.0,0.0,0.0,0.0,0.0,0.0,0.0,0.0,0.0,0.9749907068049449,0.0,1.05e-08
7643.0,1.0061135831190902,0.0,0.496918748,0.0,0.0,0.0,1.0061135831190902,0.0,0.0,0.0,0.0,0.0,0.0,0.0,0.0,0.0,0.9084733089229688,0.0,1.05e-08
7644.0,1.0625274648840628,0.0,0.490527491,0.0,0.0,0.0,1.0625274648840628,0.0,0.0,0.0,0.0,0.0,0.0,0.0,0.0,0.0,0.8274344418357034,0.0,1.05e-08
7645.0,1.0867846845702884,3.27e-05,0.476826108,0.0,0.0,6.41847076312157e-05,1.0867204998626572,0.0,0.0,0.0,0.0,0.0,0.0,0.0,0.0,0.0,0.7504511098513542,0.0,1.05e-08
7646.0,1.092962481074063,0.185053353,0.392162828,0.0,0.0,0.3632292158556927,0.7297332652183703,0.0,0.0,0.0,0.0,0.0,0.0,0.0,0.0,5.551115123125783e-17,0.7812377195892799,0.0,1.05e-08
7647.0,1.0852279226783492,0.536190111,0.256026924,0.0,0.0,1.0524527678680151,0.03277515481033423,0.0,0.0,0.0,0.0,0.0,0.0,0.0,0.0,0.0,0.9536754363037052,0.0,1.05e-08
7648.0,1.0709108525139686,0.641597874,0.210122498,0.0,0.0,1.0709108525139686,0.0,0.0,0.0,0.0,0.0,0.0,0.0,0.0,0.0,0.1884399719355594,0.8095846293042938,0.0,1e-08
7649.0,1.055805765325883,0.633270222,0.247049114,0.0,0.0,1.055805765325883,0.0,0.0,0.0,0.0,0.0,0.0,0.0,0.0,0.0,0.1871992515128038,0.9518598307242864,0.0,1e-08
7650.0,1.0420861319811048,0.599846974,0.268989644,0.0,0.0,1.0420861319811048,0.0,0.0,0.0,0.0,0.0,0.0,0.0,0.0,0.0,0.13531456066903091,1.0363948805921486,0.0,1e-08
7651.0,1.030991794481605,0.583757319,0.280508808,0.0,0.0,1.030991794481605,0.0,0.0,0.0,0.0,0.0,0.0,0.0,0.0,0.0,0.11482755865592775,1.0807772680356642,0.0,1e-08
7652.0,1.0247262026029065,0.596381798,0.287443231,0.0,0.0,1.0247262026029065,0.0,0.0,0.0,0.0,0.0,0.0,0.0,0.0,0.0,0.14587292098145865,1.1074950270920703,0.0,1e-08
7653.0,1.0320517630325126,0.617030671,0.297741213,0.0,0.0,1.0320517630325126,0.0,0.0,0.0,0.0,0.0,0.0,0.0,0.0,0.0,0.17907769316405742,1.147172301155566,0.0,1e-08
7654.0,1.055499552188954,0.557562917,0.361531924,0.0,0.0,1.055499552188954,0.0,0.0,0.0,0.0,0.0,0.0,0.0,0.0,0.0,0.03890450939064172,1.3929526417166813,0.0,1e-08
7655.0,1.0786646830651536,0.292371949,0.4228339,0.0,0.0,0.5738779225117341,0.5047867605534194,0.0,0.0,0.0,0.0,0.0,0.0,0.0,0.0,1.1102230246251565e-16,1.124357331331443,0.0,1.05e-08
7656.0,1.0884677861480931,0.018567525,0.457738863,0.0,0.0,0.0364449897113238,1.0520227964367692,0.0,0.0,0.0,0.0,0.0,0.0,0.0,0.0,0.0,0.7116072348415754,0.0,1.05e-08
7657.0,1.0845919415478047,0.0,0.476599989,0.0,0.0,0.0,1.0845919415478047,0.0,0.0,0.0,0.0,0.0,0.0,0.0,0.0,0.0,0.7517084503359597,0.0,1.05e-08
7658.0,1.0583454071468454,0.0,0.483769167,0.0,0.0,0.0,1.0583454071468454,0.0,0.0,0.0,0.0,0.0,0.0,0.0,0.0,0.0,0.8055772354182642,0.0,1.05e-08
7659.0,1.020205811469642,0.0,0.489951911,0.0,0.0,0.0,1.020205811469642,0.0,0.0,0.0,0.0,0.0,0.0,0.0,0.0,0.0,0.8675384330513105,0.0,1.05e-08
7660.0,0.9757449487979346,0.0,0.496898841,0.0,0.0,0.0,0.9757449487979346,0.0,0.0,0.0,0.0,0.0,0.0,0.0,0.0,0.0,0.938765243217383,0.0,1.05e-08
7661.0,0.9358537283234736,0.0,0.498457873,0.0,0.0,0.0,0.9358537283234737,0.0,0.0,0.0,0.0,0.0,0.0,0.0,0.0,0.0,0.9846632852164648,0.0,1.05e-08
7662.0,0.9081168138994199,0.0,0.496195084,0.0,0.0,0.0,0.9081168138994199,0.0,0.0,0.0,0.0,0.0,0.0,0.0,0.0,0.0,1.0036818605231206,0.0,1.05e-08
7663.0,0.8929432034918816,0.0,0.481664154,0.0,0.0,0.0,0.8929432034918816,0.0,0.0,0.0,0.0,0.0,0.0,0.0,0.0,0.0,0.9628689978520044,0.0,1.05e-08
7664.0,0.888444225864696,0.0,0.456417416,0.0,0.0,0.0,0.888444225864696,0.0,0.0,0.0,0.0,0.0,0.0,0.0,0.0,0.0,0.8700943792702175,0.0,1.05e-08
7665.0,0.8980439006398856,0.0,0.433172602,0.0,0.0,0.0,0.8980439006398856,0.0,0.0,0.0,0.0,0.0,0.0,0.0,0.0,0.0,0.7709343561051222,0.0,1.05e-08
7666.0,0.926999243559831,0.0,0.417244542,0.0,0.0,0.0,0.926999243559831,0.0,0.0,0.0,0.0,0.0,0.0,0.0,0.0,0.0,0.6806095136152804,0.0,1.05e-08
7667.0,0.9861840330114188,0.0,0.397864884,0.0,0.0,0.0,0.9861840330114188,0.0,0.0,0.0,0.0,0.0,0.0,0.0,0.0,0.0,0.5467565025914648,0.0,1.05e-08
7668.0,1.040218874251021,0.0,0.379925341,0.0,0.0,0.0,1.040218874251021,0.0,0.0,0.0,0.0,0.0,0.0,0.0,0.0,0.0,0.4236020839254444,0.0,1.05e-08
7669.0,1.0589728228749584,2.99e-05,0.358101832,0.0,0.0,5.8688769363099356e-05,1.0589141341055952,0.0,0.0,0.0,0.0,0.0,0.0,0.0,0.0,6.776263578034403e-21,0.3208226464504236,0.0,1.05e-08
7670.0,1.05307340195021,0.118837115,0.308148907,0.0,0.0,0.23325766000037176,0.8198157419498381,0.0,0.0,0.0,0.0,0.0,0.0,0.0,0.0,0.0,0.3674565445433403,0.0,1.05e-08
7671.0,1.0322123643281047,0.482438377,0.244912191,0.0,0.0,0.9469469779150829,0.08526538641302185,0.0,0.0,0.0,0.0,0.0,0.0,0.0,0.0,1.1102230246251565e-16,0.8583610564957113,0.0,1.05e-08
7672.0,1.0088737840526658,0.59910697,0.224257953,0.0,0.0,1.0088737840526658,0.0,0.0,0.0,0.0,0.0,0.0,0.0,0.0,0.0,0.16707440277527041,0.8640473698730001,0.0,1e-08
7673.0,0.9878307316288895,0.607892573,0.278449403,0.0,0.0,0.9878307316288895,0.0,0.0,0.0,0.0,0.0,0.0,0.0,0.0,0.0,0.20536214510482442,1.072842550671356,0.0,1e-08
7674.0,0.9709012137228779,0.578731616,0.30417323,0.0,0.0,0.9709012137228779,0.0,0.0,0.0,0.0,0.0,0.0,0.0,0.0,0.0,0.1650535131854094,1.1719543313912044,0.0,1e-08
7675.0,0.9585456207153283,0.565482064,0.315944945,0.0,0.0,0.9585456207153283,0.0,0.0,0.0,0.0,0.0,0.0,0.0,0.0,0.0,0.15140242052431707,1.217309776977763,0.0,1e-08
7676.0,0.9513356932185486,0.581297454,0.318453129,0.0,0.0,0.9513356932185486,0.0,0.0,0.0,0.0,0.0,0.0,0.0,0.0,0.0,0.18965535056616245,1.2269736027612685,0.0,1e-08
7677.0,0.9563421709398052,0.605096778,0.323359205,0.0,0.0,0.9563421709398052,0.0,0.0,0.0,0.0,0.0,0.0,0.0,0.0,0.0,0.23136302124736985,1.2458763083620685,0.0,1e-08
7678.0,0.9795501288281626,0.552916299,0.359238814,0.0,0.0,0.9795501288281626,0.0,0.0,0.0,0.0,0.0,0.0,0.0,0.0,0.0,0.10573338786446251,1.384117478290707,0.0,1e-08
7679.0,1.0012912615501124,0.288566417,0.423104705,0.0,0.0,0.5664082907441123,0.43488297080600014,0.0,0.0,0.0,0.0,0.0,0.0,0.0,0.0,0.0,1.1953045103761797,0.0,1.05e-08
7680.0,1.0079016108766818,0.017891461,0.474359857,0.0,0.0,0.03511798756514673,0.9727836233115351,0.0,0.0,0.0,0.0,0.0,0.0,0.0,0.0,0.0,0.8548857250044305,0.0,1.05e-08
7681.0,1.0043255553614985,0.0,0.505468472,0.0,0.0,0.0,1.0043255553614985,0.0,0.0,0.0,0.0,0.0,0.0,0.0,0.0,0.0,0.9432027170709365,0.0,1.05e-08
7682.0,0.9822760681520118,0.0,0.522011384,0.0,0.0,0.0,0.9822760681520118,0.0,0.0,0.0,0.0,0.0,0.0,0.0,0.0,0.0,1.0289906778213842,0.0,1.05e-08
7683.0,0.9492457350252439,0.0,0.525698099,0.0,0.0,0.0,0.9492457350252439,0.0,0.0,0.0,0.0,0.0,0.0,0.0,0.0,0.0,1.0762256193315223,0.0,1.05e-08
7684.0,0.9205944638916195,0.0,0.517830006,0.0,0.0,0.0,0.9205944638916195,0.0,0.0,0.0,0.0,0.0,0.0,0.0,0.0,0.0,1.0745617780170893,0.0,1.05e-08
7685.0,0.8895277492722904,0.0,0.498922555,0.0,0.0,0.0,0.8895277492722904,0.0,0.0,0.0,0.0,0.0,0.0,0.0,0.0,0.0,1.0327796456323053,0.0,1.05e-08
7686.0,0.8647630294919939,0.0,0.477268661,0.0,0.0,0.0,0.8647630294919939,0.0,0.0,0.0,0.0,0.0,0.0,0.0,0.0,0.0,0.9741137003774636,0.0,1.05e-08
7687.0,0.8491397354567979,0.0,0.456983659,0.0,0.0,0.0,0.8491397354567979,0.0,0.0,0.0,0.0,0.0,0.0,0.0,0.0,0.0,0.9115805571871377,0.0,1.05e-08
7688.0,0.8433816436721704,0.0,0.432930197,0.0,0.0,0.0,0.8433816436721704,0.0,0.0,0.0,0.0,0.0,0.0,0.0,0.0,0.0,0.8246626466297653,0.0,1.05e-08
7689.0,0.8451718127803699,0.0,0.404985032,0.0,0.0,0.0,0.8451718127803699,0.0,0.0,0.0,0.0,0.0,0.0,0.0,0.0,0.0,0.7152020649635905,0.0,1.05e-08
7690.0,0.8608015308673896,0.0,0.382136254,0.0,0.0,0.0,0.8608015308673896,0.0,0.0,0.0,0.0,0.0,0.0,0.0,0.0,0.0,0.6115378924832763,0.0,1.05e-08
7691.0,0.8864891727596885,0.0,0.358674168,0.0,0.0,0.0,0.8864891727596885,0.0,0.0,0.0,0.0,0.0,0.0,0.0,0.0,0.0,0.4954527711310889,0.0,1.05e-08
7692.0,0.9190398433502882,0.0,0.334764391,0.0,0.0,0.0,0.9190398433502882,0.0,0.0,0.0,0.0,0.0,0.0,0.0,0.0,0.0,0.3707797046355379,0.0,1.05e-08
7693.0,0.9428602275125033,2.98e-05,0.307130931,0.0,0.0,5.8492485853523776e-05,0.9428017350266498,0.0,0.0,0.0,0.0,0.0,0.0,0.0,0.0,6.776263578034403e-21,0.24054837402030071,0.0,1.05e-08
7694.0,0.9487082560226624,0.085470344,0.256406739,0.0,0.0,0.16776419084952388,0.7809440651731384,0.0,0.0,0.0,0.0,0.0,0.0,0.0,0.0,0.0,0.2069699217643184,0.0,1.05e-08
7695.0,0.9413141723736037,0.404873065,0.233233822,0.0,0.0,0.794699061308232,0.14661511106537184,0.0,0.0,0.0,0.0,0.0,0.0,0.0,0.0,0.0,0.7520155406847022,0.0,1.05e-08
7696.0,0.9290592228446253,0.547714297,0.219932425,0.0,0.0,0.9290592228446253,0.0,0.0,0.0,0.0,0.0,0.0,0.0,0.0,0.0,0.14601362175420762,0.847381467764672,0.0,1e-08
7697.0,0.9130440616481845,0.577424994,0.212400825,0.0,0.0,0.9130440616481845,0.0,0.0,0.0,0.0,0.0,0.0,0.0,0.0,0.0,0.22034598174161601,0.8183628350522997,0.0,1e-08
7698.0,0.8976177718689147,0.560828888,0.199267577,0.0,0.0,0.8976177718689147,0.0,0.0,0.0,0.0,0.0,0.0,0.0,0.0,0.0,0.20319685221120176,0.7677615152752935,0.0,1e-08
7699.0,0.8864035187353727,0.546442911,0.191930351,0.0,0.0,0.8864035187353727,0.0,0.0,0.0,0.0,0.0,0.0,0.0,0.0,0.0,0.18617380480240753,0.7394917895302101,0.0,1e-08
7700.0,0.8804184437863085,0.555921598,0.191889346,0.0,0.0,0.8804184437863085,0.0,0.0,0.0,0.0,0.0,0.0,0.0,0.0,0.0,0.21076397925675638,0.7393338006521003,0.0,1e-08
7701.0,0.8884142469561854,0.568196402,0.203501932,0.0,0.0,0.8884142469561854,0.0,0.0,0.0,0.0,0.0,0.0,0.0,0.0,0.0,0.22686159217160362,0.7840761353452385,0.0,1e-08
7702.0,0.9140012453699132,0.518444499,0.226546613,0.0,0.0,0.9140012453699132,0.0,0.0,0.0,0.0,0.0,0.0,0.0,0.0,0.0,0.103619812468836,0.8728653878165312,0.0,1e-08
7703.0,0.9399222944784725,0.277582999,0.273496648,0.0,0.0,0.544849652422356,0.39507264205611664,0.0,0.0,0.0,0.0,0.0,0.0,0.0,0.0,0.0,0.6586873526829853,0.0,1.05e-08
7704.0,0.9423527274184325,0.014276586,0.320454006,0.0,0.0,0.028022584048376365,0.9143301433700561,0.0,0.0,0.0,0.0,0.0,0.0,0.0,0.0,0.0,0.3203526732057582,0.0,1.05e-08
7705.0,0.9434469575790664,0.0,0.337563591,0.0,0.0,0.0,0.9434469575790664,0.0,0.0,0.0,0.0,0.0,0.0,0.0,0.0,0.0,0.35715767680121424,0.0,1.05e-08
7706.0,0.9296930626245619,0.0,0.339463408,0.0,0.0,0.0,0.9296930626245619,0.0,0.0,0.0,0.0,0.0,0.0,0.0,0.0,0.0,0.37823140973751834,0.0,1.05e-08
7707.0,0.9018747768774084,0.0,0.339915576,0.0,0.0,0.0,0.9018747768774084,0.0,0.0,0.0,0.0,0.0,0.0,0.0,0.0,0.0,0.4077918614409476,0.0,1.05e-08
7708.0,0.8763006265673279,0.0,0.341824321,0.0,0.0,0.0,0.8763006265673279,0.0,0.0,0.0,0.0,0.0,0.0,0.0,0.0,0.0,0.4407202485794015,0.0,1.05e-08
7709.0,0.8547543567506964,0.0,0.343196035,0.0,0.0,0.0,0.8547543567506964,0.0,0.0,0.0,0.0,0.0,0.0,0.0,0.0,0.0,0.46755161913856036,0.0,1.05e-08
7710.0,0.8325742471541283,0.0,0.339558736,0.0,0.0,0.0,0.8325742471541283,0.0,0.0,0.0,0.0,0.0,0.0,0.0,0.0,0.0,0.4757175161181443,0.0,1.05e-08
7711.0,0.818370668571966,0.0,0.330783761,0.0,0.0,0.0,0.818370668571966,0.0,0.0,0.0,0.0,0.0,0.0,0.0,0.0,0.0,0.4561118408119891,0.0,1.05e-08
7712.0,0.8113127769683468,0.0,0.32184026,0.0,0.0,0.0,0.8113127769683468,0.0,0.0,0.0,0.0,0.0,0.0,0.0,0.0,0.0,0.42871116176903445,0.0,1.05e-08
7713.0,0.8128309945493438,0.0,0.31020986,0.0,0.0,0.0,0.8128309945493438,0.0,0.0,0.0,0.0,0.0,0.0,0.0,0.0,0.0,0.3823819736242825,0.0,1.05e-08
7714.0,0.823330036579849,0.0,0.297408794,0.0,0.0,0.0,0.823330036579849,0.0,0.0,0.0,0.0,0.0,0.0,0.0,0.0,0.0,0.32256148162553155,0.0,1.05e-08
7715.0,0.841951221466097,0.0,0.285269804,0.0,0.0,0.0,0.841951221466097,0.0,0.0,0.0,0.0,0.0,0.0,0.0,0.0,0.0,0.2571697709135411,0.0,1.05e-08
7716.0,0.8672855405080934,0.0,0.275495724,0.0,0.0,0.0,0.8672855405080934,0.0,0.0,0.0,0.0,0.0,0.0,0.0,0.0,0.0,0.19417672894131133,0.0,1.05e-08
7717.0,0.8957869170991651,1.51e-05,0.264508147,0.0,0.0,2.9638809945913056e-05,0.8957572782892192,0.0,0.0,0.0,0.0,0.0,0.0,0.0,0.0,0.0,0.12337076452017415,0.0,1.05e-08
7718.0,0.9105343987357325,0.079109534,0.240618321,0.0,0.0,0.1552789697440892,0.7552554289916433,0.0,0.0,0.0,0.0,0.0,0.0,0.0,0.0,0.0,0.17182708746790565,0.0,1.05e-08
7719.0,0.9117935128931743,0.452264306,0.196448008,0.0,0.0,0.8877202523744547,0.024073260518719605,0.0,0.0,0.0,0.0,0.0,0.0,0.0,0.0,0.0,0.7328246882875379,0.0,1.05e-08
7720.0,0.9061167924316468,0.598386898,0.172434623,0.0,0.0,0.9061167924316468,0.0,0.0,0.0,0.0,0.0,0.0,0.0,0.0,0.0,0.26841801180321834,0.6643763598350171,0.0,1e-08
7721.0,0.8986092172003697,0.604791946,0.172138176,0.0,0.0,0.8986092172003697,0.0,0.0,0.0,0.0,0.0,0.0,0.0,0.0,0.0,0.2884976400388959,0.6632341740296523,0.0,1e-08
7722.0,0.8920888045993318,0.581213168,0.18172827,0.0,0.0,0.8920888045993318,0.0,0.0,0.0,0.0,0.0,0.0,0.0,0.0,0.0,0.24873679966649842,0.7001840140985789,0.0,1e-08
7723.0,0.8880116730419013,0.567238118,0.187312309,0.0,0.0,0.8880116730419013,0.0,0.0,0.0,0.0,0.0,0.0,0.0,0.0,0.0,0.22538321261898642,0.7216988551406633,0.0,1e-08
7724.0,0.886255765543428,0.578791518,0.183110967,0.0,0.0,0.886255765543428,0.0,0.0,0.0,0.0,0.0,0.0,0.0,0.0,0.0,0.24981653911276513,0.7055114314329434,0.0,1e-08
7725.0,0.8991102932426169,0.593668568,0.176820446,0.0,0.0,1.0892631961695542,0.0,0.0,0.1901529029269373,0.0,0.0,0.0,0.0,0.0,0.0,0.0760103043479532,0.6812745735981584,0.0,1e-08
7726.0,0.9341663440444529,0.568037146,0.192627427,0.0,0.0,1.1149632458617793,0.0,0.0,0.1807969018173264,0.0,0.17113761263424357,0.0,0.0,0.0,0.0,0.0,0.7421775657818179,0.0,1.0000136218855531e-08
7727.0,0.9659718246235055,0.296010521,0.235525422,0.0,0.0,0.5810198393317687,0.3849519852917368,0.0,0.0,0.0,0.33385249308461934,0.0,0.0,0.0,0.0,0.0,0.5225080119790332,0.0,1.05e-08
7728.0,0.9776700229944315,0.01557121,0.272953021,0.0,0.0,0.03056371747138416,0.9471063055230473,0.0,0.0,0.0,0.33384794544611424,0.0,0.0,0.0,0.0,0.0,0.10455913928701821,0.0,1.05e-08
7729.0,0.9785329872894128,0.0,0.286978452,0.0,0.0,0.0,0.9785329872894128,0.0,0.0,0.0,0.3338433978695558,0.0,0.0,0.0,0.0,0.0,0.12717128470501238,0.0,1.05e-08
7730.0,0.956813268073542,0.0,0.291288722,0.0,0.0,0.0,0.956813268073542,0.0,0.0,0.0,0.33383885035494304,0.0,0.0,0.0,0.0,0.0,0.16549811821547644,0.0,1.05e-08
7731.0,0.9239178400350713,0.0,0.292439959,0.0,0.0,0.0,0.9239178400350713,0.0,0.0,0.0,0.3338343029022752,0.0,0.0,0.0,0.0,0.0,0.20282916732621514,0.0,1.05e-08
7732.0,0.8868960293751884,0.0,0.290609589,0.0,0.0,0.0,0.8868960293751883,0.0,0.0,0.0,0.3338297555115514,0.0,0.0,0.0,0.0,0.0,0.23279871355918413,0.0,1.05e-08
7733.0,0.8536772573949257,0.0,0.285297121,0.0,0.0,0.0,0.8536772573949257,0.0,0.0,0.0,0.3338252081827707,0.0,0.0,0.0,0.0,0.0,0.2455489851294098,0.0,1.05e-08
7734.0,0.8304949957138631,0.0,0.278651843,0.0,0.0,0.0,0.830494995713863,0.0,0.0,0.0,0.33382066091593243,0.0,0.0,0.0,0.0,0.0,0.24312753955655464,0.0,1.05e-08
7735.0,0.817379223240511,0.0,0.273315548,0.0,0.0,0.0,0.8173792232405109,0.0,0.0,0.0,0.33381611371103564,0.0,0.0,0.0,0.0,0.0,0.23568300815690912,0.0,1.05e-08
7736.0,0.81306868446682,0.0,0.267932355,0.0,0.0,0.0,0.81306868446682,0.0,0.0,0.0,0.33381156656807953,0.0,0.0,0.0,0.0,0.0,0.21925254893723678,0.0,1.05e-08
7737.0,0.8219295932822863,0.0,0.25882442,0.0,0.0,0.0,0.8219295932822864,0.0,0.0,0.0,0.3338070194870632,0.0,0.0,0.0,0.0,0.0,0.17529951885495287,0.0,1.05e-08
7738.0,0.8555487978262252,0.0,0.250607421,0.0,0.0,0.0,0.8555487978262252,0.0,0.0,0.0,0.3338024724679859,0.0,0.0,0.0,0.0,0.0,0.11002089586354846,0.0,1.05e-08
7739.0,0.9177635983879833,0.0,0.244100798,0.0,0.0,0.0,0.9177635983879833,0.0,0.0,0.0,0.3337979255108467,0.0,0.0,0.0,0.0,0.0,0.022736614310384207,0.0,1.05e-08
7740.0,0.9729740411113195,0.0,0.236006901,0.0,0.0,0.0,0.9093150960890449,0.0,0.0,0.06365894502227454,0.3337933786156448,0.0,0.0,0.0,0.0,0.0,0.0,0.0,1.1113381641864482e-08
7741.0,1.003445460261654,2e-05,0.224747211,0.0,0.0,3.925670191511663e-05,0.865932440535753,0.0,0.0,0.13747376302398587,0.2701298867601047,0.0,0.0,0.0,0.0,6.776263578034403e-21,0.0,0.0,1.1113533027077317e-08
7742.0,1.0172914332922978,0.101125403,0.178085392,0.0,0.0,0.19849249008085204,0.6861483060554032,0.0,0.0,0.13265063715604247,0.13265244410784038,0.0,0.0,0.0,0.0,2.7755575615628914e-17,0.0,0.0,1.1113684414352305e-08
7743.0,1.0156404519736115,0.553097306,0.124683013,0.0,0.0,1.0156404519736115,0.0,0.0,0.0,0.0,0.0,0.0,0.0,0.0,0.0,0.06999835161119083,0.4803933506451434,0.0,1e-08
7744.0,1.0071392900602714,0.651472487,0.119501419,0.0,0.0,1.0071392900602714,0.0,0.0,0.0,0.0,0.0,0.0,0.0,0.0,0.0,0.2715937713426635,0.4604290969473059,0.0,1e-08
7745.0,0.995571714076427,0.628368497,0.120992338,0.0,0.0,0.995571714076427,0.0,0.0,0.0,0.0,0.0,0.0,0.0,0.0,0.0,0.23781202490251585,0.46617348470885694,0.0,1e-08
7746.0,0.9854666805577743,0.596432293,0.124375239,0.0,0.0,0.9854666805577743,0.0,0.0,0.0,0.0,0.0,0.0,0.0,0.0,0.0,0.18523155638475086,0.47920752284435497,0.0,1e-08
7747.0,0.9776614575919998,0.579859447,0.129847823,0.0,0.0,0.9776614575919998,0.0,0.0,0.0,0.0,0.0,0.0,0.0,0.0,0.0,0.16050701558516878,0.500292936977289,0.0,1e-08
7748.0,0.9726485558189196,0.590162539,0.135512857,0.0,0.0,0.9726485558189196,0.0,0.0,0.0,0.0,0.0,0.0,0.0,0.0,0.0,0.18574318793065026,0.5221198450644289,0.0,1e-08
7749.0,0.9798370698096204,0.6022942,0.136827694,0.0,0.0,1.0628833406326197,0.0,0.0,0.08304627082299922,0.0,0.0,0.0,0.0,0.0,0.0,0.11932085309756224,0.5271858034238263,0.0,1e-08
7750.0,1.006400524100548,0.553315766,0.156777798,0.0,0.0,1.0860676045398212,0.0,0.0,0.07966708043927331,0.0,0.07474164374069929,0.0,0.0,0.0,0.0,0.0,0.6040519063169211,0.0,1.0000136218855531e-08
7751.0,1.0310795898565286,0.234511664,0.202238547,0.0,0.0,0.46030772446329943,0.5707718653932291,0.0,0.0,0.0,0.14644099802779675,0.0,0.0,0.0,0.0,0.0,0.2084365518988306,0.0,1.05e-08
7752.0,1.0383045068075636,0.005247303,0.23545307,0.0,0.0,0.010299590486464862,0.9071812309908286,0.0,0.0,0.12082368533027013,0.14643900325245393,0.0,0.0,0.0,0.0,0.0,0.0,0.0,1.1111565180148103e-08
7753.0,1.0330410670133596,0.0,0.2614715,0.0,0.0,0.0,1.0074280927363508,0.0,0.0,0.025612974277008912,0.02561332317401319,0.0,0.0,0.0,0.0,0.0,-2.220446049250313e-16,0.0,1.1111716540617304e-08
7754.0,1.0047688149373326,0.0,0.277444463,0.0,0.0,0.0,1.0047688149373326,0.0,0.0,0.0,0.0,0.0,0.0,0.0,0.0,0.0,0.06420178491906081,0.0,1.05e-08
7755.0,0.9654214975172767,0.0,0.293650107,0.0,0.0,0.0,0.9654214975172767,0.0,0.0,0.0,0.0,0.0,0.0,0.0,0.0,0.0,0.1659881101334052,0.0,1.05e-08
7756.0,0.9193225016305303,0.0,0.305957793,0.0,0.0,0.0,0.9193225016305303,0.0,0.0,0.0,0.0,0.0,0.0,0.0,0.0,0.0,0.25950760360010905,0.0,1.05e-08
7757.0,0.8782364075168643,0.0,0.319240521,0.0,0.0,0.0,0.8782364075168643,0.0,0.0,0.0,0.0,0.0,0.0,0.0,0.0,0.0,0.3517709515841807,0.0,1.05e-08
7758.0,0.8453559689326489,0.0,0.334078378,0.0,0.0,0.0,0.8453559689326487,0.0,0.0,0.0,0.0,0.0,0.0,0.0,0.0,0.0,0.44182042762679885,0.0,1.05e-08
7759.0,0.827786187194877,0.0,0.348552623,0.0,0.0,0.0,0.827786187194877,0.0,0.0,0.0,0.0,0.0,0.0,0.0,0.0,0.0,0.5151582798202367,0.0,1.05e-08
7760.0,0.8218161017000679,0.0,0.361019213,0.0,0.0,0.0,0.8218161017000679,0.0,0.0,0.0,0.0,0.0,0.0,0.0,0.0,0.0,0.5691611068820083,0.0,1.05e-08
7761.0,0.8261887396413878,0.0,0.36855247,0.0,0.0,0.0,0.8261887396413878,0.0,0.0,0.0,0.0,0.0,0.0,0.0,0.0,0.0,0.5938134859371975,0.0,1.05e-08
7762.0,0.8526751053104312,0.0,0.369651563,0.0,0.0,0.0,0.8526751053104312,0.0,0.0,0.0,0.0,0.0,0.0,0.0,0.0,0.0,0.5715618348153605,0.0,1.05e-08
7763.0,0.9118706015150585,0.0,0.371214711,0.0,0.0,0.0,0.9118706015150585,0.0,0.0,0.0,0.0,0.0,0.0,0.0,0.0,0.0,0.5183890187433847,0.0,1.05e-08
7764.0,0.9686313820785101,0.0,0.370326189,0.0,0.0,0.0,0.9686313820785102,0.0,0.0,0.0,0.0,0.0,0.0,0.0,0.0,0.0,0.4582048363031921,0.0,1.05e-08
7765.0,1.0013662088213886,2.29e-05,0.352633039,0.0,0.0,4.4948923692808545e-05,1.0013212598976957,0.0,0.0,0.0,0.0,0.0,0.0,0.0,0.0,0.0,0.3573447129352636,0.0,1.05e-08
7766.0,1.0167903572500505,0.100626504,0.293475355,0.0,0.0,0.19751323361441459,0.819277123635636,0.0,0.0,0.0,0.0,0.0,0.0,0.0,0.0,0.0,0.3114591789930383,0.0,1.05e-08
7767.0,1.015950947811756,0.47638912,0.215624618,0.0,0.0,0.9350732839722363,0.08087766383951978,0.0,0.0,0.0,0.0,0.0,0.0,0.0,0.0,0.0,0.7499061793661228,0.0,1.05e-08
7768.0,1.006783825859361,0.608159091,0.180609526,0.0,0.0,1.006783825859361,0.0,0.0,0.0,0.0,0.0,0.0,0.0,0.0,0.0,0.18693218175840332,0.6958735858714863,0.0,1e-08
7769.0,0.9927387072221829,0.600699814,0.192774875,0.0,0.0,0.9927387072221829,0.0,0.0,0.0,0.0,0.0,0.0,0.0,0.0,0.0,0.1863359697110174,0.7427456707470543,0.0,1e-08
7770.0,0.9812867641711648,0.573184045,0.208388974,0.0,0.0,0.9812867641711648,0.0,0.0,0.0,0.0,0.0,0.0,0.0,0.0,0.0,0.14377899568212504,0.8029055045161899,0.0,1e-08
7771.0,0.9727063722853327,0.560304041,0.217586681,0.0,0.0,0.9727063722853327,0.0,0.0,0.0,0.0,0.0,0.0,0.0,0.0,0.0,0.12707806368328167,0.8383435098841088,0.0,1e-08
7772.0,0.9678947574693945,0.572870847,0.214329974,0.0,0.0,0.9678947574693945,0.0,0.0,0.0,0.0,0.0,0.0,0.0,0.0,0.0,0.1565562463575748,0.8257956868073638,0.0,1e-08
7773.0,0.9728198638675511,0.590918001,0.21771028,0.0,0.0,0.9728198638675511,0.0,0.0,0.0,0.0,0.0,0.0,0.0,0.0,0.0,0.18705472720912852,0.8388197266222012,0.0,1e-08
7774.0,0.9999486347189628,0.539210061,0.2859312,0.0,0.0,0.9999486347189628,0.0,0.0,0.0,0.0,0.0,0.0,0.0,0.0,0.0,0.058431796996480045,1.1016692965383073,0.0,1e-08
7775.0,1.0297048427662605,0.268403244,0.373322881,0.0,0.0,0.5268313071379158,0.5028735356283447,0.0,0.0,0.0,0.0,0.0,0.0,0.0,0.0,0.0,0.9355086895115639,0.0,1.05e-08
7776.0,1.0417370918320181,0.013942799,0.441035435,0.0,0.0,0.027367415210269315,1.0143696766217487,0.0,0.0,0.0,0.0,0.0,0.0,0.0,0.0,0.0,0.6849034262257765,0.0,1.05e-08
7777.0,1.0387948760967713,0.0,0.477018166,0.0,0.0,0.0,1.0387948760967713,0.0,0.0,0.0,0.0,0.0,0.0,0.0,0.0,0.0,0.799116717227824,0.0,1.05e-08
7778.0,1.018809650873295,0.0,0.484404541,0.0,0.0,0.0,1.018809650873295,0.0,0.0,0.0,0.0,0.0,0.0,0.0,0.0,0.0,0.8475610352338234,0.0,1.05e-08
7779.0,0.9843703090465324,0.0,0.480920226,0.0,0.0,0.0,0.9843703090465324,0.0,0.0,0.0,0.0,0.0,0.0,0.0,0.0,0.0,0.8685755991595806,0.0,1.05e-08
7780.0,0.944181440837574,0.0,0.475013883,0.0,0.0,0.0,0.944181440837574,0.0,0.0,0.0,0.0,0.0,0.0,0.0,0.0,0.0,0.8860078156358008,0.0,1.05e-08
7781.0,0.9100911391598984,0.0,0.464104339,0.0,0.0,0.0,0.9100911391598984,0.0,0.0,0.0,0.0,0.0,0.0,0.0,0.0,0.0,0.8780645453771724,0.0,1.05e-08
7782.0,0.8873799746125725,0.0,0.449716369,0.0,0.0,0.0,0.8873799746125726,0.0,0.0,0.0,0.0,0.0,0.0,0.0,0.0,0.0,0.8453400499177754,0.0,1.05e-08
7783.0,0.8736731893714417,0.0,0.427985514,0.0,0.0,0.0,0.8736731893714417,0.0,0.0,0.0,0.0,0.0,0.0,0.0,0.0,0.0,0.7753196457475166,0.0,1.05e-08
7784.0,0.8700328933380216,0.0,0.399519874,0.0,0.0,0.0,0.8700328933380216,0.0,0.0,0.0,0.0,0.0,0.0,0.0,0.0,0.0,0.6692841820376393,0.0,1.05e-08
7785.0,0.8769623039051673,0.0,0.369627926,0.0,0.0,0.0,0.8769623039051673,0.0,0.0,0.0,0.0,0.0,0.0,0.0,0.0,0.0,0.5471835648119698,0.0,1.05e-08
7786.0,0.9077056745827042,0.0,0.348526833,0.0,0.0,0.0,0.9077056745827042,0.0,0.0,0.0,0.0,0.0,0.0,0.0,0.0,0.0,0.4351394256925861,0.0,1.05e-08
7787.0,0.9632159063911456,0.0,0.331794732,0.0,0.0,0.0,0.9632159063911456,0.0,0.0,0.0,0.0,0.0,0.0,0.0,0.0,0.0,0.3151617907526294,0.0,1.05e-08
7788.0,1.0152807050714852,0.0,0.319444248,0.0,0.0,0.0,1.0152807050714852,0.0,0.0,0.0,0.0,0.0,0.0,0.0,0.0,0.0,0.21551159733331904,0.0,1.05e-08
7789.0,1.0420904146823207,1.28e-05,0.299986952,0.0,0.0,2.5124289225674645e-05,1.042065290393095,0.0,0.0,0.0,0.0,0.0,0.0,0.0,0.0,-3.3881317890172014e-21,0.11375965763814788,0.0,1.05e-08
7790.0,1.0422702881333836,0.087256599,0.250000863,0.0,0.0,0.1712703148534932,0.8709999732798905,0.0,0.0,0.0,0.0,0.0,0.0,0.0,0.0,0.0,0.09223270253575933,0.0,1.05e-08
7791.0,1.0315528283408733,0.486871223,0.18621174,0.0,0.0,0.9556479236179639,0.07590490472290942,0.0,0.0,0.0,0.0,0.0,0.0,0.0,0.0,0.0,0.6415535489644607,0.0,1.05e-08
7792.0,1.015186485644738,0.593310706,0.134762752,0.0,0.0,1.015186485644738,0.0,0.0,0.0,0.0,0.0,0.0,0.0,0.0,0.0,0.1493845907797322,0.5192297524558578,0.0,1e-08
7793.0,0.9955438765185244,0.583962381,0.118886276,0.0,0.0,0.9955438765185244,0.0,0.0,0.0,0.0,0.0,0.0,0.0,0.0,0.0,0.15067797950941408,0.4580590017772773,0.0,1e-08
7794.0,0.9805351501077939,0.554785591,0.115948188,0.0,0.0,0.9805351501077939,0.0,0.0,0.0,0.0,0.0,0.0,0.0,0.0,0.0,0.10841747852664674,0.44673879139055617,0.0,1e-08
7795.0,0.9701538823607229,0.538036141,0.118305905,0.0,0.0,0.9701538823607229,0.0,0.0,0.0,0.0,0.0,0.0,0.0,0.0,0.0,0.0859223379791102,0.45582288025118567,0.0,1e-08
7796.0,0.9634407482049745,0.54777865,0.120579326,0.0,0.0,0.9634407482049745,0.0,0.0,0.0,0.0,0.0,0.0,0.0,0.0,0.0,0.11175841072077564,0.46458218358641246,0.0,1e-08
7797.0,0.9702588085405096,0.554457323,0.143325991,0.0,0.0,0.9702588085405096,0.0,0.0,0.0,0.0,0.0,0.0,0.0,0.0,0.0,0.11804948414271743,0.5522232050249353,0.0,1e-08
7798.0,0.9953854165735402,0.487057196,0.216840354,0.0,0.0,0.9560129579492268,0.03937245862431336,0.0,0.0,0.0,0.0,0.0,0.0,0.0,0.0,1.1102230246251565e-16,0.7960955149731728,0.0,1.05e-08
7799.0,1.0206233748381812,0.211496538,0.322339859,0.0,0.0,0.4151328274172569,0.6054905474209243,0.0,0.0,0.0,0.0,0.0,0.0,0.0,0.0,0.0,0.6364583049980742,0.0,1.05e-08
7800.0,1.0259938821627799,0.005332439,0.40553332,0.0,0.0,0.01046669841517713,1.0155271837476028,0.0,0.0,0.0,0.0,0.0,0.0,0.0,0.0,0.0,0.5469592023734089,0.0,1.05e-08
7801.0,1.022531318229815,0.0,0.449324303,0.0,0.0,0.0,1.022531318229815,0.0,0.0,0.0,0.0,0.0,0.0,0.0,0.0,0.0,0.7086781083860114,0.0,1.05e-08
7802.0,1.0020921266774647,0.0,0.468696901,0.0,0.0,0.0,1.0020921266774647,0.0,0.0,0.0,0.0,0.0,0.0,0.0,0.0,0.0,0.8037583199137246,0.0,1.05e-08
7803.0,0.9701817199186255,0.0,0.485899491,0.0,0.0,0.0,0.9701817199186255,0.0,0.0,0.0,0.0,0.0,0.0,0.0,0.0,0.0,0.9019488850600953,0.0,1.05e-08
7804.0,0.929528178627754,0.0,0.49593789,0.0,0.0,0.0,0.929528178627754,0.0,0.0,0.0,0.0,0.0,0.0,0.0,0.0,0.0,0.9812795485562413,0.0,1.05e-08
7805.0,0.8930417056198448,0.0,0.497204128,0.0,0.0,0.0,0.8930417056198448,0.0,0.0,0.0,0.0,0.0,0.0,0.0,0.0,0.0,1.0226447319906802,0.0,1.05e-08
7806.0,0.8643411834222388,0.0,0.48783134,0.0,0.0,0.0,0.8643411834222388,0.0,0.0,0.0,0.0,0.0,0.0,0.0,0.0,0.0,1.015232676188534,0.0,1.05e-08
7807.0,0.8451568233261146,0.0,0.469769866,0.0,0.0,0.0,0.8451568233261146,0.0,0.0,0.0,0.0,0.0,0.0,0.0,0.0,0.0,0.9648276687863755,0.0,1.05e-08
7808.0,0.8372830771408877,0.0,0.447628234,0.0,0.0,0.0,0.8372830771408877,0.0,0.0,0.0,0.0,0.0,0.0,0.0,0.0,0.0,0.8873915357081641,0.0,1.05e-08
7809.0,0.8383045013808532,0.0,0.421340764,0.0,0.0,0.0,0.8383045013808532,0.0,0.0,0.0,0.0,0.0,0.0,0.0,0.0,0.0,0.7850866608245757,0.0,1.05e-08
7810.0,0.8477307267568035,0.0,0.398588696,0.0,0.0,0.0,0.8477307267568035,0.0,0.0,0.0,0.0,0.0,0.0,0.0,0.0,0.0,0.6879985966973745,0.0,1.05e-08
7811.0,0.871461174193487,0.0,0.381515941,0.0,0.0,0.0,0.871461174193487,0.0,0.0,0.0,0.0,0.0,0.0,0.0,0.0,0.0,0.5984882344041769,0.0,1.05e-08
7812.0,0.9011595657743717,0.0,0.368620566,0.0,0.0,0.0,0.9011595657743717,0.0,0.0,0.0,0.0,0.0,0.0,0.0,0.0,0.0,0.5191050280676875,0.0,1.05e-08
7813.0,0.9302648032368697,2.7e-06,0.356576769,0.0,0.0,5.299654758540745e-06,0.9302595035821111,0.0,0.0,0.0,0.0,0.0,0.0,0.0,0.0,8.470329472543003e-22,0.443601335200549,0.0,1.05e-08
7814.0,0.9477103866393837,0.076316903,0.323969391,0.0,0.0,0.1497974956077935,0.7979128910315901,0.0,0.0,0.0,0.0,0.0,0.0,0.0,0.0,0.0,0.4503144135889402,0.0,1.05e-08
7815.0,0.9537125923933112,0.228152208,0.273559817,0.0,0.0,0.44782516103658443,0.5058874313567268,0.0,0.0,0.0,0.0,0.0,0.0,0.0,0.0,-5.551115123125783e-17,0.5481159483218045,0.0,1.05e-08
7816.0,0.9497618005217463,0.343417603,0.23336319,0.0,0.0,0.6740721236687431,0.27568967685300316,0.0,0.0,0.0,0.0,0.0,0.0,0.0,0.0,0.0,0.6234394191156611,0.0,1.05e-08
7817.0,0.9293375984236515,0.405751119,0.246848064,0.0,0.0,0.7964225365154007,0.13291506190825073,0.0,0.0,0.0,0.0,0.0,0.0,0.0,0.0,1.1102230246251565e-16,0.8181701397721641,0.0,1.05e-08
7818.0,0.9010225193354665,0.422302309,0.290620681,0.0,0.0,0.8289097931239237,0.07211272621154284,0.0,0.0,0.0,0.0,0.0,0.0,0.0,0.0,1.1102230246251565e-16,1.0476247532826635,0.0,1.05e-08
7819.0,0.8764505211098805,0.412983042,0.338206714,0.0,0.0,0.8106176087896046,0.06583291232027588,0.0,0.0,0.0,0.0,0.0,0.0,0.0,0.0,0.0,1.237249621858969,0.0,1.05e-08
7820.0,0.8604417839652635,0.399546695,0.378432598,0.0,0.0,0.784244275339251,0.07619750862601257,0.0,0.0,0.0,0.0,0.0,0.0,0.0,0.0,0.0,1.3818720340675588,0.0,1.05e-08
7821.0,0.8538742616508519,0.379191589,0.444178689,0.0,0.0,0.7442905589046208,0.10958370274623108,0.0,0.0,0.0,0.0,0.0,0.0,0.0,0.0,1.1102230246251565e-16,1.6018000981399179,0.0,1.05e-08
7822.0,0.86358742800826,0.318713668,0.554103444,0.0,0.0,0.6255823730474723,0.23800505496078772,0.0,0.0,0.0,0.0,0.0,0.0,0.0,0.0,0.0,1.8969097474844627,0.0,1.05e-08
7823.0,0.8806175893928426,0.198900197,0.63689343,0.0,0.0,0.3904082872243488,0.4902093021684939,0.0,0.0,0.0,0.0,0.0,0.0,0.0,0.0,0.0,1.9636884781295976,0.0,1.05e-08
7824.0,0.8900523801712245,0.010882954,0.688663741,0.0,0.0,0.02136144405669631,0.8686909361145282,0.0,0.0,0.0,0.0,0.0,0.0,0.0,0.0,0.0,1.7846735763937573,0.0,1.05e-08
7825.0,0.8958811365259125,0.0,0.704710307,0.0,0.0,0.0,0.8958811365259125,0.0,0.0,0.0,0.0,0.0,0.0,0.0,0.0,0.0,1.8193094693820284,0.0,1.05e-08
7826.0,0.8911787305909769,0.0,0.712426627,0.0,0.0,0.0,0.8911787305909769,0.0,0.0,0.0,0.0,0.0,0.0,0.0,0.0,0.0,1.8537422189320172,0.0,1.05e-08
7827.0,0.8775683061272013,0.0,0.716999177,0.0,0.0,0.0,0.8775683061272013,0.0,0.0,0.0,0.0,0.0,0.0,0.0,0.0,0.0,1.8849703008668424,0.0,1.05e-08
7828.0,0.8596066572281847,0.0,0.716900652,0.0,0.0,0.0,0.8596066572281847,0.0,0.0,0.0,0.0,0.0,0.0,0.0,0.0,0.0,1.9025523410787288,0.0,1.05e-08
7829.0,0.8400175818671686,0.0,0.711469504,0.0,0.0,0.0,0.8400175818671686,0.0,0.0,0.0,0.0,0.0,0.0,0.0,0.0,0.0,1.901215651792321,0.0,1.05e-08
7830.0,0.8227946989278755,0.0,0.700247126,0.0,0.0,0.0,0.8227946989278755,0.0,0.0,0.0,0.0,0.0,0.0,0.0,0.0,0.0,1.8751996392324632,0.0,1.05e-08
7831.0,0.8111307621666758,0.0,0.682985091,0.0,0.0,0.0,0.8111307621666758,0.0,0.0,0.0,0.0,0.0,0.0,0.0,0.0,0.0,1.8203543809311107,0.0,1.05e-08
7832.0,0.8056296324549956,0.0,0.66923835,0.0,0.0,0.0,0.8056296324549956,0.0,0.0,0.0,0.0,0.0,0.0,0.0,0.0,0.0,1.7728904530094707,0.0,1.05e-08
7833.0,0.8089123229368974,0.0,0.660340475,0.0,0.0,0.0,0.8089123229368974,0.0,0.0,0.0,0.0,0.0,0.0,0.0,0.0,0.0,1.7353249850904242,0.0,1.05e-08
7834.0,0.8268247207719324,0.0,0.655916027,0.0,0.0,0.0,0.8268247207719324,0.0,0.0,0.0,0.0,0.0,0.0,0.0,0.0,0.0,1.7003655545575571,0.0,1.05e-08
7835.0,0.855979209298412,0.0,0.655942454,0.0,0.0,0.0,0.855979209298412,0.0,0.0,0.0,0.0,0.0,0.0,0.0,0.0,0.0,1.6713128870792864,0.0,1.05e-08
7836.0,0.8852557548095414,0.0,0.653383013,0.0,0.0,0.0,0.8852557548095413,0.0,0.0,0.0,0.0,0.0,0.0,0.0,0.0,0.0,1.6321750267973267,0.0,1.05e-08
7837.0,0.9078748412807279,4.25e-06,0.644006655,0.0,0.0,8.342049156962284e-06,0.9078664992315709,0.0,0.0,0.0,0.0,0.0,0.0,0.0,0.0,0.0,1.5734379494604163,0.0,1.05e-08
7838.0,0.9222090422499717,0.14506383,0.59646482,0.0,0.0,0.28473637664875767,0.637472665601214,0.0,0.0,0.0,0.0,0.0,0.0,0.0,0.0,0.0,1.6606570196491122,0.0,1.05e-08
7839.0,0.9260442011887102,0.423270635,0.517653858,0.0,0.0,0.8308104573808567,0.09523374380785352,0.0,0.0,0.0,0.0,0.0,0.0,0.0,0.0,0.0,1.8992438144061532,0.0,1.05e-08
7840.0,0.9222475865609138,0.542228703,0.553792133,0.0,0.0,0.9222475865609138,0.0,0.0,0.0,0.0,0.0,0.0,0.0,0.0,0.0,0.1420579416136517,2.1337153468756074,0.0,1e-08
7841.0,0.9131468464773634,0.557830686,0.57650477,0.0,0.0,0.9131468464773634,0.0,0.0,0.0,0.0,0.0,0.0,0.0,0.0,0.0,0.18178280149298776,2.221225261240741,0.0,1e-08
7842.0,0.9064465604252625,0.532039611,0.588257087,0.0,0.0,0.9064465604252625,0.0,0.0,0.0,0.0,0.0,0.0,0.0,0.0,0.0,0.13785946037781782,2.2665059679355166,0.0,1e-08
7843.0,0.9031938488518712,0.52054084,0.594699692,0.0,0.0,0.903193848851871,0.0,0.0,0.0,0.0,0.0,0.0,0.0,0.0,0.0,0.11854198067435007,2.291328792860618,0.0,1e-08
7844.0,0.9037613067629632,0.53243635,0.599850662,0.0,0.0,0.9037613067629632,0.0,0.0,0.0,0.0,0.0,0.0,0.0,0.0,0.0,0.14132344727317225,2.3111750548159065,0.0,1e-08
7845.0,0.9154573637832812,0.55114255,0.609736214,0.0,0.0,0.9154573637832812,0.0,0.0,0.0,0.0,0.0,0.0,0.0,0.0,0.0,0.166344576121082,2.349263270154886,0.0,1e-08
7846.0,0.9421921261228403,0.48260893,0.649838157,0.0,0.0,0.9421921261228403,0.0,0.0,0.0,0.0,0.0,0.0,0.0,0.0,0.0,0.00508961920632911,2.5037727442333684,0.0,1e-08
7847.0,0.95822870082536,0.205222179,0.660984869,0.0,0.0,0.40281729536868544,0.5554114054566747,0.0,0.0,0.0,0.0,0.0,0.0,0.0,0.0,0.0,1.9913086994276301,0.0,1.05e-08
7848.0,0.9607811907499699,0.004957586,0.638970665,0.0,0.0,0.009730923791027768,0.9510502669589422,0.0,0.0,0.0,0.0,0.0,0.0,0.0,0.0,1.734723475976807e-18,1.5108509282207525,0.0,1.05e-08
7849.0,0.9555691433703555,0.0,0.617176109,0.0,0.0,0.0,0.9555691433703555,0.0,0.0,0.0,0.0,0.0,0.0,0.0,0.0,0.0,1.4223594277064617,0.0,1.05e-08
7850.0,0.9355111122262104,0.0,0.604369804,0.0,0.0,0.0,0.9355111122262104,0.0,0.0,0.0,0.0,0.0,0.0,0.0,0.0,0.0,1.3930758234480867,0.0,1.05e-08
7851.0,0.9069776153760202,0.0,0.593736457,0.0,0.0,0.0,0.9069776153760202,0.0,0.0,0.0,0.0,0.0,0.0,0.0,0.0,0.0,1.3806399125899271,0.0,1.05e-08
7852.0,0.8734012378442392,0.0,0.574842509,0.0,0.0,0.0,0.8734012378442392,0.0,0.0,0.0,0.0,0.0,0.0,0.0,0.0,0.0,1.3414194690612877,0.0,1.05e-08
7853.0,0.8411674871436078,0.0,0.550645738,0.0,0.0,0.0,0.8411674871436078,0.0,0.0,0.0,0.0,0.0,0.0,0.0,0.0,0.0,1.2804250596798137,0.0,1.05e-08
7854.0,0.815700404363922,0.0,0.527912972,0.0,0.0,0.0,0.815700404363922,0.0,0.0,0.0,0.0,0.0,0.0,0.0,0.0,0.0,1.218304672719961,0.0,1.05e-08
7855.0,0.7966188290969768,0.0,0.509893219,0.0,0.0,0.0,0.7966188290969768,0.0,0.0,0.0,0.0,0.0,0.0,0.0,0.0,0.0,1.1679576280555937,0.0,1.05e-08
7856.0,0.7864217175021846,0.0,0.49250864,0.0,0.0,0.0,0.7864217175021846,0.0,0.0,0.0,0.0,0.0,0.0,0.0,0.0,0.0,1.1111733926776013,0.0,1.05e-08
7857.0,0.7844752297996088,0.0,0.472943811,0.0,0.0,0.0,0.7844752297996088,0.0,0.0,0.0,0.0,0.0,0.0,0.0,0.0,0.0,1.03773821023952,0.0,1.05e-08
7858.0,0.790017045172839,0.0,0.449532976,0.0,0.0,0.0,0.790017045172839,0.0,0.0,0.0,0.0,0.0,0.0,0.0,0.0,0.0,0.941996381276222,0.0,1.05e-08
7859.0,0.8067431347711006,0.0,0.427398941,0.0,0.0,0.0,0.8067431347711006,0.0,0.0,0.0,0.0,0.0,0.0,0.0,0.0,0.0,0.8399896830280323,0.0,1.05e-08
7860.0,0.8347884036826909,0.0,0.4129002,0.0,0.0,0.0,0.8347884036826909,0.0,0.0,0.0,0.0,0.0,0.0,0.0,0.0,0.0,0.7560819625960726,0.0,1.05e-08
7861.0,0.8657887364331753,6.1e-06,0.399759329,0.0,0.0,1.1973294084110573e-05,0.8657767631390911,0.0,0.0,0.0,0.0,0.0,0.0,0.0,0.0,0.0,0.674462912573303,0.0,1.05e-08
7862.0,0.8938768323569235,0.080728423,0.356351098,0.0,0.0,0.15845658188942227,0.7354202504675013,0.0,0.0,0.0,0.0,0.0,0.0,0.0,0.0,0.0,0.637571096591908,0.0,1.05e-08
7863.0,0.9093159702398407,0.33113739,0.272672306,0.0,0.0,0.6499680906089861,0.2593478796308546,0.0,0.0,0.0,0.0,0.0,0.0,0.0,0.0,0.0,0.79123599347043,0.0,1.05e-08
7864.0,0.9152368046706681,0.471353945,0.269283496,0.0,0.0,0.915236804670668,0.0,0.0,0.0,0.0,0.0,0.0,0.0,0.0,0.0,0.009953261098295973,1.0375270680768525,0.0,1e-08
7865.0,0.9108620253787403,0.521425473,0.328627296,0.0,0.0,0.9108620253787403,0.0,0.0,0.0,0.0,0.0,0.0,0.0,0.0,0.0,0.11261019284674445,1.2661738278565127,0.0,1e-08
7866.0,0.9015021818716348,0.510811494,0.390162329,0.0,0.0,0.9015021818716348,0.0,0.0,0.0,0.0,0.0,0.0,0.0,0.0,0.0,0.10113654586703469,1.5032632273958826,0.0,1e-08
7867.0,0.8940181614970445,0.505331596,0.435566692,0.0,0.0,0.8940181614970444,0.0,0.0,0.0,0.0,0.0,0.0,0.0,0.0,0.0,0.09786443012606283,1.678202487770336,0.0,1e-08
7868.0,0.8877504282677382,0.524267752,0.46725903,0.0,0.0,0.9008358549023698,0.0,0.0,0.013085426634631686,0.0,0.0,0.0,0.0,0.0,0.0,0.12821528829624462,1.8003104483920322,0.0,1e-08
7869.0,0.8901144793388533,0.547977415,0.500652069,0.0,0.0,1.075589301843558,0.0,0.0,0.1854748225047046,0.0,0.011776883971168517,0.0,0.0,0.0,0.0,0.0,1.9289710694939135,0.0,1.0000136218855531e-08
7870.0,0.9085986177861961,0.500062157,0.577481074,0.0,0.0,0.9815395518189627,0.0,0.0,0.07294093403276661,0.0,0.17870406380422227,0.0,0.0,0.0,0.0,0.0,2.2249868799129517,0.0,1.000027243956662e-08
7871.0,0.9286245286712227,0.255415024,0.633563657,0.0,0.0,0.501337573090518,0.4272869555807047,0.0,0.0,0.0,0.2443484701805663,0.0,0.0,0.0,0.0,0.0,2.0137814843776742,0.0,1.05e-08
7872.0,0.9347081057482501,0.00810939,0.654767546,0.0,0.0,0.015917395297171382,0.9187907104510787,0.0,0.0,0.0,0.24434514173901004,0.0,0.0,0.0,0.0,0.0,1.6039745624465054,0.0,1.05e-08
7873.0,0.9295667229386961,0.0,0.660092977,0.0,0.0,0.0,0.9295667229386961,0.0,0.0,0.0,0.2443418133427928,0.0,0.0,0.0,0.0,0.0,1.6137169957372197,0.0,1.05e-08
7874.0,0.9127763928221977,0.0,0.648896824,0.0,0.0,0.0,0.9127763928221976,0.0,0.0,0.0,0.244338484991914,0.0,0.0,0.0,0.0,0.0,1.5873694731134607,0.0,1.05e-08
7875.0,0.8852107864467756,0.0,0.632896971,0.0,0.0,0.0,0.8852107864467756,0.0,0.0,0.0,0.24433515668637298,0.0,0.0,0.0,0.0,0.0,1.5532889674198729,0.0,1.05e-08
7876.0,0.8528078690481207,0.0,0.618388225,0.0,0.0,0.0,0.8528078690481208,0.0,0.0,0.0,0.24433182842616916,0.0,0.0,0.0,0.0,0.0,1.529790884859541,0.0,1.05e-08
7877.0,0.8210130952221075,0.0,0.603587524,0.0,0.0,0.0,0.8210130952221075,0.0,0.0,0.0,0.24432850021130187,0.0,0.0,0.0,0.0,0.0,1.5045597802261776,0.0,1.05e-08
7878.0,0.7933896723802724,0.0,0.587389354,0.0,0.0,0.0,0.7933896723802724,0.0,0.0,0.0,0.24432517204177057,0.0,0.0,0.0,0.0,0.0,1.4697729919783944,0.0,1.05e-08
7879.0,0.775689268255419,0.0,0.575204039,0.0,0.0,0.0,0.775689268255419,0.0,0.0,0.0,0.24432184391757458,0.0,0.0,0.0,0.0,0.0,1.4405243838788113,0.0,1.05e-08
7880.0,0.7648561755300821,0.0,0.56646729,0.0,0.0,0.0,0.7648561755300821,0.0,0.0,0.0,0.24431851583871328,0.0,0.0,0.0,0.0,0.0,1.4176955043364776,0.0,1.05e-08
7881.0,0.7614150251031961,0.0,0.563070391,0.0,0.0,0.0,0.7614150251031961,0.0,0.0,0.0,0.2443151878051861,0.0,0.0,0.0,0.0,0.0,1.4080486834900585,0.0,1.05e-08
7882.0,0.7666078003273396,0.0,0.566043455,0.0,0.0,0.0,0.7666078003273396,0.0,0.0,0.0,0.24431185981699238,0.0,0.0,0.0,0.0,0.0,1.4143108782917233,0.0,1.05e-08
7883.0,0.7819077504207437,0.0,0.569947898,0.0,0.0,0.0,0.7819077504207437,0.0,0.0,0.0,0.2443085318741315,0.0,0.0,0.0,0.0,0.0,1.4140544245820084,0.0,1.05e-08
7884.0,0.8033062670454304,0.0,0.565739304,0.0,0.0,0.0,0.8033062670454304,0.0,0.0,0.0,0.24430520397660288,0.0,0.0,0.0,0.0,0.0,1.3764405428925954,0.0,1.05e-08
7885.0,0.8315763777708496,0.0,0.550569929,0.0,0.0,0.0,0.8315763777708496,0.0,0.0,0.0,0.24430187612440588,0.0,0.0,0.0,0.0,0.0,1.2897240832371686,0.0,1.05e-08
7886.0,0.8571805069894406,0.055473464,0.509641706,0.0,0.0,0.10888526202234768,0.7482952449670929,0.0,0.0,0.0,0.2442985483175399,0.0,0.0,0.0,0.0,0.0,1.2153121533706992,0.0,1.05e-08
7887.0,0.8674075974927433,0.421062214,0.506078726,0.0,0.0,0.8264756911358524,0.04093190635689087,0.0,0.0,0.0,0.24429522055600428,0.0,0.0,0.0,0.0,0.0,1.9089476243323895,0.0,1.05e-08
7888.0,0.8708358998159819,0.5380508,0.538278107,0.0,0.0,1.056104993539502,0.0,0.0,0.18526909372352002,0.0,0.24429189283979844,0.0,0.0,0.0,0.0,0.0,2.0739410861097416,0.0,1.000272472969541e-08
7889.0,0.8736003834507733,0.558202459,0.546042294,0.0,0.0,1.0956593770624057,0.0,0.0,0.2220589936116323,0.0,0.4110307495200898,0.0,0.0,0.0,0.0,0.0,2.1038558573221238,0.0,1.00028609856669e-08
7890.0,0.8733776829875524,0.547064132,0.550347898,0.0,0.0,1.0737966779188008,0.0,0.0,0.20041899493124854,0.0,0.6108782448329981,0.0,0.0,0.0,0.0,2.220446049250313e-16,2.120444993904114,0.0,1.0002997243494451e-08
7891.0,0.8741935375691601,0.540955762,0.553212476,0.0,0.0,1.0618069549049387,0.0,0.0,0.1876134173357787,0.0,0.7912470190709342,0.0,0.0,0.0,0.0,0.0,2.1314819763325414,0.0,1.000313350317809e-08
7892.0,0.8766560907682384,0.558449792,0.555922459,0.0,0.0,1.0961448509551441,0.0,0.0,0.21948876018690577,0.0,0.9600883165436154,0.0,0.0,0.0,0.0,0.0,2.1419233169950536,0.0,1.0003269764717845e-08
7893.0,0.8905748697195507,0.581281524,0.561773589,0.0,0.0,1.1409597758216357,0.0,0.0,0.2503849061020851,0.0,1.157615122676809,0.0,0.0,0.0,0.0,0.0,2.16446723759922,0.0,1.0003406028113739e-08
7894.0,0.9281876931472123,0.526563657,0.55362371,0.0,0.0,1.0335576261091357,0.0,0.0,0.10536993296192346,0.0,1.3829457694827694,0.0,0.0,0.0,0.0,0.0,2.133066426967843,0.0,1.0003542293365796e-08
7895.0,0.9607726253475384,0.214793533,0.547468831,0.0,0.0,0.4216042849137884,0.53916834043375,0.0,0.0,0.0,1.4777598710761124,0.0,0.0,0.0,0.0,0.0,1.570183846121685,0.0,1.05e-08
7896.0,0.9765436725746791,0.01422748,0.549566388,0.0,0.0,0.027926197068164182,0.9486174755065149,0.0,0.0,0.0,1.4777397414744766,0.0,0.0,0.0,0.0,-3.469446951953614e-18,1.1688164249179873,0.0,1.05e-08
7897.0,0.9772717317813632,0.0,0.539715236,0.0,0.0,0.0,0.9772717317813632,0.0,0.0,0.0,1.4777196121470402,0.0,0.0,0.0,0.0,0.0,1.1022064936628224,0.0,1.05e-08
7898.0,0.9538089531706664,0.0,0.521937942,0.0,0.0,0.0,0.9538089531706664,0.0,0.0,0.0,1.4776994830937995,0.0,0.0,0.0,0.0,0.0,1.0571748268428185,0.0,1.05e-08
7899.0,0.9196008772095565,0.0,0.507071079,0.0,0.0,0.0,0.9196008772095565,0.0,0.0,0.0,1.4776793543147508,0.0,0.0,0.0,0.0,0.0,1.034102107623335,0.0,1.05e-08
7900.0,0.8784676733825169,0.0,0.503973138,0.0,0.0,0.0,0.8784676733825169,0.0,0.0,0.0,1.4776592258098902,0.0,0.0,0.0,0.0,0.0,1.063299200658033,0.0,1.05e-08
7901.0,0.8413023922319051,0.0,0.498708855,0.0,0.0,0.0,0.8413023922319051,0.0,0.0,0.0,1.477639097579214,0.0,0.0,0.0,0.0,0.0,1.0801816342236714,0.0,1.05e-08
7902.0,0.8135697605090673,0.0,0.489213343,0.0,0.0,0.0,0.8135697605090673,0.0,0.0,0.0,1.4776189696227184,0.0,0.0,0.0,0.0,0.0,1.0713288425113925,0.0,1.05e-08
7903.0,0.798963608012621,0.0,0.471805721,0.0,0.0,0.0,0.798963608012621,0.0,0.0,0.0,1.4775988419404003,0.0,0.0,0.0,0.0,0.0,1.018864865259337,0.0,1.05e-08
7904.0,0.7949592823758588,0.0,0.455270648,0.0,0.0,0.0,0.7949592823758588,0.0,0.0,0.0,1.477578714532255,0.0,0.0,0.0,0.0,0.0,0.9591609203746606,0.0,1.05e-08
7905.0,0.8064176494787006,0.0,0.443222627,0.0,0.0,0.0,0.8064176494787006,0.0,0.0,0.0,1.4775585873982793,0.0,0.0,0.0,0.0,0.0,0.9012825234893088,0.0,1.05e-08
7906.0,0.8414993964878313,0.0,0.437845179,0.0,0.0,0.0,0.8414993964878313,0.0,0.0,0.0,1.4775384605384694,0.0,0.0,0.0,0.0,0.0,0.8454819134972952,0.0,1.05e-08
7907.0,0.9083673519205435,0.0,0.43154675,0.0,0.0,0.0,0.9083673519205436,0.0,0.0,0.0,1.4775183339528215,0.0,0.0,0.0,0.0,0.0,0.7543466313589752,0.0,1.05e-08
7908.0,0.9753145373257478,0.0,0.42282275,0.0,0.0,0.0,0.9753145373257478,0.0,0.0,0.0,1.477498207641332,0.0,0.0,0.0,0.0,0.0,0.6537865945300713,0.0,1.05e-08
7909.0,1.0113042169926256,8.31e-06,0.403102529,0.0,0.0,1.631115964573096e-05,1.0112879058329798,0.0,0.0,0.0,1.477478081603997,0.0,0.0,0.0,0.0,0.0,0.5418328433410964,0.0,1.05e-08
7910.0,1.0322059402762809,0.128939482,0.372768415,0.0,0.0,0.2530869404981773,0.7791189997781035,0.0,0.0,0.0,1.477457955840813,0.0,0.0,0.0,0.0,0.0,0.6571269136610379,0.0,1.05e-08
7911.0,1.0401824712906869,0.479667486,0.344217239,0.0,0.0,0.9415081758137689,0.09867429547691797,0.0,0.0,0.0,1.477437830351776,0.0,0.0,0.0,0.0,1.1102230246251565e-16,1.2275662950759436,0.0,1.05e-08
7912.0,1.035587132886146,0.618982579,0.312681696,0.0,0.0,1.2149607297226566,0.0,0.0,0.1793735968365106,0.0,1.4774177051368824,0.0,0.0,0.0,0.0,0.0,1.204736748115368,0.0,1.0005995385335764e-08
7913.0,1.0282251694962057,0.614792751,0.293127438,0.0,0.0,1.2067367882790758,0.0,0.0,0.17851161878287025,0.0,1.638833817348988,0.0,0.0,0.0,0.0,2.220446049250313e-16,1.1293958071645778,0.0,1.0006131685859747e-08
7914.0,1.019775399997455,0.579578743,0.285171683,0.0,0.0,1.1376174975144495,0.0,0.0,0.11784209751699438,0.0,1.7994719505509618,0.0,0.0,0.0,0.0,0.0,1.0987429402711393,0.0,1.0006267988240403e-08
7915.0,1.0116318436356335,0.563712044,0.289093547,0.0,0.0,1.1064737838634555,0.0,0.0,0.09484194022782202,0.0,1.9055053264491877,0.0,0.0,0.0,0.0,0.0,1.113853558328906,0.0,1.0006404292477754e-08
7916.0,1.0086532249400526,0.581475725,0.295543632,0.0,0.0,1.1413409603600666,0.0,0.0,0.13268773542001402,0.0,1.9908371164323222,0.0,0.0,0.0,0.0,0.0,1.1387052030761817,0.0,1.0006540598571824e-08
7917.0,1.0188117922239028,0.607696583,0.293772991,0.0,0.0,1.1928081806832966,0.0,0.0,0.1739963884593938,0.0,2.1102289597243864,0.0,0.0,0.0,0.0,0.0,1.131883069552831,0.0,1.0006676906522643e-08
7918.0,1.0519813131401838,0.540349696,0.290267176,0.0,0.0,1.0606173472897946,0.0,0.0,0.008636034149610717,0.0,2.26679696443202,0.0,0.0,0.0,0.0,0.0,1.1183754539276618,0.0,1.0006813216330231e-08
7919.0,1.0856369206444572,0.222531974,0.311901522,0.0,0.0,0.4367935684950242,0.6488433521494329,0.0,0.0,0.0,2.274538517538459,0.0,0.0,0.0,0.0,0.0,0.5528874499839732,0.0,1.05e-08
7920.0,1.101142440396219,0.005894933,0.326062866,0.0,0.0,0.01157078137952921,1.0895716590166897,0.0,0.0,0.0,2.274507534457135,0.0,0.0,0.0,0.0,0.0,0.16672163186406874,0.0,1.05e-08
7921.0,1.0986070812764723,0.0,0.336013759,0.0,0.0,0.0,1.0986070812764723,0.0,0.0,0.0,2.2744765517978527,0.0,0.0,0.0,0.0,0.0,0.19602617841929493,0.0,1.05e-08
7922.0,1.0730607685242943,0.0,0.341101303,0.0,0.0,0.0,1.0730607685242943,0.0,0.0,0.0,2.2744455695606067,0.0,0.0,0.0,0.0,0.0,0.24117437798755903,0.0,1.05e-08
7923.0,1.030381509558355,0.0,0.34485762,0.0,0.0,0.0,1.030381509558355,0.0,0.0,0.0,2.274414587745392,0.0,0.0,0.0,0.0,0.0,0.2983264160939516,0.0,1.05e-08
7924.0,0.9843360474368061,0.0,0.350858608,0.0,0.0,0.0,0.9843360474368061,0.0,0.0,0.0,2.274383606352202,0.0,0.0,0.0,0.0,0.0,0.3674931893158453,0.0,1.05e-08
7925.0,0.944142896526632,0.0,0.352064016,0.0,0.0,0.0,0.944142896526632,0.0,0.0,0.0,2.274352625381032,0.0,0.0,0.0,0.0,0.0,0.4123306776869248,0.0,1.05e-08
7926.0,0.9164295369592652,0.0,0.352130815,0.0,0.0,0.0,0.9164295369592652,0.0,0.0,0.0,2.2743216448318746,0.0,0.0,0.0,0.0,0.0,0.4403014082838941,0.0,1.05e-08
7927.0,0.8999132997205772,0.0,0.35187155,0.0,0.0,0.0,0.8999132997205771,0.0,0.0,0.0,2.274290664704725,0.0,0.0,0.0,0.0,0.0,0.45581871889209535,0.0,1.05e-08
7928.0,0.8976970018414068,0.0,0.351268648,0.0,0.0,0.0,0.8976970018414068,0.0,0.0,0.0,2.2742596849995778,0.0,0.0,0.0,0.0,0.0,0.4557120851631673,0.0,1.05e-08
7929.0,0.9088727106640065,0.0,0.35014474,0.0,0.0,0.0,0.9088727106640065,0.0,0.0,0.0,2.2742287057164265,0.0,0.0,0.0,0.0,0.0,0.44020605164800586,0.0,1.05e-08
7930.0,0.9416268095623563,0.0,0.353101999,0.0,0.0,0.0,0.9416268095623563,0.0,0.0,0.0,2.274197726855266,0.0,0.0,0.0,0.0,0.0,0.41884602741591004,0.0,1.05e-08
7931.0,1.009051516153121,0.0,0.355720249,0.0,0.0,0.0,1.009051516153121,0.0,0.0,0.0,2.27416674841609,0.0,0.0,0.0,0.0,0.0,0.36150922181552825,0.0,1.05e-08
7932.0,1.0695125505670138,0.0,0.355296739,0.0,0.0,0.0,1.0695125505670138,0.0,0.0,0.0,2.2741357703988934,0.0,0.0,0.0,0.0,0.0,0.2994164383522946,0.0,1.05e-08
7933.0,1.0889324592300063,6.83e-06,0.351065643,0.0,0.0,1.340616370401233e-05,1.0889190530663022,0.0,0.0,0.0,2.2741047928036697,0.0,0.0,0.0,0.0,0.0,0.26370787244087746,0.0,1.05e-08
7934.0,1.0866412140795594,0.14529457,0.310474455,0.0,0.0,0.28518928121875237,0.8014519328608068,0.0,0.0,0.0,2.274073815630414,0.0,0.0,0.0,0.0,5.551115123125783e-17,0.3947804979930639,0.0,1.05e-08
7935.0,1.0729130153323496,0.443627621,0.247569122,0.0,0.0,0.8707678639454668,0.2021451513868828,0.0,0.0,0.0,2.2740428388791196,0.0,0.0,0.0,0.0,0.0,0.7517182272102985,0.0,1.05e-08
7936.0,1.0544438663392623,0.542303545,0.225598287,0.0,0.0,1.064452430678802,0.0,0.0,0.01000856433953955,0.0,2.274011862549781,0.0,0.0,0.0,0.0,0.0,0.8692115660674217,0.0,1.0009267110403553e-08
7937.0,1.0362894958855353,0.544014189,0.231556265,0.0,0.0,1.067810142758346,0.0,0.0,0.03152064687281067,0.0,2.2829885945479784,0.0,0.0,0.0,0.0,0.0,0.8921671631902635,0.0,1.0009403455494601e-08
7938.0,1.022124461614315,0.514709311,0.235527393,0.0,0.0,1.0102894997431031,0.011834961871212036,0.0,0.0,0.0,2.31132607854777,0.0,0.0,0.0,0.0,-2.220446049250313e-16,0.8956326294997592,0.0,1.05e-08
7939.0,1.0120215694462702,0.499611858,0.242644632,0.0,0.0,0.9806556891381789,0.03136588030809118,0.0,0.0,0.0,2.311294594357326,0.0,0.0,0.0,0.0,1.1102230246251565e-16,0.9035238450672314,0.0,1.05e-08
7940.0,1.0103984256854863,0.499561578,0.247834172,0.0,0.0,0.9805569977895643,0.029841427895921997,0.0,0.0,0.0,2.3112631105957506,0.0,0.0,0.0,0.0,1.1102230246251565e-16,0.9250431664589223,0.0,1.05e-08
7941.0,1.0282208867949898,0.494592367,0.259095992,0.0,0.0,0.9708032560405483,0.05741763075444141,0.0,0.0,0.0,2.3112316272630373,0.0,0.0,0.0,0.0,1.1102230246251565e-16,0.9408578258677631,0.0,1.05e-08
7942.0,1.0677395122636772,0.412956008,0.294511899,0.0,0.0,0.8105645455056258,0.2571749667580514,0.0,0.0,0.0,2.31120014435918,0.0,0.0,0.0,0.0,1.1102230246251565e-16,0.8775550542871897,0.0,1.05e-08
7943.0,1.1073844774182307,0.163583248,0.364032299,0.0,0.0,0.32108694025212986,0.7862975371661008,0.0,0.0,0.0,2.311168661884174,0.0,0.0,0.0,0.0,5.551115123125783e-17,0.616288842902086,0.0,1.05e-08
7944.0,1.1254210735885235,0.003001705,0.424792409,0.0,0.0,0.005891851921105758,1.1195292216674178,0.0,0.0,0.0,2.311137179838012,0.0,0.0,0.0,0.0,8.673617379884035e-19,0.5171608436274604,0.0,1.05e-08
7945.0,1.125755124283355,0.0,0.464118708,0.0,0.0,0.0,1.125755124283355,0.0,0.0,0.0,2.3111056982206897,0.0,0.0,0.0,0.0,0.0,0.6624559228238793,0.0,1.05e-08
7946.0,1.1029711538153606,0.0,0.482514738,0.0,0.0,0.0,1.1029711538153606,0.0,0.0,0.0,2.3110742170322003,0.0,0.0,0.0,0.0,0.0,0.7561182774248316,0.0,1.05e-08
7947.0,1.0616302389793553,0.0,0.490171817,0.0,0.0,0.0,1.0616302389793553,0.0,0.0,0.0,2.311042736272538,0.0,0.0,0.0,0.0,0.0,0.8269612851960195,0.0,1.05e-08
7948.0,1.0148909792608485,0.0,0.490259125,0.0,0.0,0.0,1.0148909792608485,0.0,0.0,0.0,2.3110112559416973,0.0,0.0,0.0,0.0,0.0,0.8740369354271467,0.0,1.05e-08
7949.0,0.9780490420520287,0.0,0.485982489,0.0,0.0,0.0,0.9780490420520287,0.0,0.0,0.0,2.310979776039672,0.0,0.0,0.0,0.0,0.0,0.8944013473653054,0.0,1.05e-08
7950.0,0.9500894271647542,0.0,0.479188851,0.0,0.0,0.0,0.9500894271647542,0.0,0.0,0.0,2.310948296566457,0.0,0.0,0.0,0.0,0.0,0.8961856361727543,0.0,1.05e-08
7951.0,0.9352177471929289,0.0,0.470276587,0.0,0.0,0.0,0.9352177471929289,0.0,0.0,0.0,2.310916817522046,0.0,0.0,0.0,0.0,0.0,0.8767190990789228,0.0,1.05e-08
7952.0,0.9323997297929402,0.0,0.460708904,0.0,0.0,0.0,0.9323997297929402,0.0,0.0,0.0,2.3108853389064326,0.0,0.0,0.0,0.0,0.0,0.8426736241419034,0.0,1.05e-08
7953.0,0.9429394574849954,0.0,0.453613224,0.0,0.0,0.0,0.9429394574849954,0.0,0.0,0.0,2.310853860719612,0.0,0.0,0.0,0.0,0.0,0.8047948274917878,0.0,1.05e-08
7954.0,0.9765136936661686,0.0,0.449862647,0.0,0.0,0.0,0.9765136936661686,0.0,0.0,0.0,2.310822382961577,0.0,0.0,0.0,0.0,0.0,0.7567699279160541,0.0,1.05e-08
7955.0,1.043964096464228,0.0,0.444443093,0.0,0.0,0.0,1.043964096464228,0.0,0.0,0.0,2.3107909056323233,0.0,0.0,0.0,0.0,0.0,0.6684384311949414,0.0,1.05e-08
7956.0,1.1030889280987948,0.0,0.437807976,0.0,0.0,0.0,1.1030889280987948,0.0,0.0,0.0,2.3107594287318443,0.0,0.0,0.0,0.0,0.0,0.5837490418001883,0.0,1.05e-08
7957.0,1.115127601216376,1.62e-06,0.429507409,0.0,0.0,3.179792855124447e-06,1.1151244214235208,0.0,0.0,0.0,2.310727952260134,0.0,0.0,0.0,0.0,0.0,0.5397321494264635,0.0,1.05e-08
7958.0,1.1055621880509126,0.062668083,0.396609049,0.0,0.0,0.1230071126961394,0.9825550753547732,0.0,0.0,0.0,2.3106964762171867,0.0,0.0,0.0,0.0,0.0,0.5455468317213243,0.0,1.05e-08
7959.0,1.086022363753878,0.371187926,0.314638624,0.0,0.0,0.7285806882736185,0.3574416754802594,0.0,0.0,0.0,2.3106650006029965,0.0,0.0,0.0,0.0,0.0,0.8548349545827101,0.0,1.05e-08
7960.0,1.061366852854584,0.486488394,0.284406242,0.0,0.0,0.9548964934210907,0.10647035943349341,0.0,0.0,0.0,2.310633525417558,0.0,0.0,0.0,0.0,0.0,0.9893233998877823,0.0,1.05e-08
7961.0,1.0393344964499607,0.496845789,0.314640716,0.0,0.0,0.9752263518276967,0.06410814462226404,0.0,0.0,0.0,2.310602050660865,0.0,0.0,0.0,0.0,0.0,1.1481765457439126,0.0,1.05e-08
7962.0,1.0232122677231252,0.479584663,0.337241224,0.0,0.0,0.9413456079226333,0.08186665980049194,0.0,0.0,0.0,2.3105705763329114,0.0,0.0,0.0,0.0,-1.1102230246251565e-16,1.2174959211553382,0.0,1.05e-08
7963.0,1.0132335738903384,0.477263289,0.347420977,0.0,0.0,0.9367891335650581,0.07644444032528028,0.0,0.0,0.0,2.310539102433692,0.0,0.0,0.0,0.0,0.0,1.2621398881224073,0.0,1.05e-08
7964.0,1.0118288478915598,0.489897567,0.347453415,0.0,0.0,0.9615881378329939,0.05024071005856592,0.0,0.0,0.0,2.3105076289632,0.0,0.0,0.0,0.0,0.0,1.2884685993238396,0.0,1.05e-08
7965.0,1.0271716249971217,0.50168464,0.333540927,0.0,0.0,0.9847242183936299,0.04244740660349182,0.0,0.0,0.0,2.310476155921431,0.0,0.0,0.0,0.0,0.0,1.2426582356448004,0.0,1.05e-08
7966.0,1.067585335019909,0.420378934,0.36510069,0.0,0.0,0.8251345251716244,0.24245080984828454,0.0,0.0,0.0,2.3104446833083774,0.0,0.0,0.0,0.0,-1.1102230246251565e-16,1.164251992497002,0.0,1.05e-08
7967.0,1.10334803152235,0.166625282,0.426578316,0.0,0.0,0.3270579513498124,0.7762900801725376,0.0,0.0,0.0,2.3104132111240347,0.0,0.0,0.0,0.0,5.551115123125783e-17,0.8672809372827655,0.0,1.05e-08
7968.0,1.118125492067428,0.002835633,0.463026163,0.0,0.0,0.005565879971083396,1.1125596120963446,0.0,0.0,0.0,2.310381739368397,0.0,0.0,0.0,0.0,0.0,0.6714419493668382,0.0,1.05e-08
7969.0,1.1161725803130285,0.0,0.478629153,0.0,0.0,0.0,1.1161725803130285,0.0,0.0,0.0,2.310350268041458,0.0,0.0,0.0,0.0,0.0,0.72794601285986,0.0,1.05e-08
7970.0,1.091345761365103,0.0,0.479432885,0.0,0.0,0.0,1.091345761365103,0.0,0.0,0.0,2.310318797143212,0.0,0.0,0.0,0.0,0.0,0.7558695448179269,0.0,1.05e-08
7971.0,1.0470326518853403,0.0,0.474656437,0.0,0.0,0.0,1.0470326518853403,0.0,0.0,0.0,2.3102873266736528,0.0,0.0,0.0,0.0,0.0,0.7817793946740046,0.0,1.05e-08
7972.0,0.9988072948449551,0.0,0.461700142,0.0,0.0,0.0,0.9988072948449551,0.0,0.0,0.0,2.3102558566327756,0.0,0.0,0.0,0.0,0.0,0.780085217230595,0.0,1.05e-08
7973.0,0.9578603885208022,0.0,0.446674033,0.0,0.0,0.0,0.9578603885208022,0.0,0.0,0.0,2.310224387020573,0.0,0.0,0.0,0.0,0.0,0.7631377666893976,0.0,1.05e-08
7974.0,0.9275195917575493,0.0,0.428817284,0.0,0.0,0.0,0.9275195917575493,0.0,0.0,0.0,2.3101929178370404,0.0,0.0,0.0,0.0,0.0,0.7246779844696954,0.0,1.05e-08
7975.0,0.9098106222302642,0.0,0.410386828,0.0,0.0,0.0,0.9098106222302642,0.0,0.0,0.0,2.310161449082172,0.0,0.0,0.0,0.0,0.0,0.6713759293295072,0.0,1.05e-08
7976.0,0.9030418129587107,0.0,0.396220266,0.0,0.0,0.0,0.9030418129587107,0.0,0.0,0.0,2.3101299807559608,0.0,0.0,0.0,0.0,0.0,0.6235621453306993,0.0,1.05e-08
7977.0,0.9109455380524482,0.0,0.377592654,0.0,0.0,0.0,0.9109455380524482,0.0,0.0,0.0,2.3100985128584024,0.0,0.0,0.0,0.0,0.0,0.5438877697859846,0.0,1.05e-08
7978.0,0.9372520302704285,0.0,0.363544339,0.0,0.0,0.0,0.9372520302704285,0.0,0.0,0.0,2.3100670453894896,0.0,0.0,0.0,0.0,0.0,0.4634542802217946,0.0,1.05e-08
7979.0,1.0015096793121177,0.0,0.356866384,0.0,0.0,0.0,1.0015096793121177,0.0,0.0,0.0,2.310035578349218,0.0,0.0,0.0,0.0,0.0,0.37346702214420957,0.0,1.05e-08
7980.0,1.0556986977954883,0.0,0.357404248,0.0,0.0,0.0,1.0556986977954883,0.0,0.0,0.0,2.3100041117375802,0.0,0.0,0.0,0.0,0.0,0.32135034922688166,0.0,1.05e-08
7981.0,1.062364722237863,3.29e-06,0.353489727,0.0,0.0,6.457727465036686e-06,1.0623582645103977,0.0,0.0,0.0,2.3099726455545713,0.0,0.0,0.0,0.0,0.0,0.29960845642669565,0.0,1.05e-08
7982.0,1.0523688976002128,0.124692068,0.29881445,0.0,0.0,0.24474996723277267,0.80761893036744,0.0,0.0,0.0,2.3099411798001857,0.0,0.0,0.0,0.0,0.0,0.3436884643029604,0.0,1.05e-08
7983.0,1.0380625341888716,0.338871331,0.188902251,0.0,0.0,0.6651485414322912,0.37291399275658044,0.0,0.0,0.0,2.3099097144744163,0.0,0.0,0.0,0.0,-1.1102230246251565e-16,0.3549107775856304,0.0,1.05e-08
7984.0,1.0178503258009584,0.424003932,0.16092242,0.0,0.0,0.8322497984680691,0.1856005273328893,0.0,0.0,0.0,2.3098782495772587,0.0,0.0,0.0,0.0,-1.1102230246251565e-16,0.4344202652166543,0.0,1.05e-08
7985.0,1.0008223057669836,0.440861135,0.199594762,0.0,0.0,0.8653377081327497,0.135484597634234,0.0,0.0,0.0,2.3098467851087063,0.0,0.0,0.0,0.0,0.0,0.6335375344215572,0.0,1.05e-08
7986.0,0.9904346139680889,0.435512758,0.221653047,0.0,0.0,0.8548397260518162,0.13559488791627258,0.0,0.0,0.0,2.3098153210687538,0.0,0.0,0.0,0.0,1.1102230246251565e-16,0.71841599429617,0.0,1.05e-08
7987.0,0.9831497392000327,0.433938132,0.222796804,0.0,0.0,0.8517489948763267,0.13140074432370605,0.0,0.0,0.0,2.3097838574573952,0.0,0.0,0.0,0.0,-1.1102230246251565e-16,0.72701693913883,0.0,1.05e-08
7988.0,0.9811432936804358,0.442600067,0.211527269,0.0,0.0,0.8687509448914824,0.11239234878895336,0.0,0.0,0.0,2.309752394274624,0.0,0.0,0.0,0.0,0.0,0.7026047471484584,0.0,1.05e-08
7989.0,0.9912204896411859,0.427549626,0.197114533,0.0,0.0,0.83920941109008,0.15201107855110596,0.0,0.0,0.0,2.309720931520435,0.0,0.0,0.0,0.0,1.1102230246251565e-16,0.6074549360271806,0.0,1.05e-08
7990.0,1.024756181511417,0.324177911,0.20841257,0.0,0.0,0.6363077809796104,0.3884484005318066,0.0,0.0,0.0,2.309689469194822,0.0,0.0,0.0,0.0,0.0,0.4145480174234243,0.0,1.05e-08
7991.0,1.051189013415263,0.116025533,0.240530782,0.0,0.0,0.22773898817617638,0.8234500252390867,0.0,0.0,0.0,2.30965800729778,0.0,0.0,0.0,0.0,2.7755575615628914e-17,0.10329521068392178,0.0,1.05e-08
7992.0,1.0615103233453131,0.001942035,0.285901498,0.0,0.0,0.003811894455186176,1.057698428890127,0.0,0.0,0.0,2.309626545829302,0.0,0.0,0.0,0.0,0.0,0.043856428295476535,0.0,1.05e-08
7993.0,1.056229752746246,0.0,0.325839744,0.0,0.0,0.0,1.056229752746246,0.0,0.0,0.0,2.3095950847893825,0.0,0.0,0.0,0.0,0.0,0.19920386749772212,0.0,1.05e-08
7994.0,1.029071002986324,0.0,0.353898294,0.0,0.0,0.0,1.029071002986324,0.0,0.0,0.0,2.309563624178016,0.0,0.0,0.0,0.0,0.0,0.3344698928553578,0.0,1.05e-08
7995.0,0.9837814376293615,0.0,0.36755473,0.0,0.0,0.0,0.9837814376293615,0.0,0.0,0.0,2.309532163995197,0.0,0.0,0.0,0.0,0.0,0.4323765781395629,0.0,1.05e-08
7996.0,0.9353655003848736,0.0,0.364293211,0.0,0.0,0.0,0.9353655003848736,0.0,0.0,0.0,2.3095007042409184,0.0,0.0,0.0,0.0,0.0,0.4682261520687626,0.0,1.05e-08
7997.0,0.8887525803522327,0.0,0.346726533,0.0,0.0,0.0,0.8887525803522327,0.0,0.0,0.0,2.3094692449151757,0.0,0.0,0.0,0.0,0.0,0.4471561127224517,0.0,1.05e-08
7998.0,0.8525937339873312,0.0,0.319915644,0.0,0.0,0.0,0.8525937339873312,0.0,0.0,0.0,2.3094377860179622,0.0,0.0,0.0,0.0,0.0,0.38001481826957384,0.0,1.05e-08
7999.0,0.831749827170089,0.0,0.292823448,0.0,0.0,0.0,0.8317498271700892,0.0,0.0,0.0,2.3094063275492727,0.0,0.0,0.0,0.0,0.0,0.29647473163315285,0.0,1.05e-08
8000.0,0.823006692638057,0.0,0.271726086,0.0,0.0,0.0,0.823006692638057,0.0,0.0,0.0,2.3093748695091008,0.0,0.0,0.0,0.0,0.0,0.22393147295816873,0.0,1.05e-08
8001.0,0.8258461235441248,0.0,0.257061894,0.0,0.0,0.0,0.8258461235441248,0.0,0.0,0.0,2.3093434118974403,0.0,0.0,0.0,0.0,0.0,0.1645921214944891,0.0,1.05e-08
8002.0,0.8498142608982845,0.0,0.247274313,0.0,0.0,0.0,0.8498142608982846,0.0,0.0,0.0,2.3093119547142864,0.0,0.0,0.0,0.0,0.0,0.10291324297223814,0.0,1.05e-08
8003.0,0.9065600520074809,0.0,0.239993473,0.0,0.0,0.0,0.9065600520074809,0.0,0.0,0.0,2.3092804979596333,0.0,0.0,0.0,0.0,0.0,0.018114976718643594,0.0,1.05e-08
8004.0,0.9596826778881202,0.0,0.239192765,0.0,0.0,0.0,0.9215899669382097,0.0,0.0,0.03809271094991052,2.3092490416334743,0.0,0.0,0.0,0.0,0.0,1.1102230246251565e-16,0.0,1.1131714231934029e-08
8005.0,0.9800576289222335,3.67e-07,0.238068154,0.0,0.0,7.203604801423901e-07,0.9172569336447138,0.0,0.0,0.06279997491703951,2.271124874785893,0.0,0.0,0.0,0.0,1.0587911840678754e-22,0.0,0.0,1.1131865866871308e-08
8006.0,0.9867771871298056,0.059099212,0.199802294,0.0,0.0,0.11600200744511419,0.7698217357102689,0.0,0.0,0.10095344397442244,2.2082939632871463,0.0,0.0,0.0,0.0,0.0,0.0,0.0,1.1132017503874137e-08
8007.0,0.9876016071138448,0.243900564,0.168902224,0.0,0.0,0.4787365868938413,0.5088650202200036,0.0,0.0,0.0,2.1073104385948445,0.0,0.0,0.0,0.0,0.0,0.14190129803360285,0.0,1.05e-08
8008.0,0.9818156777713146,0.38306046,0.197966976,0.0,0.0,0.7518845146843728,0.22993116308694178,0.0,0.0,0.0,2.107281733444243,0.0,0.0,0.0,0.0,1.1102230246251565e-16,0.5328192439611033,0.0,1.05e-08
8009.0,0.9719975852341197,0.447682033,0.240121341,0.0,0.0,0.8787260061117204,0.09327157912239942,0.0,0.0,0.0,2.1072530286846547,0.0,0.0,0.0,0.0,0.0,0.8318961144462107,0.0,1.05e-08
8010.0,0.9632587334033035,0.444633236,0.268446651,0.0,0.0,0.8727417203602853,0.0905170130430182,0.0,0.0,0.0,2.107224324316074,0.0,0.0,0.0,0.0,-1.1102230246251565e-16,0.9437857603697275,0.0,1.05e-08
8011.0,0.9569396077594077,0.434734447,0.295116534,0.0,0.0,0.8533120299056035,0.10362757785380419,0.0,0.0,0.0,2.1071956203384956,0.0,0.0,0.0,0.0,0.0,1.0334320519053946,0.0,1.05e-08
8012.0,0.9526911681533456,0.442311097,0.320496099,0.0,0.0,0.8681837444338618,0.08450742371948389,0.0,0.0,0.0,2.1071669167519143,0.0,0.0,0.0,0.0,1.1102230246251565e-16,1.1503375737085746,0.0,1.05e-08
8013.0,0.9598839648452623,0.446111795,0.35693157,0.0,0.0,0.8756438878566308,0.08424007698863147,0.0,0.0,0.0,2.107138213556324,0.0,0.0,0.0,0.0,0.0,1.290987780741527,0.0,1.05e-08
8014.0,0.9844752352263192,0.388982496,0.424671904,0.0,0.0,0.7635084947835025,0.22096674044281678,0.0,0.0,0.0,2.107109510751721,0.0,0.0,0.0,0.0,-1.1102230246251565e-16,1.415259029040414,0.0,1.05e-08
8015.0,1.0015846265833939,0.188353225,0.499399412,0.0,0.0,0.36970632042879475,0.6318783061545992,0.0,0.0,0.0,2.107080808338098,0.0,0.0,0.0,0.0,-5.551115123125783e-17,1.2922663793840348,0.0,1.05e-08
8016.0,1.0003190883741284,0.00476824,0.514967384,0.0,0.0,0.009359268816986786,0.9909598195571416,0.0,0.0,0.0,2.107052106315451,0.0,0.0,0.0,0.0,0.0,0.9931669762295803,0.0,1.05e-08
8017.0,0.9921348463507568,0.0,0.501815395,0.0,0.0,0.0,0.9921348463507567,0.0,0.0,0.0,2.107023404683775,0.0,0.0,0.0,0.0,0.0,0.9413184221339097,0.0,1.05e-08
8018.0,0.9692780699620941,0.0,0.488997471,0.0,0.0,0.0,0.9692780699620941,0.0,0.0,0.0,2.106994703443063,0.0,0.0,0.0,0.0,0.0,0.9147887960727469,0.0,1.05e-08
8019.0,0.935296977165421,0.0,0.487663444,0.0,0.0,0.0,0.935296977165421,0.0,0.0,0.0,2.1069660025933117,0.0,0.0,0.0,0.0,0.0,0.943629993025059,0.0,1.05e-08
8020.0,0.8960588686263677,0.0,0.494826495,0.0,0.0,0.0,0.8960588686263677,0.0,0.0,0.0,2.106937302134514,0.0,0.0,0.0,0.0,0.0,1.0104667454205296,0.0,1.05e-08
8021.0,0.8537158017058678,0.0,0.518076695,0.0,0.0,0.0,0.8537158017058678,0.0,0.0,0.0,2.1069086020666656,0.0,0.0,0.0,0.0,0.0,1.1423909125440677,0.0,1.05e-08
8022.0,0.8202679052105604,0.0,0.540952665,0.0,0.0,0.0,0.8202679052105605,0.0,0.0,0.0,2.106879902389761,0.0,0.0,0.0,0.0,0.0,1.2639780319626919,0.0,1.05e-08
8023.0,0.7959742825640007,0.0,0.556679658,0.0,0.0,0.0,0.7959742825640007,0.0,0.0,0.0,2.1068512031037945,0.0,0.0,0.0,0.0,0.0,1.3488664596356803,0.0,1.05e-08
8024.0,0.78359941740098,0.0,0.573055685,0.0,0.0,0.0,0.78359941740098,0.0,0.0,0.0,2.1068225042087616,0.0,0.0,0.0,0.0,0.0,1.4243368042188633,0.0,1.05e-08
8025.0,0.780969838854486,0.0,0.591777989,0.0,0.0,0.0,0.780969838854486,0.0,0.0,0.0,2.106793805704656,0.0,0.0,0.0,0.0,0.0,1.499101873671059,0.0,1.05e-08
8026.0,0.7900427413801338,0.0,0.613843253,0.0,0.0,0.0,0.7900427413801338,0.0,0.0,0.0,2.106765107591473,0.0,0.0,0.0,0.0,0.0,1.575044610812618,0.0,1.05e-08
8027.0,0.8095268905613631,0.0,0.636628151,0.0,0.0,0.0,0.8095268905613631,0.0,0.0,0.0,2.1067364098692067,0.0,0.0,0.0,0.0,0.0,1.6433487916609801,0.0,1.05e-08
8028.0,0.8380796595670243,0.0,0.655011977,0.0,0.0,0.0,0.8380796595670242,0.0,0.0,0.0,2.1067077125378524,0.0,0.0,0.0,0.0,0.0,1.685627385784291,0.0,1.05e-08
8029.0,0.8687245281165983,1.5e-06,0.658025197,0.0,0.0,2.9442526436337473e-06,0.8687215838639546,0.0,0.0,0.0,2.106679015597405,0.0,0.0,0.0,0.0,0.0,1.6665951492644029,0.0,1.05e-08
8030.0,0.8984036475420119,0.12550677,0.610976621,0.0,0.0,0.2463490929109551,0.6520545546310568,0.0,0.0,0.0,2.106650319047858,0.0,0.0,0.0,0.0,0.0,1.7019879012409223,0.0,1.05e-08
8031.0,0.9158406655420943,0.388512486,0.569406637,0.0,0.0,0.7625859426601461,0.15325472288194825,0.0,0.0,0.0,2.1066216228892074,0.0,0.0,0.0,0.0,0.0,2.0406220181943433,0.0,1.05e-08
8032.0,0.9241833675104502,0.517374887,0.651320554,0.0,0.0,1.0155215858663076,0.0,0.0,0.0913382183558573,0.0,2.1065929271214467,0.0,0.0,0.0,0.0,0.0,2.509484297432811,0.0,1.0022364711944395e-08
8033.0,0.9255581146007182,0.527157063,0.675489973,0.0,0.0,1.034722384231968,0.0,0.0,0.10916426963124963,0.0,2.188768628264843,0.0,0.0,0.0,0.0,0.0,2.60260707251811,0.0,1.0022501235449472e-08
8034.0,0.9227251077464742,0.501848662,0.671731928,0.0,0.0,0.985046166531706,0.0,0.0,0.06232105878523169,0.0,2.2869866561833443,0.0,0.0,0.0,0.0,0.0,2.588127635536384,0.0,1.0022637760814258e-08
8035.0,0.9198963835934459,0.491471919,0.67007637,0.0,0.0,0.9646783311916672,0.0,0.0,0.044781947598221315,0.0,2.3430444564439186,0.0,0.0,0.0,0.0,0.0,2.5817489073065216,0.0,1.0022774288038777e-08
8036.0,0.9182689571314463,0.504895537,0.668779926,0.0,0.0,0.9910266797140871,0.0,0.0,0.07275772258264075,0.0,2.3833162930336456,0.0,0.0,0.0,0.0,-1.1102230246251565e-16,2.5767538156569176,0.0,1.0022910817123055e-08
8037.0,0.9271791170108942,0.515134485,0.663829078,0.0,0.0,1.011124046192106,0.0,0.0,0.08394492918121191,0.0,2.448765778538473,0.0,0.0,0.0,0.0,0.0,2.5576786072381505,0.0,1.0023047348067116e-08
8038.0,0.9466996691524576,0.447471045,0.671892274,0.0,0.0,0.878311871460537,0.06838779769192066,0.0,0.0,0.0,2.524282858448758,0.0,0.0,0.0,0.0,0.0,2.520357637738363,0.0,1.05e-08
8039.0,0.9604064543935884,0.179817582,0.682300207,0.0,0.0,0.35295226078355213,0.6074541936100363,0.0,0.0,0.0,2.5242484734249455,0.0,0.0,0.0,0.0,0.0,2.02139214800512,0.0,1.05e-08
8040.0,0.959564903604686,0.004759963,0.684094826,0.0,0.0,0.009343022430899215,0.9502218811737869,0.0,0.0,0.0,2.524214088869515,0.0,0.0,0.0,0.0,0.0,1.685538979218209,0.0,1.05e-08
8041.0,0.9556226771355528,0.0,0.673401735,0.0,0.0,0.0,0.9556226771355528,0.0,0.0,0.0,2.524179704782461,0.0,0.0,0.0,0.0,0.0,1.6389385868507684,0.0,1.05e-08
8042.0,0.9328108691096558,0.0,0.659935209,0.0,0.0,0.0,0.9328108691096559,0.0,0.0,0.0,2.5241453211637763,0.0,0.0,0.0,0.0,0.0,1.609864982493425,0.0,1.05e-08
8043.0,0.9018704941761926,0.0,0.648428532,0.0,0.0,0.0,0.9018704941761926,0.0,0.0,0.0,2.524110938013455,0.0,0.0,0.0,0.0,0.0,1.5964710813629832,0.0,1.05e-08
8044.0,0.8627972696339471,0.0,0.637564063,0.0,0.0,0.0,0.8627972696339471,0.0,0.0,0.0,2.5240765553314906,0.0,0.0,0.0,0.0,0.0,1.5936844042208649,0.0,1.05e-08
8045.0,0.8257326319619064,0.0,0.626563452,0.0,0.0,0.0,0.8257326319619064,0.0,0.0,0.0,2.524042173117877,0.0,0.0,0.0,0.0,0.0,1.5883645963274633,0.0,1.05e-08
8046.0,0.7928521933776909,0.0,0.61422543,0.0,0.0,0.0,0.792852193377691,0.0,0.0,0.0,2.5240077913726076,0.0,0.0,0.0,0.0,0.0,1.5737076552293838,0.0,1.05e-08
8047.0,0.7703273263332518,0.0,0.603358857,0.0,0.0,0.0,0.7703273263332518,0.0,0.0,0.0,2.523973410095676,0.0,0.0,0.0,0.0,0.0,1.554364514051243,0.0,1.05e-08
8048.0,0.7579952881823891,0.0,0.592538277,0.0,0.0,0.0,0.7579952881823891,0.0,0.0,0.0,2.523939029287076,0.0,0.0,0.0,0.0,0.0,1.5250057512096413,0.0,1.05e-08
8049.0,0.7537918169390928,0.0,0.573429607,0.0,0.0,0.0,0.7537918169390928,0.0,0.0,0.0,2.5239046489468002,0.0,0.0,0.0,0.0,0.0,1.4555850952619123,0.0,1.05e-08
8050.0,0.7597040859674887,0.0,0.554875789,0.0,0.0,0.0,0.7597040859674887,0.0,0.0,0.0,2.523870269074844,0.0,0.0,0.0,0.0,0.0,1.378186497969375,0.0,1.05e-08
8051.0,0.7766871376386976,0.0,0.538612668,0.0,0.0,0.0,0.7766871376386975,0.0,0.0,0.0,2.5238358896712,0.0,0.0,0.0,0.0,0.0,1.2985429843703062,0.0,1.05e-08
8052.0,0.8001948846121602,0.0,0.523994722,0.0,0.0,0.0,0.8001948846121602,0.0,0.0,0.0,2.5238015107358613,0.0,0.0,0.0,0.0,0.0,1.2187134988574502,0.0,1.05e-08
8053.0,0.8340239415156727,1.3e-06,0.502095596,0.0,0.0,2.551685624482581e-06,0.8340213898300483,0.0,0.0,0.0,2.523767132268823,0.0,0.0,0.0,0.0,4.235164736271502e-22,1.1005114699638536,0.0,1.05e-08
8054.0,0.8651548966532386,0.097040753,0.414236758,0.0,0.0,0.190474995706973,0.6746799009462656,0.0,0.0,0.0,2.523732754270077,0.0,0.0,0.0,0.0,0.0,0.9213401129108056,0.0,1.05e-08
8055.0,0.8807160915208058,0.330586013,0.407956542,0.0,0.0,0.6488858284823935,0.23183026303841223,0.0,0.0,0.0,2.523698376739618,0.0,0.0,0.0,0.0,1.1102230246251565e-16,1.339992597297712,0.0,1.05e-08
8056.0,0.8888510824801958,0.479649042,0.431565493,0.0,0.0,0.9414719732832629,0.0,0.0,0.05262089080306714,0.0,2.52366399967744,0.0,0.0,0.0,0.0,0.0,1.662786198510403,0.0,1.0025641789396846e-08
8057.0,0.8936584145949183,0.507365291,0.420586954,0.0,0.0,0.9958743995431704,0.0,0.0,0.10221598494825207,0.0,2.5709884248062957,0.0,0.0,0.0,0.0,1.1102230246251565e-16,1.6204867945378798,0.0,1.0025778357541898e-08
8058.0,0.8944036046064655,0.481482537,0.413786589,0.0,0.0,0.9450708216171556,0.0,0.0,0.050667217010690185,0.0,2.662947790026697,0.0,0.0,0.0,0.0,1.1102230246251565e-16,1.5942855498826838,0.0,1.0025914927547264e-08
8059.0,0.8910117052435611,0.465133202,0.414188901,0.0,0.0,0.9129797730868866,0.0,0.0,0.021968067843325438,0.0,2.7085120114604067,0.0,0.0,0.0,0.0,0.0,1.5958356247889163,0.0,1.0026051499412975e-08
8060.0,0.8907611672224375,0.470297642,0.412916416,0.0,0.0,0.9231167171688117,0.0,0.0,0.03235554994637427,0.0,2.728246377981333,0.0,0.0,0.0,0.0,1.1102230246251565e-16,1.5909328451873705,0.0,1.002618807313905e-08
8061.0,0.9016692072190505,0.475613004,0.408278631,0.0,0.0,0.9335498962490587,0.0,0.0,0.03188068903000818,0.0,2.7573292095793827,0.0,0.0,0.0,0.0,0.0,1.5730638426495365,0.0,1.0026324648725518e-08
8062.0,0.9348301627329001,0.424104999,0.416271348,0.0,0.0,0.8324481763226917,0.10238198641020838,0.0,0.0,0.0,2.785984270195096,0.0,0.0,0.0,0.0,1.1102230246251565e-16,1.5014771346658158,0.0,1.05e-08
8063.0,0.9653551156484319,0.210313421,0.443631387,0.0,0.0,0.4128105638472715,0.5525445518011604,0.0,0.0,0.0,2.785946320353163,0.0,0.0,0.0,0.0,5.551115123125783e-17,1.1567305396844962,0.0,1.05e-08
8064.0,0.9790983038498969,0.004414905,0.466643068,0.0,0.0,0.0086657304784279,0.9704325733714692,0.0,0.0,0.0,2.7859083710281713,0.0,0.0,0.0,0.0,0.0,0.8275046243111814,0.0,1.05e-08
8065.0,0.9790062257737574,0.0,0.462493648,0.0,0.0,0.0,0.9790062257737574,0.0,0.0,0.0,2.7858704222201136,0.0,0.0,0.0,0.0,0.0,0.8029435993785711,0.0,1.05e-08
8066.0,0.9555198923063739,0.0,0.437370611,0.0,0.0,0.0,0.9555198923063739,0.0,0.0,0.0,2.7858324739289833,0.0,0.0,0.0,0.0,0.0,0.7296329463726499,0.0,1.05e-08
8067.0,0.9185173538019621,0.0,0.407512818,0.0,0.0,0.0,0.9185173538019621,0.0,0.0,0.0,2.7857945261547736,0.0,0.0,0.0,0.0,0.0,0.651595874612437,0.0,1.05e-08
8068.0,0.8752706369249308,0.0,0.375378082,0.0,0.0,0.0,0.8752706369249308,0.0,0.0,0.0,2.7857565788974767,0.0,0.0,0.0,0.0,0.0,0.5710301079145237,0.0,1.05e-08
8069.0,0.8345935407773726,0.0,0.347075884,0.0,0.0,0.0,0.8345935407773726,0.0,0.0,0.0,2.785718632157086,0.0,0.0,0.0,0.0,0.0,0.5026611728449644,0.0,1.05e-08
8070.0,0.8043148431817486,0.0,0.324679114,0.0,0.0,0.0,0.8043148431817486,0.0,0.0,0.0,2.785680685933594,0.0,0.0,0.0,0.0,0.0,0.4466469655367853,0.0,1.05e-08
8071.0,0.7864174348009688,0.0,0.305533363,0.0,0.0,0.0,0.7864174348009688,0.0,0.0,0.0,2.7856427402269945,0.0,0.0,0.0,0.0,0.0,0.39077737669631885,0.0,1.05e-08
8072.0,0.7807535624430887,0.0,0.287088525,0.0,0.0,0.0,0.7807535624430888,0.0,0.0,0.0,2.78560479503728,0.0,0.0,0.0,0.0,0.0,0.3253748117286359,0.0,1.05e-08
8073.0,0.7884816967869789,0.0,0.279038847,0.0,0.0,0.0,0.7884816967869789,0.0,0.0,0.0,2.785566850364444,0.0,0.0,0.0,0.0,0.0,0.28663193293006606,0.0,1.05e-08
8074.0,0.8198974515553946,0.0,0.281278049,0.0,0.0,0.0,0.8198974515553946,0.0,0.0,0.0,2.7855289062084787,0.0,0.0,0.0,0.0,0.0,0.26384363851626425,0.0,1.05e-08
8075.0,0.8863028752568017,0.0,0.282099569,0.0,0.0,0.0,0.8863028752568017,0.0,0.0,0.0,2.785490962569377,0.0,0.0,0.0,0.0,0.0,0.200603463519763,0.0,1.05e-08
8076.0,0.9516012206939275,0.0,0.280612667,0.0,0.0,0.0,0.9516012206939275,0.0,0.0,0.0,2.7854530194471323,0.0,0.0,0.0,0.0,0.0,0.12957620749029397,0.0,1.05e-08
8077.0,0.9836658046965352,4.42e-07,0.260157508,0.0,0.0,8.675731123240775e-07,0.9836649371234228,0.0,0.0,0.0,2.7854150768417374,0.0,0.0,0.0,0.0,1.0587911840678754e-22,0.01870045296873568,0.0,1.05e-08
8078.0,0.999558908908326,0.110495591,0.194522775,0.0,0.0,0.2168846239410822,0.7494801850757435,0.0,0.0,0.0331940998915003,2.785377134753185,0.0,0.0,0.0,0.0,0.0,0.0,0.0,1.1142940798177708e-08
8079.0,1.004719563873351,0.443249834,0.175406859,0.0,0.0,0.8700263303631465,0.1346932335102046,0.0,0.0,0.0,2.7521450932899683,0.0,0.0,0.0,0.0,0.0,0.5411349061350109,0.0,1.05e-08
8080.0,1.0002548478558917,0.591451088,0.14483761,0.0,0.0,1.160920952949371,0.0,0.0,0.16066610509347912,0.0,2.752107604395151,0.0,0.0,0.0,0.0,-2.220446049250313e-16,0.5580473481767282,0.0,1.0028919938376511e-08
8081.0,0.993325437288746,0.586862148,0.12117981,0.0,0.0,1.151913620465053,0.0,0.0,0.15858818317630702,0.0,2.8966696105951275,0.0,0.0,0.0,0.0,0.0,0.4668957988402306,0.0,1.0029056551176134e-08
8082.0,0.9874217336627816,0.545170578,0.113871558,0.0,0.0,1.0700799436718922,0.0,0.0,0.08265821000911047,0.0,3.0393595178893693,0.0,0.0,0.0,0.0,0.0,0.4387377075239815,0.0,1.0029193165836682e-08
8083.0,0.9818756355883357,0.525929437,0.116642623,0.0,0.0,1.0323127568347057,0.0,0.0,0.050437121246369995,0.0,3.1137105056540233,0.0,0.0,0.0,0.0,0.0,0.44941439208730277,0.0,1.0029329782358177e-08
8084.0,0.9792546224442732,0.532742236,0.124081931,0.0,0.0,1.045685157812236,0.0,0.0,0.06643053536796265,0.0,3.159061500745362,0.0,0.0,0.0,0.0,0.0,0.4780774313467183,0.0,1.0029466400740647e-08
8085.0,0.9912547512509123,0.543623552,0.129701606,0.0,0.0,1.0670433867450453,0.0,0.0,0.07578863549413294,0.0,3.218805950788484,0.0,0.0,0.0,0.0,0.0,0.49972957495337583,0.0,1.002960302098412e-08
8086.0,1.0237176264665884,0.493198278,0.145775972,0.0,0.0,0.9680668892247412,0.055650737241847166,0.0,0.0,0.0,3.2869718771241843,0.0,0.0,0.0,0.0,1.1102230246251565e-16,0.5060120422149871,0.0,1.05e-08
8087.0,1.0585531181558112,0.213422693,0.192100893,0.0,0.0,0.41891355205112246,0.6396395661046888,0.0,0.0,0.0,3.286927102979366,0.0,0.0,0.0,0.0,0.0,0.10050930766526234,0.0,1.05e-08
8088.0,1.0746410852729202,0.003043633,0.221494438,0.0,0.0,0.005974149671000608,0.8533997748360714,0.0,0.0,0.21526716076584826,3.286882329444447,0.0,0.0,0.0,0.0,8.673617379884035e-19,0.0,0.0,1.1656341378909521e-08
8089.0,1.0741036062703389,0.0,0.22647407,0.0,0.0,0.0,0.872585885629366,0.0,0.0,0.2015177206409729,3.071570395753572,0.0,0.0,0.0,0.0,0.0,-1.1102230246251565e-16,0.0,1.1656500160257754e-08
8090.0,1.048762863176519,0.0,0.221898254,0.0,0.0,0.0,0.8549556445300779,0.0,0.0,0.19380721864644104,2.8700108351021396,0.0,0.0,0.0,0.0,0.0,0.0,0.0,1.1656658943768888e-08
8091.0,1.0057945218785138,0.0,0.217084463,0.0,0.0,0.0,0.836408505411813,0.0,0.0,0.16938601646670082,2.6761645220291066,0.0,0.0,0.0,0.0,0.0,0.0,0.0,1.1656817729442954e-08
8092.0,0.954749006087532,0.0,0.218466819,0.0,0.0,0.0,0.841734608901343,0.0,0.0,0.11301439718618897,2.5067420516521364,0.0,0.0,0.0,0.0,0.0,1.1102230246251565e-16,0.0,1.1656976517279977e-08
8093.0,0.9101510969769194,0.0,0.221653115,0.0,0.0,0.0,0.854011144210826,0.0,0.0,0.05613995276609338,2.393693508377742,0.0,0.0,0.0,0.0,0.0,0.0,0.0,1.1657135307279992e-08
8094.0,0.8797781799545481,0.0,0.221554986,0.0,0.0,0.0,0.8536330612789877,0.0,0.0,0.026145118675560304,2.337520949436786,0.0,0.0,0.0,0.0,0.0,1.1102230246251565e-16,0.0,1.1657294099443029e-08
8095.0,0.86193002263775,0.0,0.219234538,0.0,0.0,0.0,0.8446925667970505,0.0,0.0,0.017237455840699464,2.3113439897521095,0.0,0.0,0.0,0.0,0.0,0.0,0.0,1.165745289376911e-08
8096.0,0.8562961291883803,0.0,0.215877796,0.0,0.0,0.0,0.8317593171278972,0.0,0.0,0.024536812060483033,2.2940750494769846,0.0,0.0,0.0,0.0,0.0,1.1102230246251565e-16,0.0,1.1657611690258272e-08
8097.0,0.8666902450390988,0.0,0.210444904,0.0,0.0,0.0,0.8108268329925227,0.0,0.0,0.05586341204657605,2.2695069882144,0.0,0.0,0.0,0.0,0.0,0.0,0.0,1.1657770488910541e-08
8098.0,0.8986327720570565,0.0,0.207953872,0.0,0.0,0.0,0.8012290924483135,0.0,0.0,0.09740367960874304,2.2136126616244822,0.0,0.0,0.0,0.0,0.0,-1.1102230246251565e-16,0.0,1.1657929289725944e-08
8099.0,0.9682930486824628,0.0,0.210980481,0.0,0.0,0.0,0.8128903669364649,0.0,0.0,0.15540268174599792,2.1161788288481467,0.0,0.0,0.0,0.0,0.0,-1.1102230246251565e-16,0.0,1.1658088092704516e-08
8100.0,1.0328868897695913,0.0,0.217150353,0.0,0.0,0.0,0.8366623741394961,0.0,0.0,0.19622451563009521,1.9607473211489956,0.0,0.0,0.0,0.0,0.0,0.0,0.0,1.1658246897846285e-08
8101.0,1.0593240043746532,5.14e-07,0.21337542,0.0,0.0,1.0088972392184973e-06,0.8221178690886685,0.0,0.0,0.23720512638874552,1.764496096807116,0.0,0.0,0.0,0.0,2.117582368135751e-22,0.0,0.0,1.1658405705151278e-08
8102.0,1.0660178663749305,0.055441693,0.203558315,0.0,0.0,0.10882290078852042,0.7842933743871713,0.0,0.0,0.17290159119923873,1.5272669349818884,0.0,0.0,0.0,0.0,0.0,0.0,0.0,1.1658564514619528e-08
8103.0,1.0613026123363474,0.359111011,0.174834832,0.0,0.0,0.7048756956631584,0.356426916673189,0.0,0.0,0.0,1.3543445398106413,0.0,0.0,0.0,0.0,0.0,0.3171972501887454,0.0,1.05e-08
8104.0,1.0479405845430876,0.479625112,0.15692769,0.0,0.0,0.9414250026394215,0.10651558190366602,0.0,0.0,0.0,1.3543260913356234,0.0,0.0,0.0,0.0,0.0,0.49811384590862434,0.0,1.05e-08
8105.0,1.0325142947638177,0.502405426,0.182216785,0.0,0.0,0.9861390024509594,0.04637529231285828,0.0,0.0,0.0,1.3543076431119052,0.0,0.0,0.0,0.0,0.0,0.655690929730843,0.0,1.05e-08
8106.0,1.020931729325718,0.496647404,0.213173305,0.0,0.0,0.9748369547872252,0.0460947745384928,0.0,0.0,0.0,1.354289195139483,0.0,0.0,0.0,0.0,0.0,0.77524436214927,0.0,1.05e-08
8107.0,1.0138417174629804,0.492812927,0.233414043,0.0,0.0,0.9673105087577566,0.04653120870522375,0.0,0.0,0.0,1.3542707474183537,0.0,0.0,0.0,0.0,1.1102230246251565e-16,0.8527938196721349,0.0,1.05e-08
8108.0,1.0124841011775754,0.503703491,0.245440243,0.0,0.0,0.9886868899895316,0.0237972111880437,0.0,0.0,0.0,1.3542522999485136,0.0,0.0,0.0,0.0,1.1102230246251565e-16,0.921863772461174,0.0,1.05e-08
8109.0,1.0262786817936298,0.504737404,0.244459014,0.0,0.0,0.9907162907118899,0.03556239108173987,0.0,0.0,0.0,1.3542338527299596,0.0,0.0,0.0,0.0,-1.1102230246251565e-16,0.9063179982770577,0.0,1.05e-08
8110.0,1.0658936680396724,0.408162022,0.256717617,0.0,0.0,0.8011547415362638,0.2647389265034087,0.0,0.0,0.0,1.3542154057626878,0.0,0.0,0.0,0.0,1.1102230246251565e-16,0.7243728476904554,0.0,1.05e-08
8111.0,1.1009240226342139,0.134551526,0.295375849,0.0,0.0,0.26410245742030325,0.8368215652139106,0.0,0.0,0.0,1.3541969590466951,0.0,0.0,0.0,0.0,0.0,0.3012371838216452,0.0,1.05e-08
8112.0,1.118059110198583,0.001201605,0.335710932,0.0,0.0,0.002358552465235686,1.1157005577333474,0.0,0.0,0.0,1.354178512581978,0.0,0.0,0.0,0.0,0.0,0.1777659345440239,0.0,1.05e-08
8113.0,1.1188428445210725,0.0,0.367295255,0.0,0.0,0.0,1.1188428445210725,0.0,0.0,0.0,1.3541600663685331,0.0,0.0,0.0,0.0,0.0,0.2963154355047104,0.0,1.05e-08
8114.0,1.096664876275112,0.0,0.382576456,0.0,0.0,0.0,1.096664876275112,0.0,0.0,0.0,1.3541416204063572,0.0,0.0,0.0,0.0,0.0,0.37737060902218555,0.0,1.05e-08
8115.0,1.0531804694806046,0.0,0.388200487,0.0,0.0,0.0,1.0531804694806046,0.0,0.0,0.0,1.3541231746954465,0.0,0.0,0.0,0.0,0.0,0.44252394273155793,0.0,1.05e-08
8116.0,1.005289163135051,0.0,0.388401441,0.0,0.0,0.0,1.005289163135051,0.0,0.0,0.0,1.354104729235798,0.0,0.0,0.0,0.0,0.0,0.49118950824091256,0.0,1.05e-08
8117.0,0.9631431004704772,0.0,0.386542628,0.0,0.0,0.0,0.9631431004704772,0.0,0.0,0.0,1.3540862840274077,0.0,0.0,0.0,0.0,0.0,0.5261737179488789,0.0,1.05e-08
8118.0,0.934224160510866,0.0,0.382259812,0.0,0.0,0.0,0.934224160510866,0.0,0.0,0.0,1.3540678390702727,0.0,0.0,0.0,0.0,0.0,0.5385913216082786,0.0,1.05e-08
8119.0,0.9182689571314463,0.0,0.375095546,0.0,0.0,0.0,0.9182689571314463,0.0,0.0,0.0,1.3540493943643894,0.0,0.0,0.0,0.0,0.0,0.5269431998366366,0.0,1.05e-08
8120.0,0.9149434396373867,0.0,0.36260487,0.0,0.0,0.0,0.9149434396373867,0.0,0.0,0.0,1.3540309499097543,0.0,0.0,0.0,0.0,0.0,0.4821431743951651,0.0,1.05e-08
8121.0,0.9276908998061808,0.0,0.350855064,0.0,0.0,0.0,0.9276908998061808,0.0,0.0,0.0,1.3540125057063637,0.0,0.0,0.0,0.0,0.0,0.42412468220719424,0.0,1.05e-08
8122.0,0.9611109587435857,0.0,0.341884554,0.0,0.0,0.0,0.9611109587435857,0.0,0.0,0.0,1.3539940617542148,0.0,0.0,0.0,0.0,0.0,0.3561419891770782,0.0,1.05e-08
8123.0,1.0278482917892162,0.0,0.331575946,0.0,0.0,0.0,1.0278482917892162,0.0,0.0,0.0,1.353975618053304,0.0,0.0,0.0,0.0,0.0,0.24968644096762804,0.0,1.05e-08
8124.0,1.0912301284322767,0.0,0.322257855,0.0,0.0,0.0,1.0912301284322767,0.0,0.0,0.0,1.3539571746036276,0.0,0.0,0.0,0.0,0.0,0.15040276934800678,0.0,1.05e-08
8125.0,1.113808529241913,1.81e-08,0.311729252,0.0,0.0,3.5527315233180556e-08,1.113808493714598,0.0,0.0,0.0,1.3539387314051823,0.0,0.0,0.0,0.0,-6.617444900424222e-24,0.08725856633779472,0.0,1.05e-08
8126.0,1.1104359020344798,0.057611904,0.276236763,0.0,0.0,0.11308266710451578,0.997353234929964,0.0,0.0,0.0,1.3539202884579649,0.0,0.0,0.0,0.0,-1.3877787807814457e-17,0.06696419657883645,0.0,1.05e-08
8127.0,1.0945406564720812,0.241369864,0.217388592,0.0,0.0,0.47376924011701205,0.620771416355069,0.0,0.0,0.0,1.3539018457619716,0.0,0.0,0.0,0.0,0.0,0.2168088729735984,0.0,1.05e-08
8128.0,1.0733584162587917,0.372025426,0.197447738,0.0,0.0,0.730224562666314,0.3431338535924778,0.0,0.0,0.0,1.3538834033171991,0.0,0.0,0.0,0.0,1.1102230246251565e-16,0.4176159723290726,0.0,1.05e-08
8129.0,1.0530819673526415,0.422511073,0.241308667,0.0,0.0,0.8293195624298542,0.22376240492278734,0.0,0.0,0.0,1.3538649611236442,0.0,0.0,0.0,0.0,0.0,0.7059799576542475,0.0,1.05e-08
8130.0,1.035120318453625,0.419150877,0.280049606,0.0,0.0,0.8227240517924357,0.21239626666118946,0.0,0.0,0.0,1.3538465191813034,0.0,0.0,0.0,0.0,1.1102230246251565e-16,0.866611733997186,0.0,1.05e-08
8131.0,1.0272979646829874,0.406457674,0.308425063,0.0,0.0,0.7978093874664826,0.2294885772165049,0.0,0.0,0.0,1.3538280774901732,0.0,0.0,0.0,0.0,0.0,0.9588477155350139,0.0,1.05e-08
8132.0,1.0226769300711518,0.397331204,0.324308617,0.0,0.0,0.7798956318501199,0.24278129822103187,0.0,0.0,0.0,1.35380963605025,0.0,0.0,0.0,0.0,0.0,1.006753016158446,0.0,1.05e-08
8133.0,1.0380967957985978,0.381589389,0.338788737,0.0,0.0,0.7489970448972243,0.2890997509013735,0.0,0.0,0.0,1.3537911948615307,0.0,0.0,0.0,0.0,0.0,1.0162252698235128,0.0,1.05e-08
8134.0,1.0797717613294349,0.30590002,0.382043835,0.0,0.0,0.6004312950484108,0.47934046628102406,0.0,0.0,0.0,1.3537727539240116,0.0,0.0,0.0,0.0,0.0,0.9926428742961746,0.0,1.05e-08
8135.0,1.1215901973510007,0.126079163,0.445517486,0.0,0.0,0.24747260597992007,0.8741175913710807,0.0,0.0,0.0,1.3537543132376897,0.0,0.0,0.0,0.0,2.7755575615628914e-17,0.8424244837754412,0.0,1.05e-08
8136.0,1.1432670895547137,0.001704458,0.485870501,0.0,0.0,0.003345569981641793,1.1399215195730719,0.0,0.0,0.0,1.353735872802561,0.0,0.0,0.0,0.0,4.336808689942018e-19,0.7320973893301361,0.0,1.05e-08
8137.0,1.1456289992752209,0.0,0.494550843,0.0,0.0,0.0,1.1456289992752209,0.0,0.0,0.0,1.3537174326186225,0.0,0.0,0.0,0.0,0.0,0.7598345503837072,0.0,1.05e-08
8138.0,1.1262754724810733,0.0,0.486374165,0.0,0.0,0.0,1.1262754724810733,0.0,0.0,0.0,1.3536989926858707,0.0,0.0,0.0,0.0,0.0,0.7476840122129951,0.0,1.05e-08
8139.0,1.083754673460118,0.0,0.470013392,0.0,0.0,0.0,1.083754673460118,0.0,0.0,0.0,1.353680553004302,0.0,0.0,0.0,0.0,0.0,0.7271681042158531,0.0,1.05e-08
8140.0,1.0371139158695746,0.0,0.451659729,0.0,0.0,0.0,1.0371139158695746,0.0,0.0,0.0,1.353662113573913,0.0,0.0,0.0,0.0,0.0,0.7030937142250513,0.0,1.05e-08
8141.0,0.9969400371148713,0.0,0.428795293,0.0,0.0,0.0,0.9969400371148713,0.0,0.0,0.0,1.3536436743947007,0.0,0.0,0.0,0.0,0.0,0.6551728096057641,0.0,1.05e-08
8142.0,0.9664386390560263,0.0,0.402513728,0.0,0.0,0.0,0.9664386390560263,0.0,0.0,0.0,1.3536252354666611,0.0,0.0,0.0,0.0,0.0,0.584413508498251,0.0,1.05e-08
8143.0,0.9510144906273644,0.0,0.379382699,0.0,0.0,0.0,0.9510144906273644,0.0,0.0,0.0,1.3536067967897913,0.0,0.0,0.0,0.0,0.0,0.5107157127437064,0.0,1.05e-08
8144.0,0.9475283718377127,0.0,0.361379664,0.0,0.0,0.0,0.9475283718377127,0.0,0.0,0.0,1.3535883583640873,0.0,0.0,0.0,0.0,0.0,0.44483762467518917,0.0,1.05e-08
8145.0,0.9578582471701943,0.0,0.345009552,0.0,0.0,0.0,0.9578582471701943,0.0,0.0,0.0,1.3535699201895464,0.0,0.0,0.0,0.0,0.0,0.37143505992898385,0.0,1.05e-08
8146.0,0.9899057003679389,0.0,0.329268528,0.0,0.0,0.0,0.9899057003679388,0.0,0.0,0.0,1.3535514822661645,0.0,0.0,0.0,0.0,0.0,0.27873874142072896,0.0,1.05e-08
8147.0,1.0574160609830194,0.0,0.31929746,0.0,0.0,0.0,1.0574160609830194,0.0,0.0,0.0,1.3535330445939386,0.0,0.0,0.0,0.0,0.0,0.17281067938203432,0.0,1.05e-08
8148.0,1.1155023375727575,0.0,0.309984208,0.0,0.0,0.0,1.1155023375727575,0.0,0.0,0.0,1.3535146071728652,0.0,0.0,0.0,0.0,0.0,0.07884121208304884,0.0,1.05e-08
8149.0,1.1295453148593277,0.0,0.293746856,0.0,0.0,0.0,1.1295453148593277,0.0,0.0,0.0,1.3534961700029406,0.0,0.0,0.0,0.0,0.0,0.002237058697176275,0.0,1.05e-08
8150.0,1.1184616841128672,0.025064573,0.259066288,0.0,0.0,0.049197623544534025,0.998161009563666,0.0,0.0,0.07110305100466714,1.3534777330841619,0.0,0.0,0.0,0.0,6.938893903907228e-18,-1.1102230246251565e-16,0.0,1.1666189913660912e-08
8151.0,1.098532134005196,0.244392149,0.23483596,0.0,0.0,0.47970148718438843,0.6188306468208075,0.0,0.0,0.0,1.282356245411858,0.0,0.0,0.0,0.0,5.551115123125783e-17,0.285972910311461,0.0,1.05e-08
8152.0,1.076975157435525,0.373506948,0.21534317,0.0,0.0,0.7331325460430484,0.34384261139247657,0.0,0.0,0.0,1.2823387775397899,0.0,0.0,0.0,0.0,0.0,0.4858568359159288,0.0,1.05e-08
8153.0,1.0553475162957937,0.417982513,0.201958108,0.0,0.0,0.8204307459286181,0.6915930022976945,0.0,0.45667623193051865,0.0,1.2823213099056638,0.0,0.0,0.0,0.0,0.0,0.08653490669078767,0.0,1.05e-08
8154.0,1.0410154566771577,0.408807634,0.190998764,0.0,0.0,0.8024219714281049,0.7359024617655091,0.0,0.4973089765164563,0.0,1.6933124512469435,0.0,0.0,0.0,0.0,0.0,1.1102230246251565e-16,0.0,1.0500143029798309e-08
8155.0,1.0314436194598706,0.395581811,0.178755651,0.0,0.0,0.7764618618734503,0.6887307586210148,0.0,0.43374900103459463,0.0,2.1408674643175374,0.0,0.0,0.0,0.0,-1.1102230246251565e-16,1.1102230246251565e-16,0.0,1.050028606154495e-08
8156.0,1.0301052753299367,0.390703066,0.168576871,0.0,0.0,0.7668856899642069,0.6495127600177909,0.0,0.38629317465206114,0.0,2.531212402994334,0.0,0.0,0.0,0.0,0.0,0.0,0.0,1.0500429095239959e-08
8157.0,1.0443516809242568,0.370986445,0.163091154,0.0,0.0,0.7281852142956905,0.6283767455206033,0.0,0.312210278892037,0.0,2.878841780765199,0.0,0.0,0.0,0.0,0.0,0.0,0.0,1.050057213088335e-08
8158.0,1.0802214449570926,0.298811076,0.164826679,0.0,0.0,0.586516866973363,0.6350635799964306,0.0,0.14135900201270094,0.0,3.159791817048948,0.0,0.0,0.0,0.0,1.1102230246251565e-16,0.0,0.0,1.050071516847516e-08
8159.0,1.1134530650410028,0.108592839,0.191395645,0.0,0.0,0.2131498355369626,0.7374316114773259,0.0,0.0,0.1628716180267144,3.2869718771241843,0.0,0.0,0.0,0.0,0.0,0.0,0.0,5.62249086401514
8160.0,1.1244296282570685,0.00240585,0.209923223,0.0,0.0,0.004722286815124168,0.8088168391888125,0.0,0.0,0.310890502253132,3.124055484952651,0.0,0.0,0.0,0.0,0.0,0.0,0.0,5.6225674529422145
8161.0,1.12415339402865,0.0,0.20964967,0.0,0.0,0.0,0.807762862074472,0.0,0.0,0.3163905319541781,2.8131224277529205,0.0,0.0,0.0,0.0,0.0,0.0,0.0,5.622644042912574
8162.0,1.101001111256098,0.0,0.205785549,0.0,0.0,0.0,0.7928747230263062,0.0,0.0,0.3081263882297916,2.496693576288968,0.0,0.0,0.0,0.0,0.0,0.0,0.0,5.6227206339262334
8163.0,1.056495280221625,0.0,0.203023469,0.0,0.0,0.0,0.7822326569258509,0.0,0.0,0.27426262329577417,2.1885331788482887,0.0,0.0,0.0,0.0,0.0,0.0,0.0,5.622797225983207
8164.0,1.0072120959809399,0.0,0.200473655,0.0,0.0,0.0,0.7724084341908589,0.0,0.0,0.23480366179008094,1.9142407440101121,0.0,0.0,0.0,0.0,0.0,0.0,0.0,5.622873819083508
8165.0,0.9617790601332487,0.0,0.19795431,0.0,0.0,0.0,0.7627016059962186,0.0,0.0,0.19907745413703004,1.6794110070068886,0.0,0.0,0.0,0.0,0.0,0.0,0.0,5.6229504132271515
8166.0,0.929630963456933,0.0,0.194913019,0.0,0.0,0.0,0.7509837629747566,0.0,0.0,0.1786472004821764,1.4803106764369445,0.0,0.0,0.0,0.0,0.0,0.0,0.0,5.623027008414152
8167.0,0.9101361075226642,0.0,0.18806547,0.0,0.0,0.0,0.724600722264818,0.0,0.0,0.18553538525784619,1.3016433116068271,0.0,0.0,0.0,0.0,0.0,1.1102230246251565e-16,0.0,5.623103604644522
8168.0,0.9035493130527816,0.0,0.179678679,0.0,0.0,0.0,0.6922871092656637,0.0,0.0,0.2112622037871179,1.1160901957542833,0.0,0.0,0.0,0.0,0.0,0.0,0.0,5.623180201918278
8169.0,0.9115922259360323,0.0,0.170642483,0.0,0.0,0.0,0.6574713924404194,0.0,0.0,0.2541208334956128,0.9048127889213458,0.0,0.0,0.0,0.0,0.0,1.1102230246251565e-16,0.0,5.623256800235434
8170.0,0.9423955544305903,0.0,0.16337949,0.0,0.0,0.0,0.6294876803129124,0.0,0.0,0.31290787411767795,0.6506796303373661,0.0,0.0,0.0,0.0,0.0,0.0,0.0,5.623333399596003
8171.0,1.0077517163341292,0.0,0.157580096,0.0,0.0,0.0,0.6071430942435065,0.0,0.0,0.33775829195216994,0.33776289285696753,0.0,0.0,0.0,0.06285033013845263,0.0,0.0,0.0,5.62341
8172.0,1.0644975074433256,0.0,0.153002084,0.0,0.0,0.0,0.5895043921376016,0.0,0.0,0.0,0.0,0.0,0.0,0.0,0.47499311530572386,0.0,0.0,0.0,5.62341
8173.0,1.0829109813206077,0.0,0.147138628,0.0,0.0,0.0,0.5669129804735253,0.0,0.0,0.0,0.0,0.0,0.0,0.0,0.5159980008470822,0.0,0.0,0.0,5.62341
8174.0,1.0822814242418868,0.024693143,0.140568248,0.0,0.0,0.04846856770491744,0.5415978490272566,0.0,0.0,0.0,0.0,0.0,0.0,0.0,0.49221500750971275,0.0,0.0,0.0,5.62341
8175.0,1.072279175552413,0.208835566,0.117040124,0.0,0.0,0.4099097781868333,0.4509459306079094,0.0,0.0,0.0,0.0,0.0,0.0,0.0,0.2114234667576704,0.0,-5.551115123125783e-17,0.0,5.62341
8176.0,1.056150522773754,0.354244357,0.095514031,0.0,0.0,0.695323256393058,0.36082726638069607,0.0,0.0,0.0,0.0,0.0,0.0,0.0,0.0,0.0,0.007180405889094965,0.0,1.05e-08
8177.0,1.0392338529713898,0.405596164,0.091543638,0.0,0.0,0.796118385403138,0.24311546756825184,0.0,0.0,0.0,0.0,0.0,0.0,0.0,0.0,0.0,0.10959460841512267,0.0,1.05e-08
8178.0,1.0282487243528924,0.398789019,0.095834631,0.0,0.0,0.7827570822952391,0.2454916420576532,0.0,0.0,0.0,0.0,0.0,0.0,0.0,0.0,1.1102230246251565e-16,0.123751275531537,0.0,1.05e-08
8179.0,1.0201951047166025,0.382658256,0.102120807,0.0,0.0,0.7510950545575195,0.269100050159083,0.0,0.0,0.0,0.0,0.0,0.0,0.0,0.0,0.0,0.12436298433877607,0.0,1.05e-08
8180.0,1.0185398406967001,0.378675906,0.109181785,0.0,0.0,0.7432783582139363,0.40721427167970925,0.0,0.1319527891969455,0.0,0.0,0.0,0.0,0.0,0.0,0.0,0.013454127836491525,0.0,1.05e-08
8181.0,1.0311995054905707,0.377425433,0.115499636,0.0,0.0,0.7408238859232411,0.4450105575836094,0.0,0.1546349380162799,0.0,0.11875751027725094,0.0,0.0,0.0,0.0,0.0,5.551115123125783e-17,0.0,1.0500143029798309e-08
8182.0,1.0692341749879875,0.316965264,0.139668777,0.0,0.0,0.6221505443147125,0.5381322615578702,0.0,0.09104863088459533,0.0,0.2579273368127251,0.0,0.0,0.0,0.0,0.0,0.0,0.0,1.050028606154495e-08
8183.0,1.0946584307555154,0.149845695,0.19118421,0.0,0.0,0.29412238909392413,0.7366169698862244,0.0,0.0,0.06391907177536688,0.33986759120005705,0.0,0.0,0.0,0.0,0.0,0.0,0.0,1.1667143439155508e-08
8184.0,1.0997419970986562,0.003101876,0.235728928,0.0,0.0,0.006088471075482715,0.908244089079783,0.0,0.0,0.18540943694339043,0.27594388985032314,0.0,0.0,0.0,0.0,0.0,1.1102230246251565e-16,0.0,1.1667302367648169e-08
8185.0,1.0963608044887911,0.0,0.261057074,0.0,0.0,0.0,1.0058313435886983,0.0,0.0,0.09052946090009277,0.09053069408204835,0.0,0.0,0.0,0.0,0.0,0.0,0.0,1.1667461298305735e-08
8186.0,1.0776668136818748,0.0,0.280983558,0.0,0.0,0.0,1.0776668136818748,0.0,0.0,0.0,0.0,0.0,0.0,0.0,0.0,0.0,0.004939626890859694,0.0,1.05e-08
8187.0,1.0434201934098228,0.0,0.289786142,0.0,0.0,0.0,1.0434201934098228,0.0,0.0,0.0,0.0,0.0,0.0,0.0,0.0,0.0,0.07310187624780817,0.0,1.05e-08
8188.0,1.0017880548911438,0.0,0.293130253,0.0,0.0,0.0,1.0017880548911438,0.0,0.0,0.0,0.0,0.0,0.0,0.0,0.0,0.0,0.12761859823592325,0.0,1.05e-08
8189.0,0.9627490919586247,0.0,0.294936406,0.0,0.0,0.0,0.9627490919586247,0.0,0.0,0.0,0.0,0.0,0.0,0.0,0.0,0.0,0.1736165194946081,0.0,1.05e-08
8190.0,0.9313932950072299,0.0,0.29292164,0.0,0.0,0.0,0.9313932950072299,0.0,0.0,0.0,0.0,0.0,0.0,0.0,0.0,0.0,0.1972095894616468,0.0,1.05e-08
8191.0,0.9111532490614139,0.0,0.290341503,0.0,0.0,0.0,0.9111532490614139,0.0,0.0,0.0,0.0,0.0,0.0,0.0,0.0,0.0,0.20750858065806,0.0,1.05e-08
8192.0,0.9017377304385031,0.0,0.290503794,0.0,0.0,0.0,0.9017377304385031,0.0,0.0,0.0,0.0,0.0,0.0,0.0,0.0,0.0,0.2175493930992195,0.0,1.05e-08
8193.0,0.9013587113809058,0.0,0.288320962,0.0,0.0,0.0,0.9013587113809058,0.0,0.0,0.0,0.0,0.0,0.0,0.0,0.0,0.0,0.2095181407562099,0.0,1.05e-08
8194.0,0.9132496313065424,0.0,0.285900779,0.0,0.0,0.0,0.9132496313065424,0.0,0.0,0.0,0.0,0.0,0.0,0.0,0.0,0.0,0.18830245563144854,0.0,1.05e-08
8195.0,0.9369329690298522,0.0,0.281484313,0.0,0.0,0.0,0.9369329690298523,0.0,0.0,0.0,0.0,0.0,0.0,0.0,0.0,0.0,0.1476028391970171,0.0,1.05e-08
8196.0,0.9703658760709043,0.0,0.274996994,0.0,0.0,0.0,0.9703658760709043,0.0,0.0,0.0,0.0,0.0,0.0,0.0,0.0,0.0,0.0891748278821064,0.0,1.05e-08
8197.0,1.0055418425067824,0.0,0.268612009,0.0,0.0,0.0,1.0055418425067824,0.0,0.0,0.0,0.0,0.0,0.0,0.0,0.0,0.0,0.029398041621887305,0.0,1.05e-08
8198.0,1.0289446633004582,0.025802832,0.266200064,0.0,0.0,0.05064670421949164,0.9782979590809665,0.0,0.0,0.0,0.0,0.0,0.0,0.0,0.0,0.0,0.047348900182144216,0.0,1.05e-08
8199.0,1.0373623125400901,0.346475657,0.234800569,0.0,0.0,0.6800745793846596,0.35728773315543044,0.0,0.0,0.0,0.0,0.0,0.0,0.0,0.0,0.0,0.5473794653770285,0.0,1.05e-08
8200.0,1.0344672065182172,0.518189179,0.188865383,0.0,0.0,1.0171199067821008,0.017347299736116335,0.0,0.0,0.0,0.0,0.0,0.0,0.0,0.0,0.0,0.710335421247281,0.0,1.05e-08
8201.0,1.0243429008440934,0.560071148,0.1809501,0.0,0.0,1.0993273054146586,0.0,0.0,0.07498440457056518,0.0,0.0,0.0,0.0,0.0,0.0,0.0,0.6971857893630928,0.0,1.0418079666690014e-08
8202.0,1.0138738377220988,0.535118404,0.199085049,0.0,0.0,1.0503491837560477,0.0,0.0,0.03647534603394885,0.0,0.06748596411350867,0.0,0.0,0.0,0.0,0.0,0.7670582499675601,0.0,1.0418221580578918e-08
8203.0,1.0073063154076871,0.524324164,0.217061327,0.0,0.0,1.0291618706520365,0.0,0.0,0.021855555244349244,0.0,0.10031285627050526,0.0,0.0,0.0,0.0,0.0,0.8363193643147774,0.0,1.0418363496400958e-08
8204.0,1.007734585529266,0.547882575,0.232624834,0.0,0.0,1.0754031465630767,0.0,0.0,0.06766856103381055,0.0,0.11998148955878532,0.0,0.0,0.0,0.0,0.0,0.896284271286661,0.0,1.0418505414156157e-08
8205.0,1.0186661803825658,0.579743083,0.235437771,0.0,0.0,1.137940069834086,0.0,0.0,0.11927388945152013,0.0,0.18088156013735848,0.0,0.0,0.0,0.0,0.0,0.9071222852074802,0.0,1.0418647333844545e-08
8206.0,1.0512404058298526,0.497401647,0.272475972,0.0,0.0,0.9763174094183533,0.07492299641149927,0.0,0.0,0.0,0.2882255967293789,0.0,0.0,0.0,0.0,0.0,0.9749044180043864,0.0,1.05e-08
8207.0,1.0758766445736754,0.199904948,0.320397753,0.0,0.0,0.39238044774964453,0.6834961968240308,0.0,0.0,0.0,0.28822167060676795,0.0,0.0,0.0,0.0,0.0,0.550969881589113,0.0,1.05e-08
8208.0,1.083088713421063,0.003280463,0.345327057,0.0,0.0,0.006439007906728462,1.0766497055143345,0.0,0.0,0.0,0.28821774453763743,0.0,0.0,0.0,0.0,0.0,0.2538669221248806,0.0,1.05e-08
8209.0,1.0809816244228951,0.0,0.347580622,0.0,0.0,0.0,1.0809816244228951,0.0,0.0,0.0,0.2882138185219867,0.0,0.0,0.0,0.0,0.0,0.2582178030235931,0.0,1.05e-08
8210.0,1.0627929923594417,0.0,0.340812712,0.0,0.0,0.0,1.0627929923594417,0.0,0.0,0.0,0.28820989255981494,0.0,0.0,0.0,0.0,0.0,0.25033023686616485,0.0,1.05e-08
8211.0,1.033360128253936,0.0,0.333558015,0.0,0.0,0.0,1.033360128253936,0.0,0.0,0.0,0.28820596665112147,0.0,0.0,0.0,0.0,0.0,0.25181135264693855,0.0,1.05e-08
8212.0,0.9985910184335578,0.0,0.330133397,0.0,0.0,0.0,0.9985910184335577,0.0,0.0,0.0,0.2882020407959055,0.0,0.0,0.0,0.0,0.0,0.2733856921765182,0.0,1.05e-08
8213.0,0.9633615182324824,0.0,0.32798379,0.0,0.0,0.0,0.9633615182324824,0.0,0.0,0.0,0.2881981149941664,0.0,0.0,0.0,0.0,0.0,0.30033293415770057,0.0,1.05e-08
8214.0,0.9360614393324392,0.0,0.322082046,0.0,0.0,0.0,0.9360614393324392,0.0,0.0,0.0,0.28819418924590345,0.0,0.0,0.0,0.0,0.0,0.30489408089214176,0.0,1.05e-08
8215.0,0.9167700117059204,0.0,0.315397837,0.0,0.0,0.0,0.9167700117059204,0.0,0.0,0.0,0.28819026355111577,0.0,0.0,0.0,0.0,0.0,0.29843180333732666,0.0,1.05e-08
8216.0,0.9055578999229864,0.0,0.308635701,0.0,0.0,0.0,0.9055578999229864,0.0,0.0,0.0,0.2881863379098028,0.0,0.0,0.0,0.0,0.0,0.28358996364446376,0.0,1.05e-08
8217.0,0.904208849040013,0.0,0.30232192,0.0,0.0,0.0,0.904208849040013,0.0,0.0,0.0,0.2881824123219637,0.0,0.0,0.0,0.0,0.0,0.26061253783385896,0.0,1.05e-08
8218.0,0.9128384919898267,0.0,0.303524111,0.0,0.0,0.0,0.9128384919898267,0.0,0.0,0.0,0.2881784867875978,0.0,0.0,0.0,0.0,0.0,0.2566148375096651,0.0,1.05e-08
8219.0,0.9309714489374747,0.0,0.310833958,0.0,0.0,0.0,0.9309714489374747,0.0,0.0,0.0,0.28817456130670427,0.0,0.0,0.0,0.0,0.0,0.266646117281524,0.0,1.05e-08
8220.0,0.9595970238638044,0.0,0.318338096,0.0,0.0,0.0,0.9595970238638044,0.0,0.0,0.0,0.28817063587928254,0.0,0.0,0.0,0.0,0.0,0.26693336624984576,0.0,1.05e-08
8221.0,0.9962355327648742,0.0,0.317815248,0.0,0.0,0.0,0.9962355327648742,0.0,0.0,0.0,0.28816671050533177,0.0,0.0,0.0,0.0,0.0,0.22828036719045652,0.0,1.05e-08
8222.0,1.0262508442357272,0.06322169,0.285151146,0.0,0.0,0.1240937519449955,0.9021570922907317,0.0,0.0,0.0,0.28816278518485133,0.0,0.0,0.0,0.0,0.0,0.1965067206157024,0.0,1.05e-08
8223.0,1.0334243687721727,0.43000241,0.219742604,0.0,0.0,0.8440238216075884,0.18940054716458435,0.0,0.0,0.0,0.2881588599178404,0.0,0.0,0.0,0.0,0.0,0.6572495559657345,0.0,1.05e-08
8224.0,1.0277048212984874,0.576428816,0.158857321,0.0,0.0,1.1314347102497806,0.0,0.0,0.10372988895129309,0.0,0.28815493470429826,0.0,0.0,0.0,0.0,0.0,0.6120641366735426,0.0,1.0421344175264532e-08
8225.0,1.019775399997455,0.57376788,0.139117717,0.0,0.0,1.1262117316814204,0.0,0.0,0.10643633168396534,0.0,0.38150790960038805,0.0,0.0,0.0,0.0,0.0,0.5360090728937776,0.0,1.04214861336222e-08
8226.0,1.009940176655397,0.537758038,0.147803123,0.0,0.0,1.055530350011198,0.0,0.0,0.045590173355801025,0.0,0.4772954113296647,0.0,0.0,0.0,0.0,0.0,0.5694732248232264,0.0,1.0421628093913605e-08
8227.0,1.0025717892136332,0.524945548,0.156852017,0.0,0.0,1.0303815449751774,0.0,0.0,0.027809755761544312,0.0,0.5183200657749811,0.0,0.0,0.0,0.0,2.220446049250313e-16,0.6043378659936538,0.0,1.042177005613878e-08
8228.0,0.998404720930671,0.539378783,0.160407853,0.0,0.0,1.0587116051784689,0.0,0.0,0.06030688424779785,0.0,0.5433417855599311,0.0,0.0,0.0,0.0,0.0,0.6180382084002382,0.0,1.0421912020297744e-08
8229.0,1.013197170930004,0.562667378,0.164951631,0.0,0.0,1.1044232767753128,0.0,0.0,0.09122610584530871,0.0,0.5976105801441488,0.0,0.0,0.0,0.0,-2.220446049250313e-16,0.6355450097317691,0.0,1.0422053986390531e-08
8230.0,1.0537500687423045,0.493005133,0.212002818,0.0,0.0,0.9676877774401714,0.08606229130213305,0.0,0.0,0.0,0.6797059349328871,0.0,0.0,0.0,0.0,0.0,0.7307670556533541,0.0,1.05e-08
8231.0,1.0902986409178428,0.139046616,0.273353307,0.0,0.0,0.2729255778308844,0.8173730630869583,0.0,0.0,0.0,0.6796966761825532,0.0,0.0,0.0,0.0,0.0,0.23583465061868114,0.0,1.05e-08
8232.0,1.1047420507680892,0.00069641,0.311773166,0.0,0.0,0.0013669379890353186,1.1033751127790536,0.0,0.0,0.0,0.6796874175583393,0.0,0.0,0.0,0.0,0.0,0.09786114428817405,0.0,1.05e-08
8233.0,1.109114688709409,0.0,0.325368879,0.0,0.0,0.0,1.109114688709409,0.0,0.0,0.0,0.6796781590602435,0.0,0.0,0.0,0.0,0.0,0.1445047275815996,0.0,1.05e-08
8234.0,1.0898125543298507,0.0,0.325369668,0.0,0.0,0.0,1.0898125543298507,0.0,0.0,0.0,0.6796689006882642,0.0,0.0,0.0,0.0,0.0,0.16380990191298883,0.0,1.05e-08
8235.0,1.048762863176519,0.0,0.325284102,0.0,0.0,0.0,1.048762863176519,0.0,0.0,0.0,0.6796596424423997,0.0,0.0,0.0,0.0,0.0,0.20452991433581635,0.0,1.05e-08
8236.0,1.0037002809839934,0.0,0.328303355,0.0,0.0,0.0,1.0037002809839934,0.0,0.0,0.0,0.6796503843226483,0.0,0.0,0.0,0.0,0.0,0.2612254289560767,0.0,1.05e-08
8237.0,0.9676142405397603,0.0,0.334925748,0.0,0.0,0.0,0.9676142405397603,0.0,0.0,0.0,0.6796411263290082,0.0,0.0,0.0,0.0,0.0,0.3228270026394604,0.0,1.05e-08
8238.0,0.9422649320435088,0.0,0.340829349,0.0,0.0,0.0,0.9422649320435088,0.0,0.0,0.0,0.6796318684614776,0.0,0.0,0.0,0.0,0.0,0.37092239816893113,0.0,1.05e-08
8239.0,0.9276309419891597,0.0,0.343427791,0.0,0.0,0.0,0.9276309419891597,0.0,0.0,0.0,0.679622610720055,0.0,0.0,0.0,0.0,0.0,0.3955679706257449,0.0,1.05e-08
8240.0,0.9250506145066473,0.0,0.343643287,0.0,0.0,0.0,0.9250506145066472,0.0,0.0,0.0,0.6796133531047387,0.0,0.0,0.0,0.0,0.0,0.39897858639693273,0.0,1.05e-08
8241.0,0.9364340343382128,0.0,0.342735862,0.0,0.0,0.0,0.9364340343382128,0.0,0.0,0.0,0.6796040956155267,0.0,0.0,0.0,0.0,0.0,0.3840989329909571,0.0,1.05e-08
8242.0,0.971203144158591,0.0,0.339735425,0.0,0.0,0.0,0.971203144158591,0.0,0.0,0.0,0.6795948382524175,0.0,0.0,0.0,0.0,0.0,0.3377693872366986,0.0,1.05e-08
8243.0,1.0390496968191107,0.0,0.336182711,0.0,0.0,0.0,1.0390496968191107,0.0,0.0,0.0,0.6795855810154093,0.0,0.0,0.0,0.0,0.0,0.2562345209777266,0.0,1.05e-08
8244.0,1.1057741817610942,0.0,0.334030714,0.0,0.0,0.0,1.1057741817610942,0.0,0.0,0.0,0.6795763239045004,0.0,0.0,0.0,0.0,0.0,0.18121856934325709,0.0,1.05e-08
8245.0,1.13228838498804,0.0,0.334301639,0.0,0.0,0.0,1.13228838498804,0.0,0.0,0.0,0.679567066919689,0.0,0.0,0.0,0.0,0.0,0.15574821776371683,0.0,1.05e-08
8246.0,1.1336224464167581,0.051215982,0.307509332,0.0,0.0,0.10052852693319894,1.033093919483559,0.0,0.0,0.0,0.6795578100609736,0.0,0.0,0.0,0.0,0.0,0.1517141373616009,0.0,1.05e-08
8247.0,1.1201811886510062,0.377261666,0.230134168,0.0,0.0,0.7405024383081145,0.37967875034289184,0.0,0.0,0.0,0.6795485533283523,0.0,0.0,0.0,0.0,1.1102230246251565e-16,0.5070091905673293,0.0,1.05e-08
8248.0,1.1002837588024534,0.462514341,0.158541837,0.0,0.0,0.9078393808051803,0.19244437799727307,0.0,0.0,0.0,0.6795392967218234,0.0,0.0,0.0,0.0,0.0,0.4184042248823041,0.0,1.05e-08
8249.0,1.0784034382909904,0.470763292,0.126800923,0.0,0.0,0.9240307113311506,0.15437272695983983,0.0,0.0,0.0,0.6795300402413854,0.0,0.0,0.0,0.0,0.0,0.33418075598227376,0.0,1.05e-08
8250.0,1.0589107237073296,0.455576309,0.12569235,0.0,0.0,0.8942211681001033,0.1646895556072263,0.0,0.0,0.0,0.6795207838870363,0.0,0.0,0.0,0.0,0.0,0.31959268713070055,0.0,1.05e-08
8251.0,1.0446878729696962,0.44437199,0.136388634,0.0,0.0,0.8722289375428594,0.1724589354268369,0.0,0.0,0.0,0.6795115276587744,0.0,0.0,0.0,0.0,1.1102230246251565e-16,0.35303520608203187,0.0,1.05e-08
8252.0,1.0394608361358266,0.443028503,0.146353758,0.0,0.0,0.8695918941085677,0.1698689420272589,0.0,0.0,0.0,0.6795022715565981,0.0,0.0,0.0,0.0,0.0,0.3940199991641804,0.0,1.05e-08
8253.0,1.0538335814160125,0.431767965,0.172240472,0.0,0.0,0.8474893149250754,0.206344266490937,0.0,0.0,0.0,0.6794930155805058,0.0,0.0,0.0,0.0,1.1102230246251565e-16,0.45728404557737173,0.0,1.05e-08
8254.0,1.0977783785912172,0.340020833,0.242002571,0.0,0.0,0.6674048243005326,0.4303735542906846,0.0,0.0,0.0,0.6794837597304955,0.0,0.0,0.0,0.0,1.1102230246251565e-16,0.5020423630839558,0.0,1.05e-08
8255.0,1.137571096937715,0.087033426,0.312835527,0.0,0.0,0.17083226305666807,0.966738833881047,0.0,0.0,0.0,0.6794745040065655,0.0,0.0,0.0,0.0,0.0,0.23859061237134038,0.0,1.05e-08
8256.0,1.159352915321215,0.002336001,0.362326274,0.0,0.0,0.004585184746520718,1.1547677305746944,0.0,0.0,0.0,0.6794652484087144,0.0,0.0,0.0,0.0,8.673617379884035e-19,0.2412454760810534,0.0,1.05e-08
8257.0,1.1623765023795616,0.0,0.399644137,0.0,0.0,0.0,1.1623765023795616,0.0,0.0,0.0,0.6794559929369401,0.0,0.0,0.0,0.0,0.0,0.37741934807134725,0.0,1.05e-08
8258.0,1.141517606108064,0.0,0.433231495,0.0,0.0,0.0,1.141517606108064,0.0,0.0,0.0,0.6794467375912412,0.0,0.0,0.0,0.0,0.0,0.5276875605015581,0.0,1.05e-08
8259.0,1.0985214272521564,0.0,0.463125567,0.0,0.0,0.0,1.0985214272521564,0.0,0.0,0.0,0.6794374823716158,0.0,0.0,0.0,0.0,0.0,0.6858631296125535,0.0,1.05e-08
8260.0,1.0500862178521975,0.0,0.484018926,0.0,0.0,0.0,1.0500862178521975,0.0,0.0,0.0,0.6794282272780623,0.0,0.0,0.0,0.0,0.0,0.8147987255105662,0.0,1.05e-08
8261.0,1.0094733622228762,0.0,0.495471197,0.0,0.0,0.0,1.0094733622228762,0.0,0.0,0.0,0.6794189723105787,0.0,0.0,0.0,0.0,0.0,0.8995362353795646,0.0,1.05e-08
8262.0,0.9823531567738961,0.0,0.498099308,0.0,0.0,0.0,0.9823531567738961,0.0,0.0,0.0,0.6794097174691637,0.0,0.0,0.0,0.0,0.0,0.9367823354374389,0.0,1.05e-08
8263.0,0.9683594305513075,0.0,0.494471524,0.0,0.0,0.0,0.9683594305513075,0.0,0.0,0.0,0.6794004627538153,0.0,0.0,0.0,0.0,0.0,0.9367985095521325,0.0,1.05e-08
8264.0,0.9672223733785157,0.0,0.482603954,0.0,0.0,0.0,0.9672223733785158,0.0,0.0,0.0,0.6793912081645319,0.0,0.0,0.0,0.0,0.0,0.8922107997407017,0.0,1.05e-08
8265.0,0.9785158564845496,0.0,0.470972128,0.0,0.0,0.0,0.9785158564845496,0.0,0.0,0.0,0.6793819537013116,0.0,0.0,0.0,0.0,0.0,0.8361008518106962,0.0,1.05e-08
8266.0,1.0130280042319806,0.0,0.465413978,0.0,0.0,0.0,1.0130280042319806,0.0,0.0,0.0,0.6793726993641529,0.0,0.0,0.0,0.0,0.0,0.780173611199827,0.0,1.05e-08
8267.0,1.0823199685528289,0.0,0.456732195,0.0,0.0,0.0,1.0823199685528289,0.0,0.0,0.0,0.679363445153054,0.0,0.0,0.0,0.0,0.0,0.677431454069281,0.0,1.05e-08
8268.0,1.1481044005779466,0.0,0.445694751,0.0,0.0,0.0,1.1481044005779466,0.0,0.0,0.0,0.6793541910680133,0.0,0.0,0.0,0.0,0.0,0.5691206619720166,0.0,1.05e-08
8269.0,1.1638690237532638,0.0,0.431706542,0.0,0.0,0.0,1.1638690237532638,0.0,0.0,0.0,0.6793449371090288,0.0,0.0,0.0,0.0,0.0,0.49946062490391396,0.0,1.05e-08
8270.0,1.1443291994562292,0.014369006,0.358837622,0.0,0.0,0.028203989267926118,1.1161252101883032,0.0,0.0,0.0,0.679335683276099,0.0,0.0,0.0,0.0,0.0,0.2664465084636629,0.0,1.05e-08
8271.0,1.1102967142449667,0.197519296,0.285110424,0.0,0.0,0.3876978062777845,0.7225989079671824,0.0,0.0,0.0,0.6793264295692222,0.0,0.0,0.0,0.0,-5.551115123125783e-17,0.3759080064367668,0.0,1.05e-08
8272.0,1.0734012432709497,0.363307463,0.239904317,0.0,0.0,0.7131126389264132,0.3602886043445365,0.0,0.0,0.0,0.6793171759883965,0.0,0.0,0.0,0.0,0.0,0.5640429136776068,0.0,1.05e-08
8273.0,1.0425400983099784,0.433654652,0.281575267,0.0,0.0,0.8511925703833817,0.19134752792659668,0.0,0.0,0.0,0.6793079225336204,0.0,0.0,0.0,0.0,1.1102230246251565e-16,0.8935387185497446,0.0,1.05e-08
8274.0,1.019229355592442,0.436916017,0.338896755,0.0,0.0,0.8575940920654516,0.1616352635269906,0.0,0.0,0.0,0.679298669204892,0.0,0.0,0.0,0.0,0.0,1.144105941629932,0.0,1.05e-08
8275.0,1.0042698802456933,0.432394815,0.367164813,0.0,0.0,0.8487197181048501,0.15555016214084327,0.0,0.0,0.0,0.6792894160022097,0.0,0.0,0.0,0.0,-1.1102230246251565e-16,1.2591055356330587,0.0,1.05e-08
8276.0,0.9994154384175971,0.444695592,0.376956137,0.0,0.0,0.8728641149055161,0.12655132351208093,0.0,0.0,0.0,0.6792801629255718,0.0,0.0,0.0,0.0,1.1102230246251565e-16,1.3258295368997517,0.0,1.05e-08
8277.0,1.0154584371719404,0.469734442,0.417760896,0.0,0.0,0.9220112484428821,0.09344718872905836,0.0,0.0,0.0,0.6792709099749764,0.0,0.0,0.0,0.0,0.0,1.5161510377587573,0.0,1.05e-08
8278.0,1.0659750393627725,0.422956366,0.48353378,0.0,0.0,0.8301935991581484,0.23578144020462402,0.0,0.0,0.0,0.679261657150422,0.0,0.0,0.0,0.0,1.1102230246251565e-16,1.6272342756917477,0.0,1.05e-08
8279.0,1.1124680437613714,0.180223919,0.537577402,0.0,0.0,0.35374983330785625,0.7587182104535152,0.0,0.0,0.0,0.6792524044519068,0.0,0.0,0.0,0.0,0.0,1.312523117167363,0.0,1.05e-08
8280.0,1.1347423727846868,0.001881107,0.564124908,0.0,0.0,0.0036923028384719648,1.131050069946215,0.0,0.0,0.0,0.6792431518794292,0.0,0.0,0.0,0.0,0.0,1.0424766055480903,0.0,1.05e-08
8281.0,1.1400529222922644,0.0,0.565072668,0.0,0.0,0.0,1.1400529222922644,0.0,0.0,0.0,0.6792338994329873,0.0,0.0,0.0,0.0,0.0,1.0371253941999001,0.0,1.05e-08
8282.0,1.120671557940214,0.0,0.563421053,0.0,0.0,0.0,1.120671557940214,0.0,0.0,0.0,0.6792246471125795,0.0,0.0,0.0,0.0,0.0,1.0501432223754088,0.0,1.05e-08
8283.0,1.0800094512469112,0.0,0.55360722,0.0,0.0,0.0,1.0800094512469112,0.0,0.0,0.0,0.6792153949182038,0.0,0.0,0.0,0.0,0.0,1.052993441112957,0.0,1.05e-08
8284.0,1.0298119102966552,0.0,0.534576758,0.0,0.0,0.0,1.0298119102966552,0.0,0.0,0.0,0.6792061428498589,0.0,0.0,0.0,0.0,0.0,1.0298681838364405,0.0,1.05e-08
8285.0,0.9868178727913555,0.0,0.523724952,0.0,0.0,0.0,0.9868178727913555,0.0,0.0,0.0,0.6791968909075429,0.0,0.0,0.0,0.0,0.0,1.0310511091504502,0.0,1.05e-08
8286.0,0.9586912325566652,0.0,0.528678168,0.0,0.0,0.0,0.9586912325566651,0.0,0.0,0.0,0.679187639091254,0.0,0.0,0.0,0.0,0.0,1.0782620815123174,0.0,1.05e-08
8287.0,0.9401492776429093,0.0,0.539045393,0.0,0.0,0.0,0.9401492776429093,0.0,0.0,0.0,0.6791783874009906,0.0,0.0,0.0,0.0,0.0,1.1367480980493037,0.0,1.05e-08
8288.0,0.9362927051980918,0.0,0.544422881,0.0,0.0,0.0,0.9362927051980918,0.0,0.0,0.0,0.679169135836751,0.0,0.0,0.0,0.0,0.0,1.1613236875937005,0.0,1.05e-08
8289.0,0.9462028758114261,0.0,0.536148871,0.0,0.0,0.0,0.9462028758114261,0.0,0.0,0.0,0.6791598843985334,0.0,0.0,0.0,0.0,0.0,1.119534439858839,0.0,1.05e-08
8290.0,0.9798413525108361,0.0,0.527579611,0.0,0.0,0.0,0.9798413525108361,0.0,0.0,0.0,0.679150633086336,0.0,0.0,0.0,0.0,0.0,1.0528793121746678,0.0,1.05e-08
8291.0,1.0447628202409727,0.0,0.523409724,0.0,0.0,0.0,1.0447628202409727,0.0,0.0,0.0,0.6791413819001574,0.0,0.0,0.0,0.0,0.0,0.9718916142537222,0.0,1.05e-08
8292.0,1.103268801549858,0.0,0.521040083,0.0,0.0,0.0,1.103268801549858,0.0,0.0,0.0,0.6791321308399955,0.0,0.0,0.0,0.0,0.0,0.9042556018970944,0.0,1.05e-08
8293.0,1.1177314835555754,0.0,0.512988419,0.0,0.0,0.0,1.1177314835555754,0.0,0.0,0.0,0.6791228799058489,0.0,0.0,0.0,0.0,0.0,0.8587705235427352,0.0,1.05e-08
8294.0,1.104318063347726,0.053601792,0.471692116,0.0,0.0,0.10521147853300417,0.9991065848147219,0.0,0.0,0.0,0.6791136290977157,0.0,0.0,0.0,0.0,0.0,0.8182841777756692,0.0,1.05e-08
8295.0,1.078778174647372,0.316073919,0.391594696,0.0,0.0,0.6204009810662859,0.4583771935810861,0.0,0.0,0.0,0.6791043784155942,0.0,0.0,0.0,0.0,0.0,1.0504048255565677,0.0,1.05e-08
8296.0,1.0500519562424713,0.467795016,0.35158448,0.0,0.0,0.9182044750244608,0.1318474812180105,0.0,0.0,0.0,0.6790951278594828,0.0,0.0,0.0,0.0,0.0,1.2227784803957853,0.0,1.05e-08
8297.0,1.0234563816924254,0.510244819,0.374659754,0.0,0.0,1.0015264381607818,0.021929943531643556,0.0,0.0,0.0,0.6790858774293796,0.0,0.0,0.0,0.0,0.0,1.4216031428555547,0.0,1.05e-08
8298.0,1.0058052286315533,0.496274795,0.406042327,0.0,0.0,0.9741055847650306,0.03169964386652271,0.0,0.0,0.0,0.679076627125283,0.0,0.0,0.0,0.0,1.1102230246251565e-16,1.5327479041830336,0.0,1.05e-08
8299.0,0.9959871360943585,0.480287017,0.430404536,0.0,0.0,0.9427242130034776,0.05326292309088086,0.0,0.0,0.0,0.6790673769471914,0.0,0.0,0.0,0.0,0.0,1.6050502039900973,0.0,1.05e-08
8300.0,0.9951734228633586,0.48612151,0.452434534,0.0,0.0,0.9541763606298194,0.04099706223353931,0.0,0.0,0.0,0.6790581268951029,0.0,0.0,0.0,0.0,0.0,1.7021958275295115,0.0,1.05e-08
8301.0,1.0084433725804791,0.502830623,0.489735294,0.0,0.0,0.9869735940451695,0.02146977853530969,0.0,0.0,0.0,0.6790488769690157,0.0,0.0,0.0,0.0,0.0,1.8654398585765588,0.0,1.05e-08
8302.0,1.0492382430114715,0.444294456,0.563618375,0.0,0.0,0.872076751086545,0.1771614919249265,0.0,0.0,0.0,0.6790396271689283,0.0,0.0,0.0,0.0,1.1102230246251565e-16,1.994413553758489,0.0,1.05e-08
8303.0,1.0852065091722702,0.193853602,0.64276586,0.0,0.0,0.3805026534442829,0.7047038557279873,0.0,0.0,0.0,0.679030377494839,0.0,0.0,0.0,0.0,0.0,1.771819912314955,0.0,1.05e-08
8304.0,1.0993865328977457,0.001703759,0.670658767,0.0,0.0,0.0033441979599098596,1.0960423349378359,0.0,0.0,0.0,0.6790211279467459,0.0,0.0,0.0,0.0,4.336808689942018e-19,1.4879504999054363,0.0,1.05e-08
8305.0,1.0989689695292064,0.0,0.673033539,0.0,0.0,0.0,1.0989689695292064,0.0,0.0,0.0,0.6790118785246474,0.0,0.0,0.0,0.0,0.0,1.4941736656810027,0.0,1.05e-08
8306.0,1.0760265391162278,0.0,0.66856295,0.0,0.0,0.0,1.0760265391162278,0.0,0.0,0.0,0.6790026292285416,0.0,0.0,0.0,0.0,0.0,1.499891285934258,0.0,1.05e-08
8307.0,1.031068883103489,0.0,0.657901811,0.0,0.0,0.0,1.031068883103489,0.0,0.0,0.0,0.6789933800584271,0.0,0.0,0.0,0.0,0.0,1.503772453958183,0.0,1.05e-08
8308.0,0.9785758143015707,0.0,0.642608264,0.0,0.0,0.0,0.9785758143015707,0.0,0.0,0.0,0.678984131014302,0.0,0.0,0.0,0.0,0.0,1.4973407493703297,0.0,1.05e-08
8309.0,0.9360186123202814,0.0,0.630976111,0.0,0.0,0.0,0.9360186123202814,0.0,0.0,0.0,0.6789748820961645,0.0,0.0,0.0,0.0,0.0,1.4950802266236565,0.0,1.05e-08
8310.0,0.9023630048160082,0.0,0.619372967,0.0,0.0,0.0,0.9023630048160082,0.0,0.0,0.0,0.6789656333040132,0.0,0.0,0.0,0.0,0.0,1.4840298786809107,0.0,1.05e-08
8311.0,0.8830287501773315,0.0,0.607499181,0.0,0.0,0.0,0.8830287501773315,0.0,0.0,0.0,0.678956384637846,0.0,0.0,0.0,0.0,0.0,1.457615416600788,0.0,1.05e-08
8312.0,0.8741164489472758,0.0,0.588019714,0.0,0.0,0.0,0.8741164489472758,0.0,0.0,0.0,0.6789471360976616,0.0,0.0,0.0,0.0,0.0,1.3914749404255407,0.0,1.05e-08
8313.0,0.878221418062609,0.0,0.57351968,0.0,0.0,0.0,0.878221418062609,0.0,0.0,0.0,0.6789378876834578,0.0,0.0,0.0,0.0,0.0,1.3315025379676357,0.0,1.05e-08
8314.0,0.90775064294547,0.0,0.568166887,0.0,0.0,0.0,0.9077506429454701,0.0,0.0,0.0,0.6789286393952332,0.0,0.0,0.0,0.0,0.0,1.2813494437804618,0.0,1.05e-08
8315.0,0.9700767937388386,0.0,0.574705638,0.0,0.0,0.0,0.9700767937388386,0.0,0.0,0.0,0.678919391232986,0.0,0.0,0.0,0.0,0.0,1.2442165605088233,0.0,1.05e-08
8316.0,1.0288697160291818,0.0,0.586475883,0.0,0.0,0.0,1.0288697160291818,0.0,0.0,0.0,0.6789101431967145,0.0,0.0,0.0,0.0,0.0,1.2307734200164566,0.0,1.05e-08
8317.0,1.049122610078645,0.0,0.590267905,0.0,0.0,0.0,1.049122610078645,0.0,0.0,0.0,0.6789008952864168,0.0,0.0,0.0,0.0,0.0,1.2251308735233208,0.0,1.05e-08
8318.0,1.0488463758502269,0.030639995,0.554859219,0.0,0.0,0.06014125751978319,0.9887051183304437,0.0,0.0,0.0,0.6788916475020915,0.0,0.0,0.0,0.0,6.938893903907228e-18,1.149121622765053,0.0,1.05e-08
8319.0,1.0410775558447867,0.393193362,0.500867043,0.0,0.0,0.7717737303518273,0.26930382549295934,0.0,0.0,0.0,0.6788823998437368,0.0,0.0,0.0,0.0,1.1102230246251565e-16,1.6604955210667447,0.0,1.05e-08
8320.0,1.024779736368104,0.553040875,0.478189579,0.0,0.0,1.0855280388375137,0.0,0.0,0.06074830246940991,0.0,0.6788731523113508,0.0,0.0,0.0,0.0,2.220446049250313e-16,1.8424249508583859,0.0,1.0434980999221983e-08
8321.0,1.0072420748894504,0.566899947,0.481599694,0.0,0.0,1.1127311117537209,0.0,0.0,0.10548903686427051,0.0,0.7335373771274009,0.0,0.0,0.0,0.0,0.0,1.8555638422880891,0.0,1.0435123143338904e-08
8322.0,0.9948757751288614,0.539632882,0.495097468,0.0,0.0,1.0592103596134654,0.0,0.0,0.06433458448460412,0.0,0.8284675182791544,0.0,0.0,0.0,0.0,0.0,1.9075696506343383,0.0,1.0435265289392098e-08
8323.0,0.9854045813901453,0.523690481,0.504093622,0.0,0.0,1.0279180554200527,0.0,0.0,0.04251347402990735,0.0,0.8863573591793044,0.0,0.0,0.0,0.0,0.0,1.9422310889409318,0.0,1.0435407437381584e-08
8324.0,0.9831968489134064,0.541422716,0.512386637,0.0,0.0,1.0627235086042424,0.0,0.0,0.07952665969083605,0.0,0.9246074121121814,0.0,0.0,0.0,0.0,0.0,1.974183390757703,0.0,1.04355495873074e-08
8325.0,0.9967323261059057,0.582330505,0.546017748,0.0,0.0,1.1430187525432167,0.0,0.0,0.14628642643731116,0.0,0.9961688111091483,0.0,0.0,0.0,0.0,2.220446049250313e-16,2.10376128361155,0.0,1.043569173916956e-08
8326.0,1.0332016683089518,0.533256407,0.612861847,0.0,0.0,1.0466943906962556,0.0,0.0,0.013492722387303833,0.0,1.1278130253900343,0.0,0.0,0.0,0.0,0.0,2.3613060759359517,0.0,1.0435833892968101e-08
8327.0,1.0619707137260104,0.195772387,0.660709086,0.0,0.0,0.38426891198349267,0.6777018017425177,0.0,0.0,0.0,1.1399411128079198,0.0,0.0,0.0,0.0,5.551115123125783e-17,1.867955734021638,0.0,1.05e-08
8328.0,1.0750201043305176,0.001777407,0.691000979,0.0,0.0,0.0034887568390420854,1.0715313474914756,0.0,0.0,0.0,1.1399255848720635,0.0,0.0,0.0,0.0,0.0,1.5908383499819434,0.0,1.05e-08
8329.0,1.0756689335647096,0.0,0.704541467,0.0,0.0,0.0,1.0756689335647096,0.0,0.0,0.0,1.139910057147724,0.0,0.0,0.0,0.0,0.0,1.63887114576891,0.0,1.05e-08
8330.0,1.0508185597600974,0.0,0.708323975,0.0,0.0,0.0,1.0508185597600974,0.0,0.0,0.0,1.1398945296348988,0.0,0.0,0.0,0.0,0.0,1.6782952104736775,0.0,1.05e-08
8331.0,1.0088095435344289,0.0,0.701643081,0.0,0.0,0.0,1.0088095435344289,0.0,0.0,0.0,1.1398790023335845,0.0,0.0,0.0,0.0,0.0,1.6945632939392028,0.0,1.05e-08
8332.0,0.9580723822309838,0.0,0.687385265,0.0,0.0,0.0,0.9580723822309838,0.0,0.0,0.0,1.1398634752437784,0.0,0.0,0.0,0.0,0.0,1.6903662678475944,0.0,1.05e-08
8333.0,0.9141147369521316,0.0,0.667389035,0.0,0.0,0.0,0.9141147369521316,0.0,0.0,0.0,1.1398479483654775,0.0,0.0,0.0,0.0,0.0,1.6572800905652214,0.0,1.05e-08
8334.0,0.8800758276890454,0.0,0.64882922,0.0,0.0,0.0,0.8800758276890455,0.0,0.0,0.0,1.1398324216986795,0.0,0.0,0.0,0.0,0.0,1.6198095656185005,0.0,1.05e-08
8335.0,0.8580177750771272,0.0,0.634948929,0.0,0.0,0.0,0.8580177750771272,0.0,0.0,0.0,1.139816895243381,0.0,0.0,0.0,0.0,0.0,1.5883880034779296,0.0,1.05e-08
8336.0,0.8488228155668295,0.0,0.625149756,0.0,0.0,0.0,0.8488228155668295,0.0,0.0,0.0,1.139801368999579,0.0,0.0,0.0,0.0,0.0,1.5598275588016008,0.0,1.05e-08
8337.0,0.853833575989302,0.0,0.622908266,0.0,0.0,0.0,0.853833575989302,0.0,0.0,0.0,1.1397858429672707,0.0,0.0,0.0,0.0,0.0,1.5461805225494962,0.0,1.05e-08
8338.0,0.8788445510895062,0.0,0.621233004,0.0,0.0,0.0,0.8788445510895062,0.0,0.0,0.0,1.1397703171464537,0.0,0.0,0.0,0.0,0.0,1.5147149013349213,0.0,1.05e-08
8339.0,0.9392220728296911,0.0,0.616534905,0.0,0.0,0.0,0.9392220728296911,0.0,0.0,0.0,1.1397547915371244,0.0,0.0,0.0,0.0,0.0,1.436235992196658,0.0,1.05e-08
8340.0,1.0015032552602938,0.0,0.613496306,0.0,0.0,0.0,1.0015032552602938,0.0,0.0,0.0,1.1397392661392807,0.0,0.0,0.0,0.0,0.0,1.3622473387982423,0.0,1.05e-08
8341.0,1.029691994662613,0.0,0.608458784,0.0,0.0,0.0,1.029691994662613,0.0,0.0,0.0,1.1397237409529193,0.0,0.0,0.0,0.0,0.0,1.3146494432141693,0.0,1.05e-08
8342.0,1.0443452568724332,0.047998958,0.566061162,0.0,0.0,0.09421403932211014,0.9501312175503231,0.0,0.0,0.0,1.1397082159780372,0.0,0.0,0.0,0.0,0.0,1.2308556846771943,0.0,1.05e-08
8343.0,1.047544434680627,0.39818732,0.448021747,0.0,0.0,0.781576046380958,0.26596838829966907,0.0,0.0,0.0,1.1396926912146317,0.0,0.0,0.0,0.0,0.0,1.4602223976353863,0.0,1.05e-08
8344.0,1.041214602283692,0.471676708,0.366471271,0.0,0.0,0.9258235963129754,0.11539100597071655,0.0,0.0,0.0,1.1396771666626997,0.0,0.0,0.0,0.0,0.0,1.2965925317616798,0.0,1.05e-08
8345.0,1.0292230388794843,0.481274262,0.33431486,0.0,0.0,0.9446620121375872,0.0845610267418971,0.0,0.0,0.0,1.1396616423222385,0.0,0.0,0.0,0.0,0.0,1.2035265154308448,0.0,1.05e-08
8346.0,1.0195077311714684,0.466914321,0.325662302,0.0,0.0,0.9164758159698041,0.10303191520166431,0.0,0.0,0.0,1.1396461181932453,0.0,0.0,0.0,0.0,0.0,1.1517180356724823,0.0,1.05e-08
8347.0,1.0105526029292549,0.460440023,0.324990998,0.0,0.0,0.9037678366350222,0.10678476629423267,0.0,0.0,0.0,1.1396305942757172,0.0,0.0,0.0,0.0,0.0,1.1453787057156157,0.0,1.05e-08
8348.0,1.0041007135476696,0.466204325,0.33374251,0.0,0.0,0.9150822109031577,0.08901850264451185,0.0,0.0,0.0,1.1396150705696513,0.0,0.0,0.0,0.0,1.1102230246251565e-16,1.1968638222526276,0.0,1.05e-08
8349.0,1.0113684575108626,0.460723337,0.385082448,0.0,0.0,0.9043239352973413,0.10704452221352125,0.0,0.0,0.0,1.1395995470750446,0.0,0.0,0.0,0.0,0.0,1.3766463432723346,0.0,1.05e-08
8350.0,1.0344757719206488,0.351073237,0.462551876,0.0,0.0,0.6890988707642047,0.3453769011564441,0.0,0.0,0.0,1.1395840237918944,0.0,0.0,0.0,0.0,0.0,1.4367972716704258,0.0,1.05e-08
8351.0,1.0509149205374526,0.064800708,0.521883434,0.0,0.0,0.12719310389222568,0.9237218166452269,0.0,0.0,0.0,1.1395685007201974,0.0,0.0,0.0,0.0,0.0,1.0870519485464558,0.0,1.05e-08
8352.0,1.05048022636405,0.000607069,0.547185661,0.0,0.0,0.001191576338745397,1.0492886500253047,0.0,0.0,0.0,1.1395529778599511,0.0,0.0,0.0,0.0,0.0,1.0589725059091253,0.0,1.05e-08
8353.0,1.039981184333545,0.0,0.559801336,0.0,0.0,0.0,1.039981184333545,0.0,0.0,0.0,1.1395374552111526,0.0,0.0,0.0,0.0,0.0,1.1168871253588728,0.0,1.05e-08
8354.0,1.0157796397631245,0.0,0.560041961,0.0,0.0,0.0,1.0157796397631245,0.0,0.0,0.0,1.139521932773799,0.0,0.0,0.0,0.0,0.0,1.1420157781793883,0.0,1.05e-08
8355.0,0.9799505613918388,0.0,0.556087546,0.0,0.0,0.0,0.9799505613918388,0.0,0.0,0.0,1.1395064105478874,0.0,0.0,0.0,0.0,0.0,1.1626088221785218,0.0,1.05e-08
8356.0,0.9364854267528023,0.0,0.549839983,0.0,0.0,0.0,0.9364854267528023,0.0,0.0,0.0,1.139490888533415,0.0,0.0,0.0,0.0,0.0,1.1820026126085716,0.0,1.05e-08
8357.0,0.894979627919989,0.0,0.547510608,0.0,0.0,0.0,0.894979627919989,0.0,0.0,0.0,1.1394753667303787,0.0,0.0,0.0,0.0,0.0,1.2145335219657905,0.0,1.05e-08
8358.0,0.8622662146831893,0.0,0.544537451,0.0,0.0,0.0,0.8622662146831893,0.0,0.0,0.0,1.1394598451387756,0.0,0.0,0.0,0.0,0.0,1.2357916068554635,0.0,1.05e-08
8359.0,0.8403045228486264,0.0,0.539398528,0.0,0.0,0.0,0.8403045228486264,0.0,0.0,0.0,1.139444323758603,0.0,0.0,0.0,0.0,0.0,1.2379534528306926,0.0,1.05e-08
8360.0,0.8272658389971587,0.0,0.533077323,0.0,0.0,0.0,0.8272658389971587,0.0,0.0,0.0,1.1394288025898582,0.0,0.0,0.0,0.0,0.0,1.226637055929782,0.0,1.05e-08
8361.0,0.8253728850597801,0.0,0.535573085,0.0,0.0,0.0,0.8253728850597801,0.0,0.0,0.0,1.1394132816325377,0.0,0.0,0.0,0.0,0.0,1.238145974710686,0.0,1.05e-08
8362.0,0.8353687096974303,0.0,0.536669802,0.0,0.0,0.0,0.8353687096974303,0.0,0.0,0.0,1.1393977608866395,0.0,0.0,0.0,0.0,0.0,1.2323757100884924,0.0,1.05e-08
8363.0,0.8585702435339639,0.0,0.537506042,0.0,0.0,0.0,0.8585702435339639,0.0,0.0,0.0,1.1393822403521598,0.0,0.0,0.0,0.0,0.0,1.2123961399010366,0.0,1.05e-08
8364.0,0.8933907457689315,0.0,0.542879491,0.0,0.0,0.0,0.8933907457689315,0.0,0.0,0.0,1.1393667200290964,0.0,0.0,0.0,0.0,0.0,1.1982790928322573,0.0,1.05e-08
8365.0,0.9296416702099725,0.0,0.539544243,0.0,0.0,0.0,0.9296416702099725,0.0,0.0,0.0,1.1393511999174464,0.0,0.0,0.0,0.0,0.0,1.1491777333287234,0.0,1.05e-08
8366.0,0.9591045132239887,0.045498805,0.478802009,0.0,0.0,0.08930665126895092,0.8697978619550377,0.0,0.0,0.0,1.1393356800172063,0.0,0.0,0.0,0.0,0.0,0.9749867311084623,0.0,1.05e-08
8367.0,0.9684279537707601,0.304345884,0.374789654,0.0,0.0,0.5973807823640332,0.37104717140672694,0.0,0.0,0.0,1.1393201603283738,0.0,0.0,0.0,0.0,0.0,1.07298640895112,0.0,1.05e-08
8368.0,0.9626077628185037,0.45490617,0.308419115,0.0,0.0,0.8929057957518686,0.06970196706663513,0.0,0.0,0.0,1.1393046408509457,0.0,0.0,0.0,0.0,0.0,1.1186114085321708,0.0,1.05e-08
8369.0,0.9474491418652207,0.49822842,0.301666098,0.0,0.0,0.9779402284789767,0.0,0.0,0.03049108661375598,0.0,1.1392891215849197,0.0,0.0,0.0,0.0,0.0,1.162294558876807,0.0,1.0441948338491713e-08
8370.0,0.9290313852867226,0.478575685,0.328877428,0.0,0.0,0.9393651504933875,0.0,0.0,0.01033376520666504,0.0,1.1667155804826725,0.0,0.0,0.0,0.0,1.1102230246251565e-16,1.2671375657923578,0.0,1.044209057751693e-08
8371.0,0.9130526270506161,0.467218042,0.357690408,0.0,0.0,0.9170719702079221,0.0,0.0,0.00401934315730603,0.0,1.1760000765190486,0.0,0.0,0.0,0.0,1.1102230246251565e-16,1.3781515978664103,0.0,1.0442232818479713e-08
8372.0,0.9053073619018628,0.471018715,0.384329728,0.0,0.0,0.9245320645598137,0.0,0.0,0.019224702657950926,0.0,1.1796014662403818,0.0,0.0,0.0,0.0,0.0,1.4807906974982756,0.0,1.0442375061380088e-08
8373.0,0.9120975846794953,0.468789439,0.429510567,0.0,0.0,0.9201563633888874,0.0,0.0,0.00805877870939209,0.0,1.196887630455245,0.0,0.0,0.0,0.0,1.1102230246251565e-16,1.654868738363143,0.0,1.0442517306218077e-08
8374.0,0.9377702371175388,0.383470207,0.4862886,0.0,0.0,0.7526887804763536,0.1850814566411853,0.0,0.0,0.0,1.204124227649462,0.0,0.0,0.0,0.0,0.0,1.688548353175296,0.0,1.05e-08
8375.0,0.9647298412709269,0.151913734,0.518964987,0.0,0.0,0.2981816086225159,0.6665482326484109,0.0,0.0,0.0,1.2041078254304702,0.0,0.0,0.0,0.0,0.0,1.332980997307263,0.0,1.05e-08
8376.0,0.9748434401920111,0.001414864,0.536917371,0.0,0.0,0.002777144714921479,0.9720662954770896,0.0,0.0,0.0,1.2040914234349045,0.0,0.0,0.0,0.0,0.0,1.0966319872173746,0.0,1.05e-08
8377.0,0.9748755604511296,0.0,0.544784963,0.0,0.0,0.0,0.9748755604511296,0.0,0.0,0.0,1.204075021662762,0.0,0.0,0.0,0.0,0.0,1.1241359043797732,0.0,1.05e-08
8378.0,0.9599931737262648,0.0,0.540617288,0.0,0.0,0.0,0.9599931737262648,0.0,0.0,0.0,1.2040586201140393,0.0,0.0,0.0,0.0,0.0,1.122960583567124,0.0,1.05e-08
8379.0,0.9367445301763575,0.0,0.530202629,0.0,0.0,0.0,0.9367445301763575,0.0,0.0,0.0,1.2040422187887336,0.0,0.0,0.0,0.0,0.0,1.1060824062097074,0.0,1.05e-08
8380.0,0.9062260013126494,0.0,0.512103333,0.0,0.0,0.0,0.9062260013126494,0.0,0.0,0.0,1.2040258176868421,0.0,0.0,0.0,0.0,0.0,1.0668658425331166,0.0,1.05e-08
8381.0,0.872311290384821,0.0,0.495509156,0.0,0.0,0.0,0.872311290384821,0.0,0.0,0.0,1.2040094168083613,0.0,0.0,0.0,0.0,0.0,1.0368445601093201,0.0,1.05e-08
8382.0,0.8447778042685173,0.0,0.483158121,0.0,0.0,0.0,0.8447778042685173,0.0,0.0,0.0,1.2039930161532884,0.0,0.0,0.0,0.0,0.0,1.0167905285291639,0.0,1.05e-08
8383.0,0.8249617457430645,0.0,0.47179116,0.0,0.0,0.0,0.8249617457430645,0.0,0.0,0.0,1.20397661572162,0.0,0.0,0.0,0.0,0.0,0.9928106251985884,0.0,1.05e-08
8384.0,0.815439159589759,0.0,0.458453658,0.0,0.0,0.0,0.815439159589759,0.0,0.0,0.0,1.2039602155133537,0.0,0.0,0.0,0.0,0.0,0.9509449177836571,0.0,1.05e-08
8385.0,0.8128481253542069,0.0,0.451786939,0.0,0.0,0.0,0.8128481253542069,0.0,0.0,0.0,1.203943815528486,0.0,0.0,0.0,0.0,0.0,0.9278496343632535,0.0,1.05e-08
8386.0,0.818210067276374,0.0,0.45124636,0.0,0.0,0.0,0.818210067276374,0.0,0.0,0.0,1.2039274157670141,0.0,0.0,0.0,0.0,0.0,0.9204048862042947,0.0,1.05e-08
8387.0,0.8347391526187093,0.0,0.448937406,0.0,0.0,0.0,0.8347391526187093,0.0,0.0,0.0,1.2039110162289348,0.0,0.0,0.0,0.0,0.0,0.894979591812652,0.0,1.05e-08
8388.0,0.8662341373596173,0.0,0.441146525,0.0,0.0,0.0,0.8662341373596173,0.0,0.0,0.0,1.203894616914245,0.0,0.0,0.0,0.0,0.0,0.8334669860822065,0.0,1.05e-08
8389.0,0.8999004516169299,0.0,0.425924465,0.0,0.0,0.0,0.8999004516169299,0.0,0.0,0.0,1.203878217822942,0.0,0.0,0.0,0.0,0.0,0.7411513319415096,0.0,1.05e-08
8390.0,0.9251191377260999,0.019704296,0.366413223,0.0,0.0,0.03867628372596125,0.8864428540001386,0.0,0.0,0.0,1.2038618189550223,0.0,0.0,0.0,0.0,0.0,0.5253170295828489,0.0,1.05e-08
8391.0,0.9293140435669647,0.329283602,0.239682713,0.0,0.0,0.6463294104624951,0.2829846331044696,0.0,0.0,0.0,1.203845420310483,0.0,0.0,0.0,0.0,0.0,0.6404930630095012,0.0,1.05e-08
8392.0,0.9209499280925298,0.493072208,0.160213461,0.0,0.0,0.9678194346042194,0.0,0.0,0.04686950651168958,0.0,1.203829021889321,0.0,0.0,0.0,0.0,0.0,0.6172892320804358,0.0,1.0445220326322124e-08
8393.0,0.9119305593320796,0.51308856,0.150596469,0.0,0.0,1.0071082327988217,0.0,0.0,0.09517767346674219,0.0,1.2459951795520543,0.0,0.0,0.0,0.0,2.220446049250313e-16,0.5802357562392038,0.0,1.0445362609917987e-08
8394.0,0.9024764963982266,0.478244945,0.161845044,0.0,0.0,0.9387159624138174,0.0,0.0,0.03623946601559082,0.0,1.3316381130995847,0.0,0.0,0.0,0.0,0.0,0.6235755866155613,0.0,1.0445504895452021e-08
8395.0,0.8946434358745496,0.454989934,0.173197153,0.0,0.0,0.8930702106708295,0.0015732252037202149,0.0,0.0,0.0,1.3642354933387313,0.0,0.0,0.0,0.0,0.0,0.6657410997386001,0.0,1.05e-08
8396.0,0.8914999331821609,0.460818589,0.180993784,0.0,0.0,0.9045108992658822,0.0,0.0,0.013010966083721313,0.0,1.3642169101321115,0.0,0.0,0.0,0.0,0.0,0.697354100206925,0.0,1.0445789472334708e-08
8397.0,0.9053716024200996,0.472035703,0.235517611,0.0,0.0,0.9265282442981762,0.0,0.0,0.02115664187807654,0.0,1.3759081966539761,0.0,0.0,0.0,0.0,1.1102230246251565e-16,0.9074299021329351,0.0,1.0445931763683412e-08
8398.0,0.9415775584983748,0.40309632,0.309947725,0.0,0.0,0.7912116038660233,0.15036595463235145,0.0,0.0,0.0,1.3949304321355624,0.0,0.0,0.0,0.0,0.0,1.0438370290378416,0.0,1.05e-08
8399.0,0.982434528096996,0.139416711,0.375080574,0.0,0.0,0.2736520132856481,0.708782514811348,0.0,0.0,0.0,1.394911430811695,0.0,0.0,0.0,0.0,0.0,0.7363719562773772,0.0,1.05e-08
8400.0,1.0027281078080095,0.000722158,0.418205345,0.0,0.0,0.00141747706708084,1.0013106307409287,0.0,0.0,0.0,1.394892429746658,0.0,0.0,0.0,0.0,-2.168404344971009e-19,0.6100000210337293,0.0,1.05e-08
8401.0,1.0082078240136108,0.0,0.441527553,0.0,0.0,0.0,1.0082078240136108,0.0,0.0,0.0,1.3948734289404479,0.0,0.0,0.0,0.0,0.0,0.6929613688404401,0.0,1.05e-08
8402.0,0.9897322509686995,0.0,0.451787455,0.0,0.0,0.0,0.9897322509686995,0.0,0.0,0.0,1.3948544283930608,0.0,0.0,0.0,0.0,0.0,0.750967496854141,0.0,1.05e-08
8403.0,0.9547168858284135,0.0,0.449588172,0.0,0.0,0.0,0.9547168858284135,0.0,0.0,0.0,1.3948354281044937,0.0,0.0,0.0,0.0,0.0,0.777509206249623,0.0,1.05e-08
8404.0,0.910707848134972,0.0,0.43530514,0.0,0.0,0.0,0.910707848134972,0.0,0.0,0.0,1.3948164280747426,0.0,0.0,0.0,0.0,0.0,0.7664869013827769,0.0,1.05e-08
8405.0,0.872778104817342,0.0,0.417198086,0.0,0.0,0.0,0.872778104817342,0.0,0.0,0.0,1.3947974283038045,0.0,0.0,0.0,0.0,0.0,0.7346516612268961,0.0,1.05e-08
8406.0,0.8470240810561984,0.0,0.398942772,0.0,0.0,0.0,0.8470240810561984,0.0,0.0,0.0,1.3947784287916754,0.0,0.0,0.0,0.0,0.0,0.6900694679803612,0.0,1.05e-08
8407.0,0.833349416074186,0.0,0.384200004,0.0,0.0,0.0,0.833349416074186,0.0,0.0,0.0,1.3947594295383519,0.0,0.0,0.0,0.0,0.0,0.646941465566904,0.0,1.05e-08
8408.0,0.8308204810062629,0.0,0.373067695,0.0,0.0,0.0,0.8308204810062629,0.0,0.0,0.0,1.3947404305438305,0.0,0.0,0.0,0.0,0.0,0.6065785335532456,0.0,1.05e-08
8409.0,0.8424822764168548,0.0,0.366148028,0.0,0.0,0.0,0.8424822764168549,0.0,0.0,0.0,1.3947214318081078,0.0,0.0,0.0,0.0,0.0,0.5682558327354463,0.0,1.05e-08
8410.0,0.8745104574591284,0.0,0.361601296,0.0,0.0,0.0,0.8745104574591284,0.0,0.0,0.0,1.3947024333311802,0.0,0.0,0.0,0.0,0.0,0.5187094688436334,0.0,1.05e-08
8411.0,0.9464555551831577,0.0,0.3544382,0.0,0.0,0.0,0.9464555551831577,0.0,0.0,0.0,1.3946834351130442,0.0,0.0,0.0,0.0,0.0,0.41916555388190346,0.0,1.05e-08
8412.0,1.0130858206983937,0.0,0.34457728,0.0,0.0,0.0,1.0130858206983937,0.0,0.0,0.0,1.394664437153696,0.0,0.0,0.0,0.0,0.0,0.3145419780891585,0.0,1.05e-08
8413.0,1.0371203399213982,0.0,0.331337623,0.0,0.0,0.0,1.0371203399213982,0.0,0.0,0.0,1.3946454394531325,0.0,0.0,0.0,0.0,0.0,0.23949615400121282,0.0,1.05e-08
8414.0,1.033824801335849,0.019076089,0.295984693,0.0,0.0,0.03744321697896177,0.9963815843568873,0.0,0.0,0.0,1.39462644201135,0.0,0.0,0.0,0.0,0.0,0.14402299032197563,0.0,1.05e-08
8415.0,1.02178398686766,0.214349988,0.221735352,0.0,0.0,0.42073367922124133,0.6010503076464185,0.0,0.0,0.0,1.394607444828345,0.0,0.0,0.0,0.0,0.0,0.2532776889328773,0.0,1.05e-08
8416.0,1.0022227490645463,0.335550334,0.152800208,0.0,0.0,0.6586299719677913,0.3435927770967551,0.0,0.0,0.0,1.3945884479041137,0.0,0.0,0.0,0.0,0.0,0.2451338034872001,0.0,1.05e-08
8417.0,0.9804216585255755,0.394847429,0.12182426,0.0,0.0,0.775020391110159,0.20540126741541662,0.0,0.0,0.0,1.394569451238653,0.0,0.0,0.0,0.0,0.0,0.26397754404517193,0.0,1.05e-08
8418.0,0.9647084277648479,0.405919993,0.131854815,0.0,0.0,0.7967540083293615,0.16795441943548645,0.0,0.0,0.0,1.3945504548319592,0.0,0.0,0.0,0.0,0.0,0.3400712919462678,0.0,1.05e-08
8419.0,0.9533464214393612,0.403988271,0.143767161,0.0,0.0,0.7929623565925178,0.1603840648468434,0.0,0.0,0.0,1.3945314586840287,0.0,0.0,0.0,0.0,1.1102230246251565e-16,0.39353893174876964,0.0,1.05e-08
8420.0,0.9511601024687013,0.405592253,0.152273811,0.0,0.0,0.7961107087550785,0.1550493937136228,0.0,0.0,0.0,1.3945124627948582,0.0,0.0,0.0,0.0,0.0,0.43164902270814987,0.0,1.05e-08
8421.0,0.9645521091704716,0.393360384,0.206919909,0.0,0.0,0.7721015669951907,0.19245054217528101,0.0,0.0,0.0,1.3944934671644438,0.0,0.0,0.0,0.0,0.0,0.604794776236283,0.0,1.05e-08
8422.0,1.0033298273288276,0.326874495,0.298572395,0.0,0.0,0.6416007306934641,0.3617290966353635,0.0,0.0,0.0,1.3944744717927822,0.0,0.0,0.0,0.0,-1.1102230246251565e-16,0.7886456801130557,0.0,1.05e-08
8423.0,1.0460840335660433,0.129045316,0.365437682,0.0,0.0,0.25329467518770155,0.7927893583783417,0.0,0.0,0.0,1.3944554766798698,0.0,0.0,0.0,0.0,0.0,0.6152118463084136,0.0,1.05e-08
8424.0,1.0677288055106378,0.001420407,0.409713515,0.0,0.0,0.0027880247098572538,1.0649407808007805,0.0,0.0,0.0,1.3944364818257031,0.0,0.0,0.0,0.0,0.0,0.5136515513836302,0.0,1.05e-08
8425.0,1.0711356943277976,0.0,0.438258214,0.0,0.0,0.0,1.0711356943277976,0.0,0.0,0.0,1.3944174872302788,0.0,0.0,0.0,0.0,0.0,0.6174370053968736,0.0,1.05e-08
8426.0,1.051229699076813,0.0,0.458684601,0.0,0.0,0.0,1.051229699076813,0.0,0.0,0.0,1.394398492893593,0.0,0.0,0.0,0.0,0.0,0.7160441826004023,0.0,1.05e-08
8427.0,1.011135050294602,0.0,0.479923029,0.0,0.0,0.0,1.011135050294602,0.0,0.0,0.0,1.3943794988156424,0.0,0.0,0.0,0.0,0.0,0.8379687402359999,0.0,1.05e-08
8428.0,0.9638497461710823,0.0,0.496339382,0.0,0.0,0.0,0.9638497461710823,0.0,0.0,0.0,1.3943605049964234,0.0,0.0,0.0,0.0,0.0,0.9485048965268749,0.0,1.05e-08
8429.0,0.9235559517823372,0.0,0.50517475,0.0,0.0,0.0,0.9235559517823372,0.0,0.0,0.0,1.3943415114359323,0.0,0.0,0.0,0.0,0.0,1.0228406340446563,0.0,1.05e-08
8430.0,0.8959410943429336,0.0,0.503331763,0.0,0.0,0.0,0.8959410943429336,0.0,0.0,0.0,1.394322518134166,0.0,0.0,0.0,0.0,0.0,1.0433546147982726,0.0,1.05e-08
8431.0,0.8805790450819005,0.0,0.491840004,0.0,0.0,0.0,0.8805790450819005,0.0,0.0,0.0,1.3943035250911209,0.0,0.0,0.0,0.0,0.0,1.0144398658172187,0.0,1.05e-08
8432.0,0.878546903355009,0.0,0.475119688,0.0,0.0,0.0,0.878546903355009,0.0,0.0,0.0,1.3942845323067932,0.0,0.0,0.0,0.0,0.0,0.9520500110441893,0.0,1.05e-08
8433.0,0.8879024641608987,0.0,0.452060493,0.0,0.0,0.0,0.8879024641608987,0.0,0.0,0.0,1.3942655397811794,0.0,0.0,0.0,0.0,0.0,0.8538492765238198,0.0,1.05e-08
8434.0,0.9210998226350825,0.0,0.431591109,0.0,0.0,0.0,0.9210998226350825,0.0,0.0,0.0,1.3942465475142765,0.0,0.0,0.0,0.0,0.0,0.7417850722075156,0.0,1.05e-08
8435.0,0.9936980322945196,0.0,0.421150744,0.0,0.0,0.0,0.9936980322945196,0.0,0.0,0.0,1.3942275555060801,0.0,0.0,0.0,0.0,0.0,0.6289609985459929,0.0,1.05e-08
8436.0,1.0587115781007954,0.0,0.419073313,0.0,0.0,0.0,1.0587115781007954,0.0,0.0,0.0,1.3942085637565873,0.0,0.0,0.0,0.0,0.0,0.5559432826863024,0.0,1.05e-08
8437.0,1.0769194823197197,0.0,0.419145126,0.0,0.0,0.0,1.0769194823197197,0.0,0.0,0.0,1.3941895722657944,0.0,0.0,0.0,0.0,0.0,0.5380120680248393,0.0,1.05e-08
8438.0,1.0643176339922624,0.02486208,0.374145581,0.0,0.0,0.04880016317748915,1.0155174708147734,0.0,0.0,0.0,1.394170581033698,0.0,0.0,0.0,0.0,0.0,0.42603454947257635,0.0,1.05e-08
8439.0,1.0378976501920638,0.309257094,0.269365096,0.0,0.0,0.6070206777146602,0.4308769724774037,0.0,0.0,0.0,1.3941515900602945,0.0,0.0,0.0,0.0,1.1102230246251565e-16,0.6069644936595329,0.0,1.05e-08
8440.0,1.010021547978497,0.4868645,0.213221045,0.0,0.0,0.955634727477615,0.05438682050088208,0.0,0.0,0.0,1.39413259934558,0.0,0.0,0.0,0.0,0.0,0.7671362544636995,0.0,1.05e-08
8441.0,0.9843189166319429,0.528303679,0.220499007,0.0,0.0,1.036973002358123,0.0,0.0,0.052654085726180175,0.0,1.3941136088895516,0.0,0.0,0.0,0.0,0.0,0.849564461412694,0.0,1.0452194502294845e-08
8442.0,0.9686442301821574,0.505752077,0.237800441,0.0,0.0,0.9927079264870058,0.0,0.0,0.02406369630484839,0.0,1.4414832958457675,0.0,0.0,0.0,0.0,0.0,0.9162254575680068,0.0,1.0452336880892133e-08
8443.0,0.9562051245009,0.491929233,0.242099528,0.0,0.0,0.9655759631606479,0.0,0.0,0.009370838659747803,0.0,1.46312098706712,0.0,0.0,0.0,0.0,0.0,0.9327894846872823,0.0,1.045247926142889e-08
8444.0,0.9530594804579035,0.510659031,0.255935021,0.0,0.0,1.002339468011465,0.0,0.0,0.049279987553561645,0.0,1.4715348116657436,0.0,0.0,0.0,0.0,2.220446049250313e-16,0.9860964964459523,0.0,1.0452621643905135e-08
8445.0,0.9680896203747128,0.533455499,0.321192931,0.0,0.0,1.0470851754611399,0.0,0.0,0.07899555508642712,0.0,1.5158667556582053,0.0,0.0,0.0,0.0,0.0,1.2375298335678202,0.0,1.04527640283209e-08
8446.0,1.0105440375268233,0.476339512,0.396221022,0.0,0.0,0.9349759116488061,0.07556812587801721,0.0,0.0,0.0,1.5869421065538043,0.0,0.0,0.0,0.0,0.0,1.4510387452169495,0.0,1.05e-08
8447.0,1.0537286552362255,0.175985353,0.476005261,0.0,0.0,0.34543022720737887,0.7082984280288467,0.0,0.0,0.0,1.5869204897045115,0.0,0.0,0.0,0.0,0.0,1.1257105259936713,0.0,1.05e-08
8448.0,1.0751228891596964,0.0014452,0.542210913,0.0,0.0,0.0028366892803863277,1.07228619987931,0.0,0.0,0.0,1.586898873149677,0.0,0.0,0.0,0.0,0.0,1.0168076629104217,0.0,1.05e-08
8449.0,1.0820287448701553,0.0,0.581410559,0.0,0.0,0.0,1.0820287448701553,0.0,0.0,0.0,1.5868772568892966,0.0,0.0,0.0,0.0,0.0,1.1580981161840913,0.0,1.05e-08
8450.0,1.0641998597088282,0.0,0.60428893,0.0,0.0,0.0,1.0641998597088282,0.0,0.0,0.0,1.5868556409233665,0.0,0.0,0.0,0.0,0.0,1.2640754751234191,0.0,1.05e-08
8451.0,1.0253172153706853,0.0,0.614332176,0.0,0.0,0.0,1.0253172153706853,0.0,0.0,0.0,1.5868340252518827,0.0,0.0,0.0,0.0,0.0,1.3416539167574897,0.0,1.05e-08
8452.0,0.9765136936661686,0.0,0.612224545,0.0,0.0,0.0,0.9765136936661686,0.0,0.0,0.0,1.5868124098748408,0.0,0.0,0.0,0.0,0.0,1.3823369103030214,0.0,1.05e-08
8453.0,0.9353055425678526,0.0,0.606983194,0.0,0.0,0.0,0.9353055425678526,0.0,0.0,0.0,1.5867907947922373,0.0,0.0,0.0,0.0,0.0,1.4033505689182495,0.0,1.05e-08
8454.0,0.9059604738372705,0.0,0.59548591,0.0,0.0,0.0,0.9059604738372705,0.0,0.0,0.0,1.586769180004068,0.0,0.0,0.0,0.0,0.0,1.388397552038093,0.0,1.05e-08
8455.0,0.8879731287309592,0.0,0.578919496,0.0,0.0,0.0,0.8879731287309592,0.0,0.0,0.0,1.5867475655103287,0.0,0.0,0.0,0.0,0.0,1.3425558723386386,0.0,1.05e-08
8456.0,0.8812043194594056,0.0,0.562699019,0.0,0.0,0.0,0.8812043194594057,0.0,0.0,0.0,1.5867259513110157,0.0,0.0,0.0,0.0,0.0,1.286828523492065,0.0,1.05e-08
8457.0,0.887249352225491,0.0,0.549333471,0.0,0.0,0.0,0.887249352225491,0.0,0.0,0.0,1.5867043374061247,0.0,0.0,0.0,0.0,0.0,1.2292871382362585,0.0,1.05e-08
8458.0,0.9182047166132096,0.0,0.541667722,0.0,0.0,0.0,0.9182047166132096,0.0,0.0,0.0,1.5866827237956518,0.0,0.0,0.0,0.0,0.0,1.168796276119474,0.0,1.05e-08
8459.0,0.9844987900830061,0.0,0.538742534,0.0,0.0,0.0,0.9844987900830061,0.0,0.0,0.0,1.5866611104795934,0.0,0.0,0.0,0.0,0.0,1.0912316948974548,0.0,1.05e-08
8460.0,1.0437435373516148,0.0,0.539647526,0.0,0.0,0.0,1.0437435373516148,0.0,0.0,0.0,1.5866394974579445,0.0,0.0,0.0,0.0,0.0,1.0354738070552139,0.0,1.05e-08
8461.0,1.0621099015155235,0.0,0.532949325,0.0,0.0,0.0,1.0621099015155235,0.0,0.0,0.0,1.5866178847307022,0.0,0.0,0.0,0.0,0.0,0.991299827689669,0.0,1.05e-08
8462.0,1.0543046785497492,0.033055092,0.488023689,0.0,0.0,0.06488169467103783,0.9894229838787113,0.0,0.0,0.0,1.5865962722978617,0.0,0.0,0.0,0.0,0.0,0.8908919805416095,0.0,1.05e-08
8463.0,1.0344886200242962,0.3894562,0.407649145,0.0,0.0,0.7644382976197023,0.27005032240459387,0.0,0.0,0.0,1.5865746601594195,0.0,0.0,0.0,0.0,0.0,1.3005881626806028,0.0,1.05e-08
8464.0,1.0106361156029626,0.543902012,0.392711038,0.0,0.0,1.0675899578058095,0.0,0.0,0.0569538422028468,0.0,1.5865530483153711,0.0,0.0,0.0,0.0,0.0,1.5130831926571444,0.0,1.0455469700763947e-08
8465.0,0.9872718391202291,0.564322314,0.447024686,0.0,0.0,1.1076716432373426,0.0,0.0,0.1203998041171134,0.0,1.637789894748275,0.0,0.0,0.0,0.0,-2.220446049250313e-16,1.722349192256311,0.0,1.0455612123975613e-08
8466.0,0.9717277750575251,0.530817396,0.486409107,0.0,0.0,1.0419070143065212,0.0,0.0,0.07017923924899609,0.0,1.7461274089710679,0.0,0.0,0.0,0.0,0.0,1.8740941133339637,0.0,1.0455754549127357e-08
8467.0,0.9629525202663747,0.514171091,0.5073081,0.0,0.0,1.0092330626378654,0.0,0.0,0.046280542371490846,0.0,1.8092649390714375,0.0,0.0,0.0,0.0,0.0,1.9546162071686661,0.0,1.0455896976219196e-08
8468.0,0.9616741339534618,0.535425886,0.53776492,0.0,0.0,1.0509527202169608,0.0,0.0,0.08927858626349902,0.0,1.8508927819415588,0.0,0.0,0.0,0.0,0.0,2.071963818986452,0.0,1.0456039405251163e-08
8469.0,0.9760104762733135,0.566270221,0.606956218,0.0,0.0,1.111495063460211,0.0,0.0,0.13548458718689746,0.0,1.9312182972725003,0.0,0.0,0.0,0.0,0.0,2.338552175186239,0.0,1.045618183622328e-08
8470.0,1.016582646241085,0.481636557,0.669871091,0.0,0.0,0.945373137478604,0.07120950876248096,0.0,0.0,0.0,2.053128119264428,0.0,0.0,0.0,0.0,1.1102230246251565e-16,2.5097484755124717,0.0,1.05e-08
8471.0,1.0486686437497716,0.184086563,0.717990824,0.0,0.0,0.36133156651346693,0.6873370772363047,0.0,0.0,0.0,2.0531001521691263,0.0,0.0,0.0,0.0,0.0,2.0790222637416633,0.0,1.05e-08
8472.0,1.061998551283913,0.001620074,0.731687621,0.0,0.0,0.003179938104921533,1.0588186131789914,0.0,0.0,0.0,2.0530721854547833,0.0,0.0,0.0,0.0,0.0,1.7603133553255212,0.0,1.05e-08
8473.0,1.0618722115980472,0.0,0.732620263,0.0,0.0,0.0,1.0618722115980472,0.0,0.0,0.0,2.053044219121395,0.0,0.0,0.0,0.0,0.0,1.760853149499027,0.0,1.05e-08
8474.0,1.039651416339929,0.0,0.732480692,0.0,0.0,0.0,1.039651416339929,0.0,0.0,0.0,2.0530162531689555,0.0,0.0,0.0,0.0,0.0,1.7825361892222917,0.0,1.05e-08
8475.0,0.9965438872524109,0.0,0.725649942,0.0,0.0,0.0,0.9965438872524109,0.0,0.0,0.0,2.05298828759746,0.0,0.0,0.0,0.0,0.0,1.7993254027593242,0.0,1.05e-08
8476.0,0.9440037087371188,0.0,0.713608401,0.0,0.0,0.0,0.9440037087371188,0.0,0.0,0.0,2.0529603224069026,0.0,0.0,0.0,0.0,0.0,1.805470518396878,0.0,1.05e-08
8477.0,0.8985792382918592,0.0,0.697450138,0.0,0.0,0.0,0.8985792382918592,0.0,0.0,0.0,2.052932357597279,0.0,0.0,0.0,0.0,0.0,1.7886385361273203,0.0,1.05e-08
8478.0,0.8654075760249701,0.0,0.680023397,0.0,0.0,0.0,0.8654075760249701,0.0,0.0,0.0,2.0529043931685838,0.0,0.0,0.0,0.0,0.0,1.75466640471788,0.0,1.05e-08
8479.0,0.843388067723994,0.0,0.669214877,0.0,0.0,0.0,0.843388067723994,0.0,0.0,0.0,2.0528764291208113,0.0,0.0,0.0,0.0,0.0,1.7350415782102724,0.0,1.05e-08
8480.0,0.8344307981311726,0.0,0.661132075,0.0,0.0,0.0,0.8344307981311726,0.0,0.0,0.0,2.0528484654539567,0.0,0.0,0.0,0.0,0.0,1.7128564793123573,0.0,1.05e-08
8481.0,0.8378569591038033,0.0,0.649618744,0.0,0.0,0.0,0.8378569591038033,0.0,0.0,0.0,2.052820502168015,0.0,0.0,0.0,0.0,0.0,1.665070404963422,0.0,1.05e-08
8482.0,0.8659814579878857,0.0,0.639925659,0.0,0.0,0.0,0.8659814579878857,0.0,0.0,0.0,2.0527925392629807,0.0,0.0,0.0,0.0,0.0,1.599599250194162,0.0,1.05e-08
8483.0,0.9265581253346048,0.0,0.628967284,0.0,0.0,0.0,0.9265581253346049,0.0,0.0,0.0,2.0527645767388485,0.0,0.0,0.0,0.0,0.0,1.4968008691014334,0.0,1.05e-08
8484.0,0.9868328622456107,0.0,0.61765387,0.0,0.0,0.0,0.9868328622456107,0.0,0.0,0.0,2.0527366145956134,0.0,0.0,0.0,0.0,0.0,1.3929364825025776,0.0,1.05e-08
8485.0,1.0159466651105402,0.0,0.607139601,0.0,0.0,0.0,1.0159466651105402,0.0,0.0,0.0,2.0527086528332705,0.0,0.0,0.0,0.0,0.0,1.3233120696278113,0.0,1.05e-08
8486.0,1.0272722684756928,0.050834256,0.544861499,0.0,0.0,0.09977926174343646,0.9274930067322563,0.0,0.0,0.0,2.052680691451814,0.0,0.0,0.0,0.0,0.0,1.1718133449850017,0.0,1.05e-08
8487.0,1.0288697160291818,0.453449816,0.475998461,0.0,0.0,0.8900472130088242,0.13882250302035753,0.0,0.0,0.0,2.0526527304512396,0.0,0.0,0.0,0.0,1.1102230246251565e-16,1.6951602511638197,0.0,1.05e-08
8488.0,1.0207432904722233,0.578420914,0.494449479,0.0,0.0,1.1353448701183655,0.0,0.0,0.1146015796461421,0.0,2.0526247698315414,0.0,0.0,0.0,0.0,0.0,1.9050730025392912,0.0,1.0458888393357551e-08
8489.0,1.0104669489049392,0.553617734,0.504736833,0.0,0.0,1.0866603179280165,0.0,0.0,0.07619336902307727,0.0,2.155738231274242,0.0,0.0,0.0,0.0,0.0,1.9447093277966279,0.0,1.0459030863138259e-08
8490.0,1.0023812090095305,0.515944598,0.507614894,0.0,0.0,1.0127141644200341,0.0,0.0,0.01033295541050354,0.0,2.224282898575547,0.0,0.0,0.0,0.0,0.0,1.9557982591103995,0.0,1.0459173334859674e-08
8491.0,0.9956209651404085,0.499798983,0.520873162,0.0,0.0,0.9810229846554722,0.014597980484936402,0.0,0.0,0.0,2.2335522599306405,0.0,0.0,0.0,0.0,0.0,1.9922832901361913,0.0,1.05e-08
8492.0,0.9914924411683885,0.51526397,0.535026197,0.0,0.0,1.01137820389448,0.0,0.0,0.01988576272609143,0.0,2.2335218351518216,0.0,0.0,0.0,0.0,0.0,2.0614117454777787,0.0,1.0459458284124732e-08
8493.0,1.003062158502841,0.533233466,0.54994598,0.0,0.0,1.046649361296324,0.0,0.0,0.043587202793483035,0.0,2.2513885972409224,0.0,0.0,0.0,0.0,0.0,2.1188964370473387,0.0,1.0459600761668425e-08
8494.0,1.0298461719063816,0.424431252,0.581445195,0.0,0.0,0.8330885571611873,0.1967576147451942,0.0,0.0,0.0,2.290586412015002,0.0,0.0,0.0,0.0,1.1102230246251565e-16,2.0435026959562226,0.0,1.05e-08
8495.0,1.0496151207184607,0.117907958,0.603878523,0.0,0.0,0.23143387803130455,0.8181812426871561,0.0,0.0,0.0,2.290555210334073,0.0,0.0,0.0,0.0,0.0,1.5085128278724818,0.0,1.05e-08
8496.0,1.0580349113087009,0.000795537,0.604095142,0.0,0.0,0.001561507943572307,1.0564734033651286,0.0,0.0,0.0,2.2905240090781644,0.0,0.0,0.0,0.0,0.0,1.271055282309428,0.0,1.05e-08
8497.0,1.05517834959777,0.0,0.598695813,0.0,0.0,0.0,1.05517834959777,0.0,0.0,0.0,2.29049280824727,0.0,0.0,0.0,0.0,0.0,1.2515471674082086,0.0,1.05e-08
8498.0,1.0307819421220312,0.0,0.588163664,0.0,0.0,0.0,1.0307819421220312,0.0,0.0,0.0,2.290461607841384,0.0,0.0,0.0,0.0,0.0,1.2353640747109456,0.0,1.05e-08
8499.0,0.989661586398639,0.0,0.583579288,0.0,0.0,0.0,0.989661586398639,0.0,0.0,0.0,2.2904304078605007,0.0,0.0,0.0,0.0,0.0,1.2588212083620807,0.0,1.05e-08
8500.0,0.9406375055815092,0.0,0.582525887,0.0,0.0,0.0,0.9406375055815092,0.0,0.0,0.0,2.290399208304614,0.0,0.0,0.0,0.0,0.0,1.3037866221339813,0.0,1.05e-08
8501.0,0.8937976023844314,0.0,0.581356211,0.0,0.0,0.0,0.8937976023844314,0.0,0.0,0.0,2.290368009173718,0.0,0.0,0.0,0.0,0.0,1.3461198603147975,0.0,1.05e-08
8502.0,0.8573668044923274,0.0,0.583289733,0.0,0.0,0.0,0.8573668044923274,0.0,0.0,0.0,2.2903368104678075,0.0,0.0,0.0,0.0,0.0,1.3900003587697687,0.0,1.05e-08
8503.0,0.8349704184843619,0.0,0.583831177,0.0,0.0,0.0,0.8349704184843619,0.0,0.0,0.0,2.2903056121868763,0.0,0.0,0.0,0.0,0.0,1.4144828837880796,0.0,1.05e-08
8504.0,0.8251480432459513,0.0,0.581491446,0.0,0.0,0.0,0.8251480432459513,0.0,0.0,0.0,2.290274414330919,0.0,0.0,0.0,0.0,0.0,1.415290468738271,0.0,1.05e-08
8505.0,0.8271309339088613,0.0,0.577137564,0.0,0.0,0.0,0.8271309339088613,0.0,0.0,0.0,2.2902432168999294,0.0,0.0,0.0,0.0,0.0,1.3965324303469888,0.0,1.05e-08
8506.0,0.8527115082707654,0.0,0.572819115,0.0,0.0,0.0,0.8527115082707654,0.0,0.0,0.0,2.290212019893902,0.0,0.0,0.0,0.0,0.0,1.354313228679053,0.0,1.05e-08
8507.0,0.9071553474764754,0.0,0.565523943,0.0,0.0,0.0,0.9071553474764754,0.0,0.0,0.0,2.2901808233128307,0.0,0.0,0.0,0.0,0.0,1.2717616943167243,0.0,1.05e-08
8508.0,0.9687256015052574,0.0,0.558436364,0.0,0.0,0.0,0.9687256015052574,0.0,0.0,0.0,2.29014962715671,0.0,0.0,0.0,0.0,0.0,1.1828835838137637,0.0,1.05e-08
8509.0,1.0066317899662005,0.0,0.540876923,0.0,0.0,0.0,1.0066317899662005,0.0,0.0,0.0,2.2901184314255336,0.0,0.0,0.0,0.0,0.0,1.0773223195371142,0.0,1.05e-08
8510.0,1.025060253297738,0.046212194,0.489225398,0.0,0.0,0.09070691623507705,0.934353337062661,0.0,0.0,0.0,2.2900872361192963,0.0,0.0,0.0,0.0,1.3877787807814457e-17,0.9505917128770917,0.0,1.05e-08
8511.0,1.0295549482237079,0.245291508,0.415135791,0.0,0.0,0.4814667805932723,0.5480881676304357,0.0,0.0,0.0,2.290056041237992,0.0,0.0,0.0,0.0,0.0,1.0513957461181993,0.0,1.05e-08
8512.0,1.0213150310845311,0.353786365,0.356128842,0.0,0.0,0.6944242936218825,0.3268907374626486,0.0,0.0,0.0,2.2900248467816153,0.0,0.0,0.0,0.0,0.0,1.0452442755864415,0.0,1.05e-08
8513.0,1.005873751851006,0.392528278,0.379916368,0.0,0.0,0.7704682801350017,0.23540547171600415,0.0,0.0,0.0,2.2899936527501596,0.0,0.0,0.0,0.0,0.0,1.228380914232604,0.0,1.05e-08
8514.0,0.9910962913059281,0.402808872,0.438401028,0.0,0.0,0.7906473908434185,0.20044890046250965,0.0,0.0,0.0,2.28996245914362,0.0,0.0,0.0,0.0,0.0,1.4886740498081525,0.0,1.05e-08
8515.0,0.9789591160603838,0.408093162,0.470415217,0.0,0.0,0.8010195807115701,0.1779395353488137,0.0,0.0,0.0,2.2899312659619904,0.0,0.0,0.0,0.0,0.0,1.6345314408626146,0.0,1.05e-08
8516.0,0.9709932917990174,0.42012197,0.483779689,0.0,0.0,0.8246301472140786,0.1463631445849387,0.0,0.0,0.0,2.289900073205265,0.0,0.0,0.0,0.0,1.1102230246251565e-16,1.7176000383770853,0.0,1.05e-08
8517.0,0.9775693795158604,0.425042511,0.484486685,0.0,0.0,0.8342883577789841,0.14328102173687635,0.0,0.0,0.0,2.2898688808734375,0.0,0.0,0.0,0.0,0.0,1.7234061584173932,0.0,1.05e-08
8518.0,1.003081430658312,0.35267566,0.540573426,0.0,0.0,0.6922441628668511,0.3108372677914609,0.0,0.0,0.0,2.289837688966503,0.0,0.0,0.0,0.0,0.0,1.7719474928387982,0.0,1.05e-08
8519.0,1.0246020042676487,0.126757168,0.600506474,0.0,0.0,0.24880341798901803,0.7757985862786306,0.0,0.0,0.0,2.289806497484455,0.0,0.0,0.0,0.0,0.0,1.537903258005167,0.0,1.05e-08
8520.0,1.0340967528630516,0.001317604,0.630437525,0.0,0.0,0.0025862393735082666,1.0315105134895433,0.0,0.0,0.0,2.2897753064272885,0.0,0.0,0.0,0.0,0.0,1.3975131980819873,0.0,1.05e-08
8521.0,1.0320067946697469,0.0,0.636764376,0.0,0.0,0.0,1.0320067946697469,0.0,0.0,0.0,2.289744115794997,0.0,0.0,0.0,0.0,0.0,1.421393751225819,0.0,1.05e-08
8522.0,1.0151672134892669,0.0,0.626022342,0.0,0.0,0.0,1.0151672134892669,0.0,0.0,0.0,2.289712925587575,0.0,0.0,0.0,0.0,0.0,1.3968451626641698,0.0,1.05e-08
8523.0,0.9856422713076216,0.0,0.603460177,0.0,0.0,0.0,0.9856422713076216,0.0,0.0,0.0,2.2896817358050168,0.0,0.0,0.0,0.0,0.0,1.3394399466681444,0.0,1.05e-08
8524.0,0.946753202917655,0.0,0.580249393,0.0,0.0,0.0,0.9467532029176549,0.0,0.0,0.0,2.289650546447316,0.0,0.0,0.0,0.0,0.0,1.2888997814474297,0.0,1.05e-08
8525.0,0.9110590296346666,0.0,0.562723664,0.0,0.0,0.0,0.9110590296346665,0.0,0.0,0.0,2.2896193575144674,0.0,0.0,0.0,0.0,0.0,1.2570687684662007,0.0,1.05e-08
8526.0,0.8791828844855535,0.0,0.549153622,0.0,0.0,0.0,0.8791828844855535,0.0,0.0,0.0,2.2895881690064654,0.0,0.0,0.0,0.0,0.0,1.2366606626341854,0.0,1.05e-08
8527.0,0.8585830916376113,0.0,0.539814101,0.0,0.0,0.0,0.8585830916376112,0.0,0.0,0.0,2.2895569809233036,0.0,0.0,0.0,0.0,0.0,1.2212760524856212,0.0,1.05e-08
8528.0,0.848651507518198,0.0,0.529858032,0.0,0.0,0.0,0.848651507518198,0.0,0.0,0.0,2.2895257932649766,0.0,0.0,0.0,0.0,0.0,1.192847725089548,0.0,1.05e-08
8529.0,0.848407393548898,0.0,0.519908807,0.0,0.0,0.0,0.848407393548898,0.0,0.0,0.0,2.2894946060314787,0.0,0.0,0.0,0.0,0.0,1.1547582969100676,0.0,1.05e-08
8530.0,0.8597394209658742,0.0,0.505813491,0.0,0.0,0.0,0.8597394209658742,0.0,0.0,0.0,2.2894634192228036,0.0,0.0,0.0,0.0,0.0,1.0891181811760235,0.0,1.05e-08
8531.0,0.8851701007852257,0.0,0.491477166,0.0,0.0,0.0,0.8851701007852257,0.0,0.0,0.0,2.2894322328389465,0.0,0.0,0.0,0.0,0.0,1.0084508252692268,0.0,1.05e-08
8532.0,0.9221512257835586,0.0,0.474705342,0.0,0.0,0.0,0.9221512257835586,0.0,0.0,0.0,2.2894010468799,0.0,0.0,0.0,0.0,0.0,0.9068492477013795,0.0,1.05e-08
8533.0,0.9562522342142736,0.0,0.458100478,0.0,0.0,0.0,0.9562522342142736,0.0,0.0,0.0,2.2893698613456603,0.0,0.0,0.0,0.0,0.0,0.8087710697907537,0.0,1.05e-08
8534.0,0.9760019108708818,0.065982373,0.389505919,0.0,0.0,0.12951251742565198,0.8464893934452299,0.0,0.0,0.0,2.28933867623622,0.0,0.0,0.0,0.0,0.0,0.654244740438155,0.0,1.05e-08
8535.0,0.9736871108637483,0.360699147,0.278578898,0.0,0.0,0.7079929447407918,0.26569416612295654,0.0,0.0,0.0,2.2893074915515736,0.0,0.0,0.0,0.0,0.0,0.8076473180874999,0.0,1.05e-08
8536.0,0.9568346815796209,0.529139772,0.265772868,0.0,0.0,1.0386141150418386,0.0,0.0,0.08177943346221778,0.0,2.289276307291716,0.0,0.0,0.0,0.0,2.220446049250313e-16,1.0240009083602224,0.0,1.0465729132406394e-08
8537.0,0.9357723570003735,0.553474353,0.32920683,0.0,0.0,1.086378884669152,0.0,0.0,0.15060652766877844,0.0,2.3628466135726374,0.0,0.0,0.0,0.0,0.0,1.268406724490738,0.0,1.0465871695370867e-08
8538.0,0.9130804646085187,0.519794415,0.359975432,0.0,0.0,1.0202707203398715,0.0,0.0,0.10719025573135278,0.0,2.4983603024868217,0.0,0.0,0.0,0.0,0.0,1.386955606602264,0.0,1.0466014260277315e-08
8539.0,0.8962216112725676,0.503103784,0.37254942,0.0,0.0,0.9875097640427613,0.0,0.0,0.0912881527701936,0.0,2.5947975007305066,0.0,0.0,0.0,0.0,0.0,1.435402143792473,0.0,1.046615682712577e-08
8540.0,0.8878275168896224,0.518602284,0.374370743,0.0,0.0,1.017930763774333,0.0,0.0,0.13010324688471056,0.0,2.6769214926705653,0.0,0.0,0.0,0.0,0.0,1.442419550875642,0.0,1.046629939591625e-08
8541.0,0.8997505570743773,0.539179325,0.383556832,0.0,0.0,1.0583201020159396,0.0,0.0,0.15856954494156225,0.0,2.7939779506453086,0.0,0.0,0.0,0.0,0.0,1.4778127930491731,0.0,1.0466441966648787e-08
8542.0,0.933251987334882,0.459717191,0.42647062,0.0,0.0,0.9023490366170869,0.030902950717795044,0.0,0.0,0.0,2.9366524823632645,0.0,0.0,0.0,0.0,1.1102230246251565e-16,1.6122531229448753,0.0,1.05e-08
8543.0,0.968106751179576,0.145672812,0.492035378,0.0,0.0,0.2859317078910413,0.6821750432885348,0.0,0.0,0.0,2.9366124801641456,0.0,0.0,0.0,0.0,0.0,1.2135966274952765,0.0,1.05e-08
8544.0,0.9870855416173423,0.001360321,0.516384429,0.0,0.0,0.0026700858002936686,0.9844154558170486,0.0,0.0,0.0,2.9365724785099245,0.0,0.0,0.0,0.0,0.0,1.005171097310996,0.0,1.05e-08
8545.0,0.9935716926086539,0.0,0.519124861,0.0,0.0,0.0,0.9935716926086539,0.0,0.0,0.0,2.936532477400594,0.0,0.0,0.0,0.0,0.0,1.006573518663906,0.0,1.05e-08
8546.0,0.9851326298629428,0.0,0.512904183,0.0,0.0,0.0,0.9851326298629429,0.0,0.0,0.0,2.9364924768361464,0.0,0.0,0.0,0.0,0.0,0.991044822885009,0.0,1.05e-08
8547.0,0.9652780270265477,0.0,0.500962298,0.0,0.0,0.0,0.9652780270265477,0.0,0.0,0.0,2.9364524768165747,0.0,0.0,0.0,0.0,0.0,0.9648883291803785,0.0,1.05e-08
8548.0,0.9354532957597973,0.0,0.490676331,0.0,0.0,0.0,0.9354532957597972,0.0,0.0,0.0,2.9364124773418716,0.0,0.0,0.0,0.0,0.0,0.9550820791862304,0.0,1.05e-08
8549.0,0.905221707877547,0.0,0.482330149,0.0,0.0,0.0,0.905221707877547,0.0,0.0,0.0,2.936372478412029,0.0,0.0,0.0,0.0,0.0,0.9531565171921442,0.0,1.05e-08
8550.0,0.881298538886153,0.0,0.47703172,0.0,0.0,0.0,0.881298538886153,0.0,0.0,0.0,2.93633248002704,0.0,0.0,0.0,0.0,0.0,0.9566652768809223,0.0,1.05e-08
8551.0,0.8657673229270963,0.0,0.468971396,0.0,0.0,0.0,0.8657673229270963,0.0,0.0,0.0,2.936292482186897,0.0,0.0,0.0,0.0,0.0,0.941140730226627,0.0,1.05e-08
8552.0,0.855835738807683,0.0,0.455636377,0.0,0.0,0.0,0.8558357388076829,0.0,0.0,0.0,2.9362524848915923,0.0,0.0,0.0,0.0,0.0,0.8996935875717151,0.0,1.05e-08
8553.0,0.8551141036528227,0.0,0.443942279,0.0,0.0,0.0,0.8551141036528227,0.0,0.0,0.0,2.9362124881411193,0.0,0.0,0.0,0.0,0.0,0.8553588290300846,0.0,1.05e-08
8554.0,0.8643112045137283,0.0,0.433865201,0.0,0.0,0.0,0.8643112045137284,0.0,0.0,0.0,2.9361724919354697,0.0,0.0,0.0,0.0,0.0,0.8073355789716739,0.0,1.05e-08
8555.0,0.8847032863527048,0.0,0.4185185,0.0,0.0,0.0,0.8847032863527048,0.0,0.0,0.0,2.9361324962746362,0.0,0.0,0.0,0.0,0.0,0.7278139257712871,0.0,1.05e-08
8556.0,0.9159927014352548,0.0,0.396957127,0.0,0.0,0.0,0.9159927014352548,0.0,0.0,0.0,2.936092501158612,0.0,0.0,0.0,0.0,0.0,0.6134503214246413,0.0,1.05e-08
8557.0,0.9433206178932007,0.0,0.373340014,0.0,0.0,0.0,0.9433206178932007,0.0,0.0,0.0,2.9360525065873886,0.0,0.0,0.0,0.0,0.0,0.49512761928057325,0.0,1.05e-08
8558.0,0.9485240998703836,0.080438497,0.290781395,0.0,0.0,0.15788750496145015,0.7906365949089333,0.0,0.0,0.0,2.9360125125609597,0.0,0.0,0.0,0.0,2.7755575615628914e-17,0.3297201023527774,0.0,1.05e-08
8559.0,0.9339265127763687,0.306052707,0.2339424,0.0,0.0,0.6007309944506763,0.3331955183256924,0.0,0.0,0.0,2.9359725190793178,0.0,0.0,0.0,0.0,1.1102230246251565e-16,0.5681652259319587,0.0,1.05e-08
8560.0,0.9140012453699132,0.44327603,0.222034136,0.0,0.0,0.8700777487913148,0.04392349657859839,0.0,0.0,0.0,2.9359325261424547,0.0,0.0,0.0,0.0,0.0,0.8115556900740328,0.0,1.05e-08
8561.0,0.898380092685325,0.467397784,0.230605927,0.0,0.0,0.9174247741137035,0.0,0.0,0.019044681428378417,0.0,2.9358925337503634,0.0,0.0,0.0,0.0,0.0,0.888505589371339,0.0,1.0469293789171974e-08
8562.0,0.8866262191985937,0.45040222,0.238451811,0.0,0.0,0.8840652846223391,0.0025609345762546386,0.0,0.0,0.0,2.952992755188577,0.0,0.0,0.0,0.0,0.0,0.9161741978005389,0.0,1.05e-08
8563.0,0.8791850258361614,0.442498549,0.245201257,0.0,0.0,0.8685516817982316,0.01063334403792981,0.0,0.0,0.0,2.952952530407164,0.0,0.0,0.0,0.0,0.0,0.9341068462928165,0.0,1.05e-08
8564.0,0.876540457835412,0.455649136,0.241875031,0.0,0.0,0.894364115491622,0.0,0.0,0.01782365765620996,0.0,2.9529123061736806,0.0,0.0,0.0,0.0,0.0,0.9319245162890627,0.0,1.0469721629565372e-08
8565.0,0.8867397107808122,0.472431394,0.236123406,0.0,0.0,0.927304920480051,0.0,0.0,0.040565209699238894,0.0,2.9689133743787086,0.0,0.0,0.0,0.0,0.0,0.9097639802310805,0.0,1.0469864246915183e-08
8566.0,0.9209799070010404,0.39946213,0.267318582,0.0,0.0,0.7840782881893785,0.13690161881166185,0.0,0.0,0.0,3.005381621460712,0.0,0.0,0.0,0.0,0.0,0.8930547979192085,0.0,1.05e-08
8567.0,0.9544085313408768,0.130221932,0.319434403,0.0,0.0,0.2556041783667294,0.6988043529741474,0.0,0.0,0.0,3.0053406830538787,0.0,0.0,0.0,0.0,5.551115123125783e-17,0.5319500174588243,0.0,1.05e-08
8568.0,0.9707727326864043,0.003300646,0.368026458,0.0,0.0,0.006478623807466103,0.9642941088789382,0.0,0.0,0.0,3.0052997452046966,0.0,0.0,0.0,0.0,0.0,0.45368143591066457,0.0,1.05e-08
8569.0,0.9794901710111416,0.0,0.412377599,0.0,0.0,0.0,0.9794901710111416,0.0,0.0,0.0,3.0052588079131577,0.0,0.0,0.0,0.0,0.0,0.6093666567799011,0.0,1.05e-08
8570.0,0.9685221731975074,0.0,0.441951556,0.0,0.0,0.0,0.9685221731975074,0.0,0.0,0.0,3.005217871179254,0.0,0.0,0.0,0.0,0.0,0.7342806681941642,0.0,1.05e-08
8571.0,0.9463527703539788,0.0,0.458085291,0.0,0.0,0.0,0.9463527703539788,0.0,0.0,0.0,3.0051769350029782,0.0,0.0,0.0,0.0,0.0,0.8186120193944494,0.0,1.05e-08
8572.0,0.9143545682202158,0.0,0.461412368,0.0,0.0,0.0,0.9143545682202158,0.0,0.0,0.0,3.005135999384323,0.0,0.0,0.0,0.0,0.0,0.863429174402606,0.0,1.05e-08
8573.0,0.8812021781087978,0.0,0.458460412,0.0,0.0,0.0,0.8812021781087978,0.0,0.0,0.0,3.0050950643232803,0.0,0.0,0.0,0.0,0.0,0.8852079218687581,0.0,1.05e-08
8574.0,0.8545830487020649,0.0,0.454502624,0.0,0.0,0.0,0.8545830487020649,0.0,0.0,0.0,3.0050541298198428,0.0,0.0,0.0,0.0,0.0,0.8965780210129393,0.0,1.05e-08
8575.0,0.8377798704819192,0.0,0.44832644,0.0,0.0,0.0,0.8377798704819192,0.0,0.0,0.0,3.0050131958740027,0.0,0.0,0.0,0.0,0.0,0.889584872415406,0.0,1.05e-08
8576.0,0.8320303440997232,0.0,0.440076163,0.0,0.0,0.0,0.8320303440997233,0.0,0.0,0.0,3.004972262485753,0.0,0.0,0.0,0.0,0.0,0.8635467629647994,0.0,1.05e-08
8577.0,0.8378483937013718,0.0,0.426983977,0.0,0.0,0.0,0.8378483937013717,0.0,0.0,0.0,3.004931329655085,0.0,0.0,0.0,0.0,0.0,0.8072856020805466,0.0,1.05e-08
8578.0,0.8539063819099704,0.0,0.409056931,0.0,0.0,0.0,0.8539063819099704,0.0,0.0,0.0,3.004890397381992,0.0,0.0,0.0,0.0,0.0,0.7221561863543147,0.0,1.05e-08
8579.0,0.8855319890379598,0.0,0.392293739,0.0,0.0,0.0,0.8855319890379598,0.0,0.0,0.0,3.004849465666466,0.0,0.0,0.0,0.0,0.0,0.6259433850398333,0.0,1.05e-08
8580.0,0.9257594015578603,0.0,0.374777697,0.0,0.0,0.0,0.9257594015578604,0.0,0.0,0.0,3.0048085345084994,0.0,0.0,0.0,0.0,0.0,0.5182281094665989,0.0,1.05e-08
8581.0,0.9589717494862993,0.0,0.350355934,0.0,0.0,0.0,0.9589717494862993,0.0,0.0,0.0,3.004767603908085,0.0,0.0,0.0,0.0,0.0,0.3909207258637206,0.0,1.05e-08
8582.0,0.9738070264977904,0.067580803,0.272482445,0.0,0.0,0.13264997192776098,0.8411570545700294,0.0,0.0,0.0,3.004726673865215,0.0,0.0,0.0,0.0,0.0,0.20869529978020596,0.0,1.05e-08
8583.0,0.9700789350894465,0.347193852,0.187095798,0.0,0.0,0.6814842777362561,0.28859465735319045,0.0,0.0,0.0,3.0046857443798816,0.0,0.0,0.0,0.0,0.0,0.43226999878763384,0.0,1.05e-08
8584.0,0.9543014638104821,0.4809569,0.175760356,0.0,0.0,0.944039082865928,0.010262380944554077,0.0,0.0,0.0,3.0046448154520773,0.0,0.0,0.0,0.0,0.0,0.6669277534438668,0.0,1.05e-08
8585.0,0.9333654789171004,0.494880111,0.200014309,0.0,0.0,0.9713680500623415,0.0,0.0,0.03800257114524109,0.0,3.0046038870817946,0.0,0.0,0.0,0.0,1.1102230246251565e-16,0.7706386119934643,0.0,1.0472717001917234e-08
8586.0,0.910887721586035,0.46746635,0.205352849,0.0,0.0,0.9175593578648791,0.0,0.0,0.006671636278843994,0.0,3.0387652732997426,0.0,0.0,0.0,0.0,0.0,0.7912075656660317,0.0,1.0472859660069663e-08
8587.0,0.8966134784338123,0.455166088,0.200586267,0.0,0.0,0.8934159719242873,0.0031975065095250243,0.0,0.0,0.0,3.044728352801779,0.0,0.0,0.0,0.0,0.0,0.7696448124159196,0.0,1.05e-08
8588.0,0.8890052597239642,0.463128959,0.195788503,0.0,0.0,0.9090457745860636,0.0,0.0,0.020040514862099488,0.0,3.044686878425576,0.0,0.0,0.0,0.0,0.0,0.7543569305143975,0.0,1.0473144982204374e-08
8589.0,0.895566357986552,0.463765998,0.197352831,0.0,0.0,0.9102961770926288,0.0,0.0,0.014729819106076783,0.0,3.0626818679902135,0.0,0.0,0.0,0.0,0.0,0.7603841570895846,0.0,1.0473287646186703e-08
8590.0,0.921249717177635,0.383826566,0.22915353,0.0,0.0,0.753388254428242,0.16786146274939306,0.0,0.0,0.0,3.0758969862520815,0.0,0.0,0.0,0.0,0.0,0.7150481609445931,0.0,1.05e-08
8591.0,0.9419458708029326,0.104636796,0.293571573,0.0,0.0,0.2053847754962434,0.7365610953066892,0.0,0.0,0.0,3.075855087306104,0.0,0.0,0.0,0.0,2.7755575615628914e-17,0.394545927328666,0.0,1.05e-08
8592.0,0.9468110193840682,0.001077017,0.322503047,0.0,0.0,0.002114006766325658,0.9446970126177425,0.0,0.0,0.0,3.0758131889308613,0.0,0.0,0.0,0.0,4.336808689942018e-19,0.2978805896864154,0.0,1.05e-08
8593.0,0.9456140043942552,0.0,0.331010839,0.0,0.0,0.0,0.9456140043942552,0.0,0.0,0.0,3.0757712911263457,0.0,0.0,0.0,0.0,0.0,0.3297434177677364,0.0,1.05e-08
8594.0,0.9363162600547786,0.0,0.326972457,0.0,0.0,0.0,0.9363162600547786,0.0,0.0,0.0,3.075729393892549,0.0,0.0,0.0,0.0,0.0,0.3234816098194845,0.0,1.05e-08
8595.0,0.9186158559299252,0.0,0.310590906,0.0,0.0,0.0,0.9186158559299251,0.0,0.0,0.0,3.075687497229465,0.0,0.0,0.0,0.0,0.0,0.2780652510084416,0.0,1.05e-08
8596.0,0.8947205244964338,0.0,0.286219722,0.0,0.0,0.0,0.8947205244964338,0.0,0.0,0.0,3.075645601137084,0.0,0.0,0.0,0.0,0.0,0.20806042347681952,0.0,1.05e-08
8597.0,0.8680243064678168,0.0,0.261912057,0.0,0.0,0.0,0.8680243064678168,0.0,0.0,0.0,3.075603705615399,0.0,0.0,0.0,0.0,0.0,0.14110121600084358,0.0,1.05e-08
8598.0,0.8456943023286961,0.0,0.238351993,0.0,0.0,0.0,0.8456943023286961,0.0,0.0,0.0,3.0755618106644023,0.0,0.0,0.0,0.0,0.0,0.07265623953876554,0.0,1.05e-08
8599.0,0.8286512928404661,0.0,0.215349088,0.0,0.0,0.0,0.828651292840466,0.0,0.0,0.0,3.075519916284086,0.0,0.0,0.0,0.0,0.0,0.0010709560331302326,0.0,1.05e-08
8600.0,0.8202079473935393,0.0,0.193348214,0.0,0.0,0.0,0.7449546985579681,0.0,0.0,0.07525324883557116,3.0754780224744422,0.0,0.0,0.0,0.0,0.0,-1.1102230246251565e-16,0.0,1.1638730086954904e-08
8601.0,0.8186940125137582,0.0,0.172011142,0.0,0.0,0.0,0.6627447225202807,0.0,0.0,0.15594928999347743,3.0001828803998927,0.0,0.0,0.0,0.0,0.0,0.0,0.0,1.1638888628404133e-08
8602.0,0.8263386341839404,0.0,0.157092561,0.0,0.0,0.0,0.605264662157439,0.0,0.0,0.22107397202650148,2.8441927228152735,0.0,0.0,0.0,0.0,0.0,0.0,0.0,1.1639047172012995e-08
8603.0,0.8466857476601511,0.0,0.148802973,0.0,0.0,0.0,0.5733255642886077,0.0,0.0,0.27336018337154344,2.6230800080487597,0.0,0.0,0.0,0.0,0.0,0.0,0.0,1.163920571778152e-08
8604.0,0.8739258687431732,0.0,0.145157294,0.0,0.0,0.0,0.5592790642237861,0.0,0.0,0.3146468045193871,2.349684093868271,0.0,0.0,0.0,0.0,0.0,0.0,0.0,1.1639364265709738e-08
8605.0,0.8974122022105568,0.0,0.142202113,0.0,0.0,0.0,0.5478929959198956,0.0,0.0,0.34951920629066124,2.0350052826570626,0.0,0.0,0.0,0.0,0.0,1.1102230246251565e-16,0.0,1.1639522815797678e-08
8606.0,0.9049626044539918,0.044690455,0.112275779,0.0,0.0,0.08771999351929667,0.4325893028435528,0.0,0.0,0.38465330809114234,1.6854583561349423,0.0,0.0,0.0,0.0,0.0,0.0,0.0,1.1639681368045369e-08
8607.0,0.9002580571684482,0.236456559,0.068574177,0.0,0.0,0.46412523262685945,0.26421063995913485,0.0,0.0,0.17192218458245404,1.3007820892357105,0.0,0.0,0.0,0.0,0.0,-5.551115123125783e-17,0.0,1.163983992245284e-08
8608.0,0.8900780763785192,0.392027166,0.057695586,0.0,0.0,0.7694846799144972,0.12059339646402198,0.0,0.0,0.0,1.1288421857898714,0.0,0.0,0.0,0.0,0.0,0.10170293091118371,0.0,1.05e-08
8609.0,0.873910879288918,0.455571932,0.077961112,0.0,0.0,0.8942125767708892,0.0,0.0,0.020301697481971193,0.0,1.1288268090402693,0.0,0.0,0.0,0.0,1.1102230246251565e-16,0.30037772518138695,0.0,1.0476141333972517e-08
8610.0,0.8532789661818574,0.449762866,0.093462943,0.0,0.0,0.8828103381525272,0.0,0.0,0.0295313719706698,0.0,1.1470829602338988,0.0,0.0,0.0,0.0,0.0,0.3601049996195236,0.0,1.0476284038770807e-08
8611.0,0.8348162412405936,0.434007278,0.10678628,0.0,0.0,0.8518847170718578,0.0,0.0,0.01706847583126416,0.0,1.173645569787542,0.0,0.0,0.0,0.0,1.1102230246251565e-16,0.41143871661274706,0.0,1.0476426745513007e-08
8612.0,0.8258996573093221,0.429887261,0.120939184,0.0,0.0,0.8437978031091472,0.0,0.0,0.017898145799825075,0.0,1.1889912109878218,0.0,0.0,0.0,0.0,0.0,0.4659686867372183,0.0,1.047656945419914e-08
8613.0,0.8298418837784554,0.404948745,0.140555841,0.0,0.0,0.7948476086682789,0.03499427511017651,0.0,0.0,0.0,1.2050833461260857,0.0,0.0,0.0,0.0,0.0,0.5065557707708611,0.0,1.05e-08
8614.0,0.854015590790973,0.321261816,0.197862152,0.0,0.0,0.6305839673710523,0.2234316234199208,0.0,0.0,0.0,1.2050669308422697,0.0,0.0,0.0,0.0,0.0,0.538914905414273,0.0,1.05e-08
8615.0,0.8839580963411575,0.138246405,0.319243044,0.0,0.0,0.27135489559607445,0.612603200745083,0.0,0.0,0.0,1.205050515782058,0.0,0.0,0.0,0.0,0.0,0.6174138792665695,0.0,1.05e-08
8616.0,0.902467930995795,0.001996939,0.39428971,0.0,0.0,0.003919661953283554,0.8985482690425115,0.0,0.0,0.0,1.205034100945447,0.0,0.0,0.0,0.0,8.673617379884035e-19,0.6206174164370486,0.0,1.05e-08
8617.0,0.9132025215931686,0.0,0.399614753,0.0,0.0,0.0,0.9132025215931686,0.0,0.0,0.0,1.2050176863324342,0.0,0.0,0.0,0.0,0.0,0.6264801147327707,0.0,1.05e-08
8618.0,0.9080804109390858,0.0,0.391842867,0.0,0.0,0.0,0.9080804109390859,0.0,0.0,0.0,1.2050012719430163,0.0,0.0,0.0,0.0,0.0,0.6016577905633855,0.0,1.05e-08
8619.0,0.8911615997861136,0.0,0.385270631,0.0,0.0,0.0,0.8911615997861136,0.0,0.0,0.0,1.2049848577771904,0.0,0.0,0.0,0.0,0.0,0.5932543192553891,0.0,1.05e-08
8620.0,0.8651741688087097,0.0,0.373695165,0.0,0.0,0.0,0.8651741688087097,0.0,0.0,0.0,1.2049684438349533,0.0,0.0,0.0,0.0,0.0,0.5746424358336543,0.0,1.05e-08
8621.0,0.839118214611853,0.0,0.35798444,0.0,0.0,0.0,0.839118214611853,0.0,0.0,0.0,1.204952030116302,0.0,0.0,0.0,0.0,0.0,0.5401662642643938,0.0,1.05e-08
8622.0,0.8174627359142189,0.0,0.349352582,0.0,0.0,0.0,0.8174627359142189,0.0,0.0,0.0,1.2049356166212335,0.0,0.0,0.0,0.0,0.0,0.5285639070536746,0.0,1.05e-08
8623.0,0.8045825120077353,0.0,0.345836605,0.0,0.0,0.0,0.8045825120077353,0.0,0.0,0.0,1.2049192033497447,0.0,0.0,0.0,0.0,0.0,0.5278973619883395,0.0,1.05e-08
8624.0,0.8008330070933126,0.0,0.345694198,0.0,0.0,0.0,0.8008330070933126,0.0,0.0,0.0,1.2049027903018326,0.0,0.0,0.0,0.0,0.0,0.5310981844941544,0.0,1.05e-08
8625.0,0.8085954030469291,0.0,0.339114948,0.0,0.0,0.0,0.8085954030469291,0.0,0.0,0.0,1.2048863774774938,0.0,0.0,0.0,0.0,0.0,0.4979864817169046,0.0,1.05e-08
8626.0,0.8356749228343592,0.0,0.339953101,0.0,0.0,0.0,0.8356749228343592,0.0,0.0,0.0,1.2048699648767258,0.0,0.0,0.0,0.0,0.0,0.4741362962095441,0.0,1.05e-08
8627.0,0.8831657966162367,0.0,0.348531213,0.0,0.0,0.0,0.8831657966162367,0.0,0.0,0.0,1.2048535524995254,0.0,0.0,0.0,0.0,0.0,0.4596961794372787,0.0,1.05e-08
8628.0,0.9338751203617793,0.0,0.358591207,0.0,0.0,0.0,0.9338751203617793,0.0,0.0,0.0,1.2048371403458895,0.0,0.0,0.0,0.0,0.0,0.4477471816483286,0.0,1.05e-08
8629.0,0.9684772048347416,0.0,0.3653412,0.0,0.0,0.0,0.9684772048347416,0.0,0.0,0.0,1.2048207284158148,0.0,0.0,0.0,0.0,0.0,0.4391522626751383,0.0,1.05e-08
8630.0,0.9803231563976124,0.012449054,0.34039473,0.0,0.0,0.024435440100159515,0.9558877162974527,0.0,0.0,0.0,1.2048043167092986,0.0,0.0,0.0,0.0,0.0,0.3556250628062164,0.0,1.05e-08
8631.0,0.979642206904302,0.225541324,0.308081722,0.0,0.0,0.442700426290437,0.536941780613865,0.0,0.0,0.0,1.2047879052263377,0.0,0.0,0.0,0.0,0.0,0.6500716476235933,0.0,1.05e-08
8632.0,0.9702288296319991,0.423489317,0.329417287,0.0,0.0,0.8312396940852667,0.13898913554673242,0.0,0.0,0.0,1.204771493966929,0.0,0.0,0.0,0.0,0.0,1.1302284623818872,0.0,1.05e-08
8633.0,0.9574385424510471,0.482608214,0.36477889,0.0,0.0,0.9472803399392409,0.010158202511806274,0.0,0.0,0.0,1.2047550829310696,0.0,0.0,0.0,0.0,0.0,1.3953047310131976,0.0,1.05e-08
8634.0,0.9462585509272314,0.463897474,0.393159925,0.0,0.0,0.9105542427996783,0.0357043081275531,0.0,0.0,0.0,1.2047386721187563,0.0,0.0,0.0,0.0,0.0,1.4791084090638682,0.0,1.05e-08
8635.0,0.937523981797631,0.447126652,0.424086075,0.0,0.0,0.8776358847934044,0.059888097004226565,0.0,0.0,0.0,1.2047222615299864,0.0,0.0,0.0,0.0,0.0,1.574080521729727,0.0,1.05e-08
8636.0,0.9352905531135973,0.45525624,0.457997055,0.0,0.0,0.8935929254338398,0.041697627679757446,0.0,0.0,0.0,1.2047058511647566,0.0,0.0,0.0,0.0,0.0,1.7229271960487005,0.0,1.05e-08
8637.0,0.9472478549080786,0.470181496,0.491214549,0.0,0.0,0.92288874172378,0.024359113184298585,0.0,0.0,0.0,1.2046894410230637,0.0,0.0,0.0,0.0,1.1102230246251565e-16,1.8682499712605325,0.0,1.05e-08
8638.0,0.983085498681796,0.418790052,0.542810855,0.0,0.0,0.8220158118190097,0.16106968686278614,0.0,0.0,0.0,1.204673031104905,0.0,0.0,0.0,0.0,0.0,1.9303357028995314,0.0,1.05e-08
8639.0,1.0152914118245246,0.163115758,0.575238179,0.0,0.0,0.32016933447321505,0.6951220773513096,0.0,0.0,0.0,1.2046566214102774,0.0,0.0,0.0,0.0,0.0,1.5212231133830587,0.0,1.05e-08
8640.0,1.0245870148133933,0.001823408,0.600260665,0.0,0.0,0.0035790492162819493,1.0210079655971114,0.0,0.0,0.0,1.2046402119391775,0.0,0.0,0.0,0.0,4.336808689942018e-19,1.291746796912774,0.0,1.05e-08
8641.0,1.0223578688305754,0.0,0.615561731,0.0,0.0,0.0,1.0223578688305754,0.0,0.0,0.0,1.2046238026916025,0.0,0.0,0.0,0.0,0.0,1.3493506371550348,0.0,1.05e-08
8642.0,1.000773054703002,0.0,0.627897644,0.0,0.0,0.0,1.000773054703002,0.0,0.0,0.0,1.2046073936675497,0.0,0.0,0.0,0.0,0.0,1.4184647051621002,0.0,1.05e-08
8643.0,0.965374387803903,0.0,0.629331633,0.0,0.0,0.0,0.965374387803903,0.0,0.0,0.0,1.2045909848670153,0.0,0.0,0.0,0.0,0.0,1.459388413234998,0.0,1.05e-08
8644.0,0.9239285467881108,0.0,0.624571249,0.0,0.0,0.0,0.9239285467881108,0.0,0.0,0.0,1.2045745762899969,0.0,0.0,0.0,0.0,0.0,1.482492887892267,0.0,1.05e-08
8645.0,0.8851872315900888,0.0,0.630019734,0.0,0.0,0.0,0.8851872315900888,0.0,0.0,0.0,1.204558167936491,0.0,0.0,0.0,0.0,0.0,1.542226765766728,0.0,1.05e-08
8646.0,0.8543025317724308,0.0,0.636848218,0.0,0.0,0.0,0.8543025317724308,0.0,0.0,0.0,1.204541759806495,0.0,0.0,0.0,0.0,0.0,1.599421050424037,0.0,1.05e-08
8647.0,0.8347177391126305,0.0,0.647766459,0.0,0.0,0.0,0.8347177391126305,0.0,0.0,0.0,1.2045253519000054,0.0,0.0,0.0,0.0,0.0,1.6610729238427946,0.0,1.05e-08
8648.0,0.8248396887584145,0.0,0.651892549,0.0,0.0,0.0,0.8248396887584145,0.0,0.0,0.0,1.2045089442170196,0.0,0.0,0.0,0.0,0.0,1.6868484581643206,0.0,1.05e-08
8649.0,0.8259895940348536,0.0,0.653169318,0.0,0.0,0.0,0.8259895940348536,0.0,0.0,0.0,1.204492536757534,0.0,0.0,0.0,0.0,0.0,1.690617838387582,0.0,1.05e-08
8650.0,0.8430218967700441,0.0,0.649482569,0.0,0.0,0.0,0.8430218967700442,0.0,0.0,0.0,1.2044761295215465,0.0,0.0,0.0,0.0,0.0,1.6593807962698293,0.0,1.05e-08
8651.0,0.8845748053162311,0.0,0.652632969,0.0,0.0,0.0,0.8845748053162311,0.0,0.0,0.0,1.204459722509053,0.0,0.0,0.0,0.0,0.0,1.6299661187100272,0.0,1.05e-08
8652.0,0.9301641597582986,0.0,0.655699447,0.0,0.0,0.0,0.9301641597582986,0.0,0.0,0.0,1.204443315720051,0.0,0.0,0.0,0.0,0.0,1.5961916507200513,0.0,1.05e-08
8653.0,0.9628647248914509,0.0,0.650132706,0.0,0.0,0.0,0.9628647248914509,0.0,0.0,0.0,1.2044269091545374,0.0,0.0,0.0,0.0,0.0,1.542042892310051,0.0,1.05e-08
8654.0,0.9794965950629653,0.076354115,0.612239823,0.0,0.0,0.14987053662737676,0.8296260584355883,0.0,0.0,0.0,1.204410502812509,0.0,0.0,0.0,0.0,2.7755575615628914e-17,1.5292834104056847,0.0,1.05e-08
8655.0,0.985815720706861,0.29951869,0.608804858,0.0,0.0,0.5879057965668112,0.39790992414004983,0.0,0.0,0.0,1.2043940966939628,0.0,0.0,0.0,0.0,0.0,1.9477649082740551,0.0,1.05e-08
8656.0,0.9843360474368061,0.452768812,0.647762096,0.0,0.0,0.8887105144572741,0.09562553297953198,0.0,0.0,0.0,1.204377690798896,0.0,0.0,0.0,0.0,0.0,2.400148319697264,0.0,1.05e-08
8657.0,0.97721391531495,0.481460116,0.655846212,0.0,0.0,0.9450268128914737,0.03218710242347632,0.0,0.0,0.0,1.2043612851273051,0.0,0.0,0.0,0.0,0.0,2.4947341814775235,0.0,1.05e-08
8658.0,0.967881909365747,0.464573352,0.654968248,0.0,0.0,0.9118808798585276,0.05600102950721948,0.0,0.0,0.0,1.2043448796791876,0.0,0.0,0.0,0.0,0.0,2.46753753161898,0.0,1.05e-08
8659.0,0.9596484162783939,0.450498272,0.650667496,0.0,0.0,0.8842538188589566,0.07539459741943738,0.0,0.0,0.0,1.20432847445454,0.0,0.0,0.0,0.0,0.0,2.4315735214800105,0.0,1.05e-08
8660.0,0.9561987004490763,0.447840607,0.643705651,0.0,0.0,0.8790372607241947,0.0771614397248816,0.0,0.0,0.0,1.2043120694533596,0.0,0.0,0.0,0.0,0.0,2.4029832654171353,0.0,1.05e-08
8661.0,0.9658047992760898,0.434393886,0.638602188,0.0,0.0,0.8526435648225578,0.11316123445353199,0.0,0.0,0.0,1.204295664675643,0.0,0.0,0.0,0.0,0.0,2.3473202492802607,0.0,1.05e-08
8662.0,0.9940577791966458,0.348295315,0.631162084,0.0,0.0,0.6836462679693325,0.31041151122731336,0.0,0.0,0.0,1.2042792601213876,0.0,0.0,0.0,0.0,0.0,2.121403866324811,0.0,1.05e-08
8663.0,1.0148502935992985,0.132395803,0.635647945,0.0,0.0,0.2598711286591752,0.7549791649401233,0.0,0.0,0.0,1.2042628557905901,0.0,0.0,0.0,0.0,0.0,1.6941198645263027,0.0,1.05e-08
8664.0,1.0212936175784522,0.001638972,0.640841045,0.0,0.0,0.0032170317625611266,1.0180765858158909,0.0,0.0,0.0,1.2042464516832474,0.0,0.0,0.0,0.0,4.336808689942018e-19,1.451031029016012,0.0,1.05e-08
8665.0,1.016417762244277,0.0,0.634897506,0.0,0.0,0.0,1.016417762244277,0.0,0.0,0.0,1.2042300477993564,0.0,0.0,0.0,0.0,0.0,1.4297898877391655,0.0,1.05e-08
8666.0,0.9919100045369279,0.0,0.627400348,0.0,0.0,0.0,0.9919100045369279,0.0,0.0,0.0,1.2042136441389144,0.0,0.0,0.0,0.0,0.0,1.4254117149153358,0.0,1.05e-08
8667.0,0.9546505039595689,0.0,0.617258768,0.0,0.0,0.0,0.9546505039595689,0.0,0.0,0.0,1.204197240701918,0.0,0.0,0.0,0.0,0.0,1.4235965454168626,0.0,1.05e-08
8668.0,0.9116114980915033,0.0,0.605687,0.0,0.0,0.0,0.9116114980915033,0.0,0.0,0.0,1.2041808374883642,0.0,0.0,0.0,0.0,0.0,1.4220504849743452,0.0,1.05e-08
8669.0,0.8682598550346852,0.0,0.59588251,0.0,0.0,0.0,0.8682598550346852,0.0,0.0,0.0,1.2041644344982503,0.0,0.0,0.0,0.0,0.0,1.427626237882705,0.0,1.05e-08
8670.0,0.8343494268080727,0.0,0.585223716,0.0,0.0,0.0,0.8343494268080727,0.0,0.0,0.0,1.204148031731573,0.0,0.0,0.0,0.0,0.0,1.4204692132118135,0.0,1.05e-08
8671.0,0.8113727347853679,0.0,0.575809221,0.0,0.0,0.0,0.8113727347853679,0.0,0.0,0.0,1.204131629188329,0.0,0.0,0.0,0.0,0.0,1.4071726336086396,0.0,1.05e-08
8672.0,0.8004518466851074,0.0,0.56939215,0.0,0.0,0.0,0.8004518466851074,0.0,0.0,0.0,1.2041152268685158,0.0,0.0,0.0,0.0,0.0,1.3933690771767668,0.0,1.05e-08
8673.0,0.8028523007165568,0.0,0.570077627,0.0,0.0,0.0,0.8028523007165568,0.0,0.0,0.0,1.20409882477213,0.0,0.0,0.0,0.0,0.0,1.393609709407968,0.0,1.05e-08
8674.0,0.8217625679348706,0.0,0.56857997,0.0,0.0,0.0,0.8217625679348706,0.0,0.0,0.0,1.2040824228991687,0.0,0.0,0.0,0.0,0.0,1.3689290934706422,0.0,1.05e-08
8675.0,0.8601933872947477,0.0,0.568773881,0.0,0.0,0.0,0.8601933872947477,0.0,0.0,0.0,1.2040660212496286,0.0,0.0,0.0,0.0,0.0,1.3312453971772964,0.0,1.05e-08
8676.0,0.9082667084419725,0.0,0.570212593,0.0,0.0,0.0,0.9082667084419725,0.0,0.0,0.0,1.2040496198235071,0.0,0.0,0.0,0.0,0.0,1.2887153145327646,0.0,1.05e-08
8677.0,0.9490315999644544,0.0,0.562384357,0.0,0.0,0.0,0.9490315999644545,0.0,0.0,0.0,1.2040332186208007,0.0,0.0,0.0,0.0,0.0,1.217788876291156,0.0,1.05e-08
8678.0,0.9806079560284623,0.055968807,0.539467948,0.0,0.0,0.10985753864718466,0.8707504173812776,0.0,0.0,0.0,1.204016817641507,0.0,0.0,0.0,0.0,0.0,1.2077750278241566,0.0,1.05e-08
8679.0,0.9993426324969287,0.290569992,0.541882711,0.0,0.0,0.5703409780710912,0.42900165442583754,0.0,0.0,0.0,1.204000416885622,0.0,0.0,0.0,0.0,0.0,1.6588276731663973,0.0,1.05e-08
8680.0,1.0030964201125672,0.470128616,0.481157985,0.0,0.0,0.9227849470039166,0.08031147310865064,0.0,0.0,0.0,1.2039840163531432,0.0,0.0,0.0,0.0,0.0,1.7735505008862802,0.0,1.05e-08
8681.0,0.994925026192843,0.510781463,0.439936426,0.0,0.0,1.0025797818379087,0.0,0.0,0.007654755645065918,0.0,1.2039676160440678,0.0,0.0,0.0,0.0,0.0,1.6950387119453807,0.0,1.0486421049659e-08
8682.0,0.9819912685211619,0.48897006,0.416093541,0.0,0.0,0.9597675945418347,0.02222367397932715,0.0,0.0,0.0,1.2108404960389516,0.0,0.0,0.0,0.0,0.0,1.5809503714120234,0.0,1.05e-08
8683.0,0.9699761502602676,0.473089371,0.397146975,0.0,0.0,0.9285964208278511,0.0413797294324165,0.0,0.0,0.0,1.2108240023329668,0.0,0.0,0.0,0.0,0.0,1.4887947620906028,0.0,1.05e-08
8684.0,0.9602265809425253,0.478104821,0.373101038,0.0,0.0,0.9384409221088598,0.02178565883366565,0.0,0.0,0.0,1.2108075088516543,0.0,0.0,0.0,0.0,0.0,1.415741823550811,0.0,1.05e-08
8685.0,0.9618968344166828,0.483129831,0.346662286,0.0,0.0,0.9483041880933838,0.013592646323299071,0.0,0.0,0.0,1.210791015595011,0.0,0.0,0.0,0.0,0.0,1.3220685083669952,0.0,1.05e-08
8686.0,0.9831583046024643,0.432400695,0.324946942,0.0,0.0,0.8487312595752131,0.13442704502725122,0.0,0.0,0.0,1.210774522563034,0.0,0.0,0.0,0.0,0.0,1.1175666828534911,0.0,1.05e-08
8687.0,1.005406937418485,0.197731893,0.342257619,0.0,0.0,0.38811509913063685,0.6172918382878483,0.0,0.0,0.0,1.2107580297557199,0.0,0.0,0.0,0.0,0.0,0.7013984982637627,0.0,1.05e-08
8688.0,1.013280683603712,0.001669026,0.370812,0.0,0.0,0.0032760228085289725,1.0100046607951831,0.0,0.0,0.0,1.210741537173066,0.0,0.0,0.0,0.0,4.336808689942018e-19,0.41870334724298397,0.0,1.05e-08
8689.0,1.010651105057218,0.0,0.373023809,0.0,0.0,0.0,1.010651105057218,0.0,0.0,0.0,1.2107250448150693,0.0,0.0,0.0,0.0,0.0,0.42657882036914296,0.0,1.05e-08
8690.0,0.9906765865867808,0.0,0.360800957,0.0,0.0,0.0,0.9906765865867808,0.0,0.0,0.0,1.2107085526817263,0.0,0.0,0.0,0.0,0.0,0.39945969965458783,0.0,1.05e-08
8691.0,0.960132361515778,0.0,0.350836689,0.0,0.0,0.0,0.960132361515778,0.0,0.0,0.0,1.2106920607730343,0.0,0.0,0.0,0.0,0.0,0.3916124231403171,0.0,1.05e-08
8692.0,0.92256664780149,0.0,0.33876035,0.0,0.0,0.0,0.92256664780149,0.0,0.0,0.0,1.21067556908899,0.0,0.0,0.0,0.0,0.0,0.3826490001570775,0.0,1.05e-08
8693.0,0.8832835708996709,0.0,0.3256687,0.0,0.0,0.0,0.8832835708996709,0.0,0.0,0.0,1.2106590776295907,0.0,0.0,0.0,0.0,0.0,0.3714910309400199,0.0,1.05e-08
8694.0,0.8533196518434073,0.0,0.312284104,0.0,0.0,0.0,0.8533196518434073,0.0,0.0,0.0,1.2106425863948327,0.0,0.0,0.0,0.0,0.0,0.3498852071358701,0.0,1.05e-08
8695.0,0.8324928758310284,0.0,0.29710935,0.0,0.0,0.0,0.8324928758310283,0.0,0.0,0.0,1.2106260953847137,0.0,0.0,0.0,0.0,0.0,0.31224490937553095,0.0,1.05e-08
8696.0,0.8206683377742365,0.0,0.287606672,0.0,0.0,0.0,0.8206683377742365,0.0,0.0,0.0,1.2106096045992303,0.0,0.0,0.0,0.0,0.0,0.2874564139910962,0.0,1.05e-08
8697.0,0.8178438963224242,0.0,0.284081445,0.0,0.0,0.0,0.8178438963224242,0.0,0.0,0.0,1.2105931140383794,0.0,0.0,0.0,0.0,0.0,0.27669844698511215,0.0,1.05e-08
8698.0,0.8250602478710276,0.0,0.280538156,0.0,0.0,0.0,0.8250602478710276,0.0,0.0,0.0,1.210576623702158,0.0,0.0,0.0,0.0,0.0,0.2558300955845796,0.0,1.05e-08
8699.0,0.8445786586619832,0.0,0.274805993,0.0,0.0,0.0,0.8445786586619832,0.0,0.0,0.0,1.210560133590563,0.0,0.0,0.0,0.0,0.0,0.21422613421413872,0.0,1.05e-08
8700.0,0.8740757632857258,0.0,0.273594683,0.0,0.0,0.0,0.8740757632857258,0.0,0.0,0.0,1.2105436437035912,0.0,0.0,0.0,0.0,0.0,0.1800619522109782,0.0,1.05e-08
8701.0,0.9064743979831651,0.0,0.267964833,0.0,0.0,0.0,0.9064743979831651,0.0,0.0,0.0,1.21052715404124,0.0,0.0,0.0,0.0,0.0,0.12597197047230613,0.0,1.05e-08
8702.0,0.9373655218526469,0.028138544,0.266592327,0.0,0.0,0.05523132170666969,0.8821342001459772,0.0,0.0,0.0,1.2105106646035058,0.0,0.0,0.0,0.0,-6.938893903907228e-18,0.14502401605638326,0.0,1.05e-08
8703.0,0.9551580040536397,0.397578908,0.249481668,0.0,0.0,0.780381833954679,0.17477617009896068,0.0,0.0,0.0,1.210494175390386,0.0,0.0,0.0,0.0,0.0,0.7864560902656428,0.0,1.05e-08
8704.0,0.9582586797338706,0.591874074,0.215388482,0.0,0.0,1.1617512047151841,0.0,0.0,0.20349252498131348,0.0,1.2104776864018771,0.0,0.0,0.0,0.0,0.0,0.8298740307017697,0.0,1.048970697302759e-08
8705.0,0.9527404192173272,0.596721947,0.208844549,0.0,0.0,1.1712667799793512,0.0,0.0,0.21852636076202406,0.0,1.3936044701211585,0.0,0.0,0.0,0.0,0.0,0.8046607973620579,0.0,1.0489849862615465e-08
8706.0,0.942035807528464,0.5597928,0.220362156,0.0,0.0,1.098780954191425,0.0,0.0,0.15674514666296094,0.0,1.5902592115449696,0.0,0.0,0.0,0.0,0.0,0.8490371858131772,0.0,1.0489992754149763e-08
8707.0,0.9304425353373249,0.539079963,0.229331522,0.0,0.0,1.0581250707951553,0.0,0.0,0.12768253545783032,0.0,1.7313081815077327,0.0,0.0,0.0,0.0,0.0,0.8835954121683794,0.0,1.0490135647630516e-08
8708.0,0.9258000872194102,0.555406006,0.233484506,0.0,0.0,1.090170400970374,0.0,0.0,0.16437031375096386,0.0,1.846198880059124,0.0,0.0,0.0,0.0,0.0,0.8995965164963257,0.0,1.0490278543057745e-08
8709.0,0.934631017126366,0.584046649,0.248627567,0.0,0.0,1.1463872602157876,0.0,0.0,0.21175624308942162,0.0,1.994107014067707,0.0,0.0,0.0,0.0,0.0,0.9579414797577909,0.0,1.049042144043148e-08
8710.0,0.9633315393239719,0.527093316,0.308175828,0.0,0.0,1.0345972593831188,0.0,0.0,0.07126572005914684,0.0,2.184660469720673,0.0,0.0,0.0,0.0,0.0,1.1873760108825842,0.0,1.0490564339751745e-08
8711.0,0.9936787601390485,0.205026705,0.382989812,0.0,0.0,0.4024336121411776,0.591245147997871,0.0,0.0,0.0,2.2487698589843848,0.0,0.0,0.0,0.0,0.0,0.8843829638254576,0.0,1.05e-08
8712.0,1.0049701018944746,0.001641045,0.429432843,0.0,0.0,0.003221100719714629,1.00174900117476,0.0,0.0,0.0,2.2487392269159967,0.0,0.0,0.0,0.0,0.0,0.6528202730361528,0.0,1.05e-08
8713.0,1.0063512730365665,0.0,0.454926047,0.0,0.0,0.0,1.0063512730365665,0.0,0.0,0.0,2.248708595264869,0.0,0.0,0.0,0.0,0.0,0.7464412105239646,0.0,1.05e-08
8714.0,0.9894046243256917,0.0,0.46970829,0.0,0.0,0.0,0.9894046243256917,0.0,0.0,0.0,2.248677964030997,0.0,0.0,0.0,0.0,0.0,0.8203426205447918,0.0,1.05e-08
8715.0,0.9634236174001114,0.0,0.481685508,0.0,0.0,0.0,0.9634236174001114,0.0,0.0,0.0,2.2486473332143744,0.0,0.0,0.0,0.0,0.0,0.8924708591419979,0.0,1.05e-08
8716.0,0.9280356572540518,0.0,0.490609991,0.0,0.0,0.0,0.9280356572540518,0.0,0.0,0.0,2.2486167028149957,0.0,0.0,0.0,0.0,0.0,0.9622441151514614,0.0,1.05e-08
8717.0,0.8921616105200002,0.0,0.491427953,0.0,0.0,0.0,0.8921616105200002,0.0,0.0,0.0,2.248586072832855,0.0,0.0,0.0,0.0,0.0,1.001269701910299,0.0,1.05e-08
8718.0,0.8619043264304552,0.0,0.484819198,0.0,0.0,0.0,0.8619043264304552,0.0,0.0,0.0,2.248555443267947,0.0,0.0,0.0,0.0,0.0,1.0060639988482354,0.0,1.05e-08
8719.0,0.8400753983335817,0.0,0.478207536,0.0,0.0,0.0,0.8400753983335817,0.0,0.0,0.0,2.248524814120265,0.0,0.0,0.0,0.0,0.0,1.0024187393626098,0.0,1.05e-08
8720.0,0.8288375903433529,0.0,0.468836529,0.0,0.0,0.0,0.8288375903433529,0.0,0.0,0.0,2.248494185389805,0.0,0.0,0.0,0.0,0.0,0.9775508313989814,0.0,1.05e-08
8721.0,0.8263793198454904,0.0,0.462474258,0.0,0.0,0.0,0.8263793198454904,0.0,0.0,0.0,2.2484635570765596,0.0,0.0,0.0,0.0,0.0,0.9554957972383943,0.0,1.05e-08
8722.0,0.8292979807240503,0.0,0.453658212,0.0,0.0,0.0,0.8292979807240503,0.0,0.0,0.0,2.2484329291805243,0.0,0.0,0.0,0.0,0.0,0.9186096393008588,0.0,1.05e-08
8723.0,0.8454180681002778,0.0,0.44328302,0.0,0.0,0.0,0.8454180681002778,0.0,0.0,0.0,2.248402301701693,0.0,0.0,0.0,0.0,0.0,0.8625147941084509,0.0,1.05e-08
8724.0,0.8690371653053508,0.0,0.434258213,0.0,0.0,0.0,0.8690371653053508,0.0,0.0,0.0,2.24837167464006,0.0,0.0,0.0,0.0,0.0,0.8041238609544361,0.0,1.05e-08
8725.0,0.8999646921351667,0.0,0.425813628,0.0,0.0,0.0,0.8999646921351667,0.0,0.0,0.0,2.24834104799562,0.0,0.0,0.0,0.0,0.0,0.7406600456170773,0.0,1.05e-08
8726.0,0.92673585743506,0.030316405,0.393154868,0.0,0.0,0.059506103711147576,0.8672297537239124,0.0,0.0,0.0,2.248310421768366,0.0,0.0,0.0,0.0,0.0,0.6475634792642015,0.0,1.05e-08
8727.0,0.9371064184290916,0.426823234,0.326042782,0.0,0.0,0.8377836233792038,0.09932279504988782,0.0,0.0,0.0,2.248279795958294,0.0,0.0,0.0,0.0,0.0,1.156893113837749,0.0,1.05e-08
8728.0,0.9337680528313845,0.567926991,0.285807789,0.0,0.0,1.114747029761806,0.0,0.0,0.18097897693042164,0.0,2.2482491705653973,0.0,0.0,0.0,0.0,2.220446049250313e-16,1.1011938041486866,0.0,1.0493136860403689e-08
8729.0,0.9279478618791281,0.571399529,0.293810931,0.0,0.0,1.121563049219552,0.0,0.0,0.19361518734042382,0.0,2.41109962482705,0.0,0.0,0.0,0.0,0.0,1.1320292492391006,0.0,1.0493279796713095e-08
8730.0,0.9181940098601701,0.538447557,0.321594335,0.0,0.0,1.0568837621035887,0.0,0.0,0.1386897522434186,0.0,2.5853204501576723,0.0,0.0,0.0,0.0,0.0,1.2390764100250506,0.0,1.0493422734969564e-08
8731.0,0.9101189767178011,0.523526933,0.334859324,0.0,0.0,1.0275970376658117,0.0,0.0,0.11747806094801075,0.0,2.7101060107171735,0.0,0.0,0.0,0.0,0.0,1.2901853169936444,0.0,1.0493565675173122e-08
8732.0,0.9058469822550521,0.541282508,0.329176558,0.0,0.0,1.0624483034211365,0.0,0.0,0.15660132116608447,0.0,2.8157993493193367,0.0,0.0,0.0,0.0,2.220446049250313e-16,1.2682900889751147,0.0,1.0493708617323793e-08
8733.0,0.9172925012542466,0.565011547,0.347687242,0.0,0.0,1.1090244939588956,0.0,0.0,0.1917319927046489,0.0,2.9567021823948165,0.0,0.0,0.0,0.0,0.0,1.339610225499995,0.0,1.0493851561421607e-08
8734.0,0.9489523699919623,0.506987209,0.429273129,0.0,0.0,0.9951322869244968,0.0,0.0,0.046179916932534544,0.0,3.129220700518883,0.0,0.0,0.0,0.0,1.1102230246251565e-16,1.6539539093608113,0.0,1.049399450746659e-08
8735.0,0.9805051711992834,0.192456641,0.489195292,0.0,0.0,0.37776064936608067,0.6027445218332026,0.0,0.0,0.0,3.1707400004525477,0.0,0.0,0.0,0.0,5.551115123125783e-17,1.2820845321752157,0.0,1.05e-08
8736.0,0.9910534642937703,0.002074793,0.517647773,0.0,0.0,0.004072476516828529,0.9869809877769418,0.0,0.0,0.0,3.1706968095834838,0.0,0.0,0.0,0.0,0.0,1.0074731254346676,0.0,1.05e-08
8737.0,0.9932205111089591,0.0,0.522225479,0.0,0.0,0.0,0.9932205111089591,0.0,0.0,0.0,3.170653619302753,0.0,0.0,0.0,0.0,0.0,1.01887112521583,0.0,1.05e-08
8738.0,0.974603608923927,0.0,0.516206284,0.0,0.0,0.0,0.9746036089239271,0.0,0.0,0.0,3.1706104296103472,0.0,0.0,0.0,0.0,0.0,1.0142965662333614,0.0,1.05e-08
8739.0,0.9434919259418322,0.0,0.509495786,0.0,0.0,0.0,0.9434919259418322,0.0,0.0,0.0,3.170567240506258,0.0,0.0,0.0,0.0,0.0,1.019553254688515,0.0,1.05e-08
8740.0,0.9043394714270946,0.0,0.512783182,0.0,0.0,0.0,0.9043394714270946,0.0,0.0,0.0,3.1705240519904785,0.0,0.0,0.0,0.0,0.0,1.071371774462178,0.0,1.05e-08
8741.0,0.8662791057223831,0.0,0.511774518,0.0,0.0,0.0,0.8662791057223831,0.0,0.0,0.0,3.1704808640629993,0.0,0.0,0.0,0.0,0.0,1.105545841087518,0.0,1.05e-08
8742.0,0.8379576025823744,0.0,0.507763829,0.0,0.0,0.0,0.8379576025823744,0.0,0.0,0.0,3.1704376767238136,0.0,0.0,0.0,0.0,0.0,1.1184144907814395,0.0,1.05e-08
8743.0,0.8183235588585924,0.0,0.501084373,0.0,0.0,0.0,0.8183235588585924,0.0,0.0,0.0,3.1703944899729124,0.0,0.0,0.0,0.0,0.0,1.1123131422403039,0.0,1.05e-08
8744.0,0.806815940691769,0.0,0.497983187,0.0,0.0,0.0,0.8068159406917691,0.0,0.0,0.0,3.1703513038102886,0.0,0.0,0.0,0.0,0.0,1.111872146897813,0.0,1.05e-08
8745.0,0.8052548960986141,0.0,0.499178316,0.0,0.0,0.0,0.8052548960986141,0.0,0.0,0.0,3.1703081182359334,0.0,0.0,0.0,0.0,0.0,1.118037924813888,0.0,1.05e-08
8746.0,0.8195419873544842,0.0,0.501165527,0.0,0.0,0.0,0.8195419873544842,0.0,0.0,0.0,3.170264933249839,0.0,0.0,0.0,0.0,0.0,1.1114073934033348,0.0,1.05e-08
8747.0,0.8506665184402264,0.0,0.499466451,0.0,0.0,0.0,0.8506665184402264,0.0,0.0,0.0,3.170221748851998,0.0,0.0,0.0,0.0,0.0,1.0737364628281867,0.0,1.05e-08
8748.0,0.8887632871052722,0.0,0.500347496,0.0,0.0,0.0,0.8887632871052722,0.0,0.0,0.0,3.1701785650424017,0.0,0.0,0.0,0.0,0.0,1.0390342877764598,0.0,1.05e-08
8749.0,0.9218600021008849,0.0,0.508479288,0.0,0.0,0.0,0.9218600021008849,0.0,0.0,0.0,3.1701353818210425,0.0,0.0,0.0,0.0,0.0,1.037268695695156,0.0,1.05e-08
8750.0,0.9502821487194646,0.045171337,0.489573686,0.0,0.0,0.08866388558581394,0.8616182631336506,0.0,0.0,0.0,3.1700921991879123,0.0,0.0,0.0,0.0,0.0,1.0246687117025552,0.0,1.05e-08
8751.0,0.9708669521131515,0.294649813,0.459935091,0.0,0.0,0.5783489939142928,0.39251795819885865,0.0,0.0,0.0,3.1700490171430022,0.0,0.0,0.0,0.0,0.0,1.3795739581616238,0.0,1.05e-08
8752.0,0.9787364155971627,0.431657072,0.507115041,0.0,0.0,0.8472716502528019,0.13146476534436083,0.0,0.0,0.0,3.1700058356863057,0.0,0.0,0.0,0.0,-1.1102230246251565e-16,1.822407601443401,0.0,1.05e-08
8753.0,0.979117576005368,0.46370601,0.524736964,0.0,0.0,0.9101784305409045,0.06893914546446338,0.0,0.0,0.0,3.169962654817814,0.0,0.0,0.0,0.0,1.1102230246251565e-16,1.9528290351241786,0.0,1.05e-08
8754.0,0.9735414990224115,0.443809602,0.525614577,0.0,0.0,0.8711250626390276,0.10241643638338391,0.0,0.0,0.0,3.169919474537519,0.0,0.0,0.0,0.0,0.0,1.92273311460605,0.0,1.05e-08
8755.0,0.9638775837289849,0.425151148,0.529964833,0.0,0.0,0.8345015942952816,0.12937598943370324,0.0,0.0,0.0,3.169876294845413,0.0,0.0,0.0,0.0,1.1102230246251565e-16,1.9125347386055995,0.0,1.05e-08
8756.0,0.9550166749135187,0.420059767,0.534293426,0.0,0.0,0.8245080529826172,0.13050862193090149,0.0,0.0,0.0,3.1698331157414876,0.0,0.0,0.0,0.0,0.0,1.9280798174085694,0.0,1.05e-08
8757.0,0.9586591122975467,0.416570925,0.529633261,0.0,0.0,0.8176600314614704,0.14099908083607643,0.0,0.0,0.0,3.1697899372257354,0.0,0.0,0.0,0.0,-1.1102230246251565e-16,1.8996341276740814,0.0,1.05e-08
8758.0,0.9762802864499082,0.364499742,0.54774422,0.0,0.0,0.7154528859915459,0.2608274004583623,0.0,0.0,0.0,3.1697467592981474,0.0,0.0,0.0,0.0,1.1102230246251565e-16,1.8495858371677651,0.0,1.05e-08
8759.0,0.9881926198816235,0.156817898,0.560517304,0.0,0.0,0.3078076738370582,0.6803849460445653,0.0,0.0,0.0,3.1697035819587165,0.0,0.0,0.0,0.0,5.551115123125783e-17,1.4792419292150374,0.0,1.05e-08
